k_s_per_km,P_k_mean_km_per_s,P_k_std,P_k_err,P_k_rescaled,P_k_rescaled_std,P_k_rescaled_err
0.000000e+00,1.411833e+02,2.400456e+02,2.400456e+00,7.621118e+01,1.560621e+02,1.560621e+00
2.136747e-03,1.239517e+02,1.143205e+02,1.143205e+00,7.061480e+01,6.284988e+01,6.284988e-01
4.273494e-03,7.854162e+01,7.712120e+01,7.712120e-01,4.481433e+01,4.484521e+01,4.484521e-01
6.410241e-03,6.176156e+01,6.011000e+01,6.011000e-01,3.507352e+01,3.404130e+01,3.404130e-01
8.546988e-03,5.205249e+01,5.012343e+01,5.012343e-01,3.007027e+01,2.893171e+01,2.893171e-01
1.068374e-02,4.174486e+01,4.182416e+01,4.182416e-01,2.446768e+01,2.470931e+01,2.470931e-01
1.282048e-02,3.830925e+01,3.753224e+01,3.753224e-01,2.203139e+01,2.174368e+01,2.174368e-01
1.495723e-02,3.300004e+01,3.293522e+01,3.293522e-01,1.925384e+01,1.950806e+01,1.950806e-01
1.709398e-02,2.985204e+01,2.971153e+01,2.971153e-01,1.755105e+01,1.777382e+01,1.777382e-01
1.923072e-02,2.701866e+01,2.698946e+01,2.698946e-01,1.598688e+01,1.611831e+01,1.611831e-01
2.136747e-02,2.333092e+01,2.331265e+01,2.331265e-01,1.392213e+01,1.416109e+01,1.416109e-01
2.350422e-02,2.160835e+01,2.174625e+01,2.174625e-01,1.296776e+01,1.288710e+01,1.288710e-01
2.564097e-02,1.894259e+01,1.933678e+01,1.933678e-01,1.139202e+01,1.160856e+01,1.160856e-01
2.777771e-02,1.643379e+01,1.729256e+01,1.729256e-01,9.935996e+00,1.047692e+01,1.047692e-01
2.991446e-02,1.460404e+01,1.476911e+01,1.476911e-01,8.912654e+00,9.127262e+00,9.127262e-02
3.205121e-02,1.361705e+01,1.397177e+01,1.397177e-01,8.329274e+00,8.527328e+00,8.527328e-02
3.418795e-02,1.214286e+01,1.247026e+01,1.247026e-01,7.434428e+00,7.585657e+00,7.585657e-02
3.632470e-02,1.100517e+01,1.139029e+01,1.139029e-01,6.757803e+00,6.881843e+00,6.881843e-02
3.846145e-02,9.595426e+00,9.892088e+00,9.892088e-02,5.980241e+00,6.119725e+00,6.119725e-02
4.059819e-02,8.809378e+00,9.163579e+00,9.163579e-02,5.449048e+00,5.603879e+00,5.603879e-02
4.273494e-02,8.025945e+00,8.421613e+00,8.421613e-02,5.006675e+00,5.148330e+00,5.148330e-02
4.487169e-02,7.247276e+00,7.484402e+00,7.484402e-02,4.531082e+00,4.616919e+00,4.616919e-02
4.700844e-02,6.540899e+00,6.889868e+00,6.889868e-02,4.112515e+00,4.226178e+00,4.226178e-02
4.914518e-02,6.002976e+00,6.380067e+00,6.380067e-02,3.782519e+00,3.916756e+00,3.916756e-02
5.128193e-02,5.303547e+00,5.529146e+00,5.529146e-02,3.342455e+00,3.445008e+00,3.445008e-02
5.341868e-02,4.868739e+00,5.157633e+00,5.157633e-02,3.094671e+00,3.214112e+00,3.214112e-02
5.555542e-02,4.464533e+00,4.772482e+00,4.772482e-02,2.845947e+00,2.937811e+00,2.937811e-02
5.769217e-02,3.950375e+00,4.213104e+00,4.213104e-02,2.532363e+00,2.624552e+00,2.624552e-02
5.982892e-02,3.681590e+00,3.834711e+00,3.834711e-02,2.367795e+00,2.464344e+00,2.464344e-02
6.196567e-02,3.366779e+00,3.547630e+00,3.547630e-02,2.181873e+00,2.273064e+00,2.273064e-02
6.410241e-02,3.067563e+00,3.295989e+00,3.295989e-02,1.952148e+00,2.019389e+00,2.019389e-02
6.623916e-02,2.745368e+00,2.901745e+00,2.901745e-02,1.786074e+00,1.856194e+00,1.856194e-02
6.837591e-02,2.525391e+00,2.701162e+00,2.701162e-02,1.645934e+00,1.727267e+00,1.727267e-02
7.051265e-02,2.218679e+00,2.353722e+00,2.353722e-02,1.464400e+00,1.514176e+00,1.514176e-02
7.264940e-02,2.090650e+00,2.231980e+00,2.231980e-02,1.363854e+00,1.424334e+00,1.424334e-02
7.478615e-02,1.900776e+00,2.082424e+00,2.082424e-02,1.244442e+00,1.306920e+00,1.306920e-02
7.692290e-02,1.739229e+00,1.858234e+00,1.858234e-02,1.140917e+00,1.176200e+00,1.176200e-02
7.905964e-02,1.574100e+00,1.688043e+00,1.688043e-02,1.047058e+00,1.095949e+00,1.095949e-02
8.119639e-02,1.418327e+00,1.514262e+00,1.514262e-02,9.342048e-01,9.684017e-01,9.684017e-03
8.333314e-02,1.302735e+00,1.399230e+00,1.399230e-02,8.591288e-01,8.994488e-01,8.994488e-03
8.546988e-02,1.173449e+00,1.256921e+00,1.256921e-02,7.790554e-01,8.113085e-01,8.113085e-03
8.760663e-02,1.077603e+00,1.149535e+00,1.149535e-02,7.187337e-01,7.481863e-01,7.481863e-03
8.974338e-02,9.779411e-01,1.042334e+00,1.042334e-02,6.498527e-01,6.840500e-01,6.840500e-03
9.188012e-02,9.036759e-01,9.536529e-01,9.536529e-03,5.992931e-01,6.176478e-01,6.176478e-03
9.401687e-02,8.208904e-01,8.786085e-01,8.786085e-03,5.429808e-01,5.743046e-01,5.743046e-03
9.615362e-02,7.665136e-01,8.434941e-01,8.434941e-03,5.032059e-01,5.314228e-01,5.314228e-03
9.829037e-02,6.993014e-01,7.497687e-01,7.497687e-03,4.658702e-01,4.890954e-01,4.890954e-03
1.004271e-01,6.423914e-01,6.729760e-01,6.729760e-03,4.310854e-01,4.540324e-01,4.540324e-03
1.025639e-01,6.000890e-01,6.471075e-01,6.471075e-03,3.941479e-01,4.137704e-01,4.137704e-03
1.047006e-01,5.466502e-01,5.701004e-01,5.701004e-03,3.540220e-01,3.637947e-01,3.637947e-03
1.068374e-01,5.030465e-01,5.403200e-01,5.403200e-03,3.311590e-01,3.493260e-01,3.493260e-03
1.089741e-01,4.818238e-01,5.120653e-01,5.120653e-03,3.081848e-01,3.235570e-01,3.235570e-03
1.111108e-01,4.357339e-01,4.591012e-01,4.591012e-03,2.738654e-01,2.863892e-01,2.863892e-03
1.132476e-01,4.151078e-01,4.496780e-01,4.496780e-03,2.607983e-01,2.760227e-01,2.760227e-03
1.153843e-01,3.739925e-01,3.843393e-01,3.843393e-03,2.384657e-01,2.470544e-01,2.470544e-03
1.175211e-01,3.561726e-01,3.800976e-01,3.800976e-03,2.222834e-01,2.311983e-01,2.311983e-03
1.196578e-01,3.267961e-01,3.415491e-01,3.415491e-03,1.992613e-01,2.054135e-01,2.054135e-03
1.217946e-01,3.133088e-01,3.248119e-01,3.248119e-03,1.891004e-01,1.953268e-01,1.953268e-03
1.239313e-01,2.881477e-01,2.989029e-01,2.989029e-03,1.750659e-01,1.813414e-01,1.813414e-03
1.260681e-01,2.785222e-01,2.934666e-01,2.934666e-03,1.628418e-01,1.694848e-01,1.694848e-03
1.282048e-01,2.611038e-01,2.833495e-01,2.833495e-03,1.502365e-01,1.578864e-01,1.578864e-03
1.303416e-01,2.466192e-01,2.611225e-01,2.611225e-03,1.414507e-01,1.461275e-01,1.461275e-03
1.324783e-01,2.344948e-01,2.490506e-01,2.490506e-03,1.301217e-01,1.377554e-01,1.377554e-03
1.346151e-01,2.219084e-01,2.367110e-01,2.367110e-03,1.210060e-01,1.266194e-01,1.266194e-03
1.367518e-01,2.126534e-01,2.268146e-01,2.268146e-03,1.155727e-01,1.213480e-01,1.213480e-03
1.388886e-01,2.026057e-01,2.145472e-01,2.145472e-03,1.074457e-01,1.111217e-01,1.111217e-03
1.410253e-01,1.946186e-01,2.098513e-01,2.098513e-03,1.007153e-01,1.038360e-01,1.038360e-03
1.431621e-01,1.874284e-01,2.047680e-01,2.047680e-03,9.422185e-02,9.851599e-02,9.851599e-04
1.452988e-01,1.799099e-01,1.984451e-01,1.984451e-03,8.814194e-02,9.277747e-02,9.277747e-04
1.474355e-01,1.742934e-01,1.967399e-01,1.967399e-03,8.471694e-02,9.030433e-02,9.030433e-04
1.495723e-01,1.707799e-01,1.883331e-01,1.883331e-03,8.025661e-02,8.537925e-02,8.537925e-04
1.517090e-01,1.590424e-01,1.723486e-01,1.723486e-03,7.316680e-02,7.635407e-02,7.635407e-04
1.538458e-01,1.547766e-01,1.718851e-01,1.718851e-03,7.020577e-02,7.346644e-02,7.346644e-04
1.559825e-01,1.518244e-01,1.669573e-01,1.669573e-03,6.754863e-02,7.207587e-02,7.207587e-04
1.581193e-01,1.460262e-01,1.622704e-01,1.622704e-03,6.289755e-02,6.661929e-02,6.661929e-04
1.602560e-01,1.414554e-01,1.580796e-01,1.580796e-03,5.990749e-02,6.295433e-02,6.295433e-04
1.623928e-01,1.392557e-01,1.581713e-01,1.581713e-03,5.821483e-02,6.199683e-02,6.199683e-04
1.645295e-01,1.322678e-01,1.478514e-01,1.478514e-03,5.396990e-02,5.747883e-02,5.747883e-04
1.666663e-01,1.283705e-01,1.451789e-01,1.451789e-03,5.146041e-02,5.569754e-02,5.569754e-04
1.688030e-01,1.241931e-01,1.421116e-01,1.421116e-03,4.878396e-02,5.315789e-02,5.315789e-04
1.709398e-01,1.202100e-01,1.366491e-01,1.366491e-03,4.617830e-02,5.096365e-02,5.096365e-04
1.730765e-01,1.129505e-01,1.259476e-01,1.259476e-03,4.400944e-02,4.799285e-02,4.799285e-04
1.752133e-01,1.095950e-01,1.223315e-01,1.223315e-03,4.190685e-02,4.552719e-02,4.552719e-04
1.773500e-01,1.056917e-01,1.191948e-01,1.191948e-03,3.992434e-02,4.301286e-02,4.301286e-04
1.794868e-01,1.004870e-01,1.112798e-01,1.112798e-03,3.755418e-02,4.129529e-02,4.129529e-04
1.816235e-01,9.667805e-02,1.057259e-01,1.057259e-03,3.504386e-02,3.809689e-02,3.809689e-04
1.837602e-01,9.428244e-02,1.062177e-01,1.062177e-03,3.440110e-02,3.692171e-02,3.692171e-04
1.858970e-01,8.663890e-02,9.383761e-02,9.383761e-04,3.177357e-02,3.408838e-02,3.408838e-04
1.880337e-01,8.285297e-02,9.068477e-02,9.068477e-04,2.973522e-02,3.223392e-02,3.223392e-04
1.901705e-01,7.944836e-02,8.757083e-02,8.757083e-04,2.879281e-02,3.099116e-02,3.099116e-04
1.923072e-01,7.390976e-02,8.056813e-02,8.056813e-04,2.667397e-02,2.846602e-02,2.846602e-04
1.944440e-01,7.053894e-02,7.760816e-02,7.760816e-04,2.552801e-02,2.756533e-02,2.756533e-04
1.965807e-01,6.643588e-02,7.155250e-02,7.155250e-04,2.391094e-02,2.591900e-02,2.591900e-04
1.987175e-01,6.355860e-02,6.769297e-02,6.769297e-04,2.292710e-02,2.448828e-02,2.448828e-04
2.008542e-01,5.869242e-02,6.264412e-02,6.264412e-04,2.097659e-02,2.276037e-02,2.276037e-04
2.029910e-01,5.586043e-02,6.055368e-02,6.055368e-04,1.996633e-02,2.125860e-02,2.125860e-04
2.051277e-01,5.255608e-02,5.616640e-02,5.616640e-04,1.834327e-02,1.988786e-02,1.988786e-04
2.072645e-01,4.921089e-02,5.216764e-02,5.216764e-04,1.730873e-02,1.841524e-02,1.841524e-04
2.094012e-01,4.589817e-02,4.907993e-02,4.907993e-04,1.637158e-02,1.769996e-02,1.769996e-04
2.115380e-01,4.247542e-02,4.526284e-02,4.526284e-04,1.494412e-02,1.610178e-02,1.610178e-04
2.136747e-01,4.047012e-02,4.347857e-02,4.347857e-04,1.407640e-02,1.511590e-02,1.511590e-04
2.158115e-01,3.771721e-02,3.972748e-02,3.972748e-04,1.315474e-02,1.387350e-02,1.387350e-04
2.179482e-01,3.503181e-02,3.782681e-02,3.782681e-04,1.233131e-02,1.319179e-02,1.319179e-04
2.200850e-01,3.262734e-02,3.485584e-02,3.485584e-04,1.148323e-02,1.235191e-02,1.235191e-04
2.222217e-01,3.094907e-02,3.290837e-02,3.290837e-04,1.092503e-02,1.177341e-02,1.177341e-04
2.243584e-01,2.878970e-02,3.130946e-02,3.130946e-04,1.000897e-02,1.055096e-02,1.055096e-04
2.264952e-01,2.638003e-02,2.736758e-02,2.736758e-04,9.263449e-03,9.735797e-03,9.735797e-05
2.286319e-01,2.490797e-02,2.630334e-02,2.630334e-04,8.731311e-03,8.944773e-03,8.944773e-05
2.307687e-01,2.287490e-02,2.395084e-02,2.395084e-04,8.143193e-03,8.538308e-03,8.538308e-05
2.329054e-01,2.107076e-02,2.217558e-02,2.217558e-04,7.476628e-03,7.681066e-03,7.681066e-05
2.350422e-01,1.977261e-02,2.067199e-02,2.067199e-04,6.947403e-03,7.393133e-03,7.393133e-05
2.371789e-01,1.836499e-02,1.933895e-02,1.933895e-04,6.540584e-03,7.050275e-03,7.050275e-05
2.393157e-01,1.721888e-02,1.786916e-02,1.786916e-04,6.154098e-03,6.528647e-03,6.528647e-05
2.414524e-01,1.590201e-02,1.682272e-02,1.682272e-04,5.565331e-03,5.868928e-03,5.868928e-05
2.435892e-01,1.475388e-02,1.588740e-02,1.588740e-04,5.201385e-03,5.536435e-03,5.536435e-05
2.457259e-01,1.398676e-02,1.453543e-02,1.453543e-04,4.872842e-03,5.125236e-03,5.125236e-05
2.478627e-01,1.299561e-02,1.376058e-02,1.376058e-04,4.494974e-03,4.866212e-03,4.866212e-05
2.499994e-01,1.192081e-02,1.241768e-02,1.241768e-04,4.132485e-03,4.455916e-03,4.455916e-05
2.521362e-01,1.123320e-02,1.167571e-02,1.167571e-04,3.877295e-03,4.076355e-03,4.076355e-05
2.542729e-01,1.039592e-02,1.101584e-02,1.101584e-04,3.630839e-03,3.884882e-03,3.884882e-05
2.564097e-01,9.649518e-03,1.014385e-02,1.014385e-04,3.431537e-03,3.673668e-03,3.673668e-05
2.585464e-01,9.085075e-03,9.668880e-03,9.668880e-05,3.152893e-03,3.343217e-03,3.343217e-05
2.606831e-01,8.473862e-03,8.778825e-03,8.778825e-05,2.930870e-03,3.132029e-03,3.132029e-05
2.628199e-01,7.773084e-03,8.265428e-03,8.265428e-05,2.700699e-03,2.945238e-03,2.945238e-05
2.649566e-01,7.302537e-03,7.720610e-03,7.720610e-05,2.503635e-03,2.715782e-03,2.715782e-05
2.670934e-01,6.864700e-03,7.242342e-03,7.242342e-05,2.350762e-03,2.538974e-03,2.538974e-05
2.692301e-01,6.218977e-03,6.527937e-03,6.527937e-05,2.148178e-03,2.338288e-03,2.338288e-05
2.713669e-01,5.920688e-03,6.359989e-03,6.359989e-05,1.991840e-03,2.127161e-03,2.127161e-05
2.735036e-01,5.696210e-03,6.162906e-03,6.162906e-05,1.906899e-03,2.076678e-03,2.076678e-05
2.756404e-01,5.262761e-03,5.515295e-03,5.515295e-05,1.759278e-03,1.958825e-03,1.958825e-05
2.777771e-01,4.793316e-03,5.000693e-03,5.000693e-05,1.631792e-03,1.759707e-03,1.759707e-05
2.799139e-01,4.625662e-03,4.925951e-03,4.925951e-05,1.509425e-03,1.613257e-03,1.613257e-05
2.820506e-01,4.278152e-03,4.555637e-03,4.555637e-05,1.402979e-03,1.561772e-03,1.561772e-05
2.841874e-01,3.995797e-03,4.194926e-03,4.194926e-05,1.339056e-03,1.467840e-03,1.467840e-05
2.863241e-01,3.781047e-03,4.009571e-03,4.009571e-05,1.229699e-03,1.371890e-03,1.371890e-05
2.884609e-01,3.557307e-03,3.837944e-03,3.837944e-05,1.158642e-03,1.280846e-03,1.280846e-05
2.905976e-01,3.319860e-03,3.607684e-03,3.607684e-05,1.077072e-03,1.169816e-03,1.169816e-05
2.927344e-01,3.149349e-03,3.361061e-03,3.361061e-05,9.945966e-04,1.098117e-03,1.098117e-05
2.948711e-01,2.927392e-03,3.148483e-03,3.148483e-05,9.270020e-04,1.015038e-03,1.015038e-05
2.970078e-01,2.694988e-03,2.915665e-03,2.915665e-05,8.761254e-04,9.824089e-04,9.824089e-06
2.991446e-01,2.599771e-03,2.842006e-03,2.842006e-05,8.140100e-04,8.844821e-04,8.844821e-06
3.012813e-01,2.444116e-03,2.603395e-03,2.603395e-05,7.665644e-04,8.504741e-04,8.504741e-06
3.034181e-01,2.302602e-03,2.458783e-03,2.458783e-05,7.119623e-04,7.863355e-04,7.863355e-06
3.055548e-01,2.145318e-03,2.313269e-03,2.313269e-05,6.697112e-04,7.359052e-04,7.359052e-06
3.076916e-01,2.017081e-03,2.165653e-03,2.165653e-05,6.377412e-04,7.055944e-04,7.055944e-06
3.098283e-01,1.888529e-03,2.064701e-03,2.064701e-05,5.877519e-04,6.549842e-04,6.549842e-06
3.119651e-01,1.793490e-03,1.943221e-03,1.943221e-05,5.548933e-04,6.024866e-04,6.024866e-06
3.141018e-01,1.683144e-03,1.812905e-03,1.812905e-05,5.146130e-04,5.646849e-04,5.646849e-06
3.162386e-01,1.568300e-03,1.641862e-03,1.641862e-05,4.765151e-04,5.412422e-04,5.412422e-06
3.183753e-01,1.504758e-03,1.652087e-03,1.652087e-05,4.559543e-04,5.003521e-04,5.003521e-06
3.205121e-01,1.380419e-03,1.492990e-03,1.492990e-05,4.177151e-04,4.744138e-04,4.744138e-06
3.226488e-01,1.348336e-03,1.473229e-03,1.473229e-05,3.987399e-04,4.546098e-04,4.546098e-06
3.247856e-01,1.247749e-03,1.352990e-03,1.352990e-05,3.741433e-04,4.284543e-04,4.284543e-06
3.269223e-01,1.191491e-03,1.314799e-03,1.314799e-05,3.455593e-04,4.002476e-04,4.002476e-06
3.290591e-01,1.117627e-03,1.220865e-03,1.220865e-05,3.244173e-04,3.736321e-04,3.736321e-06
3.311958e-01,1.047249e-03,1.134465e-03,1.134465e-05,3.063962e-04,3.676210e-04,3.676210e-06
3.333325e-01,9.964619e-04,1.099888e-03,1.099888e-05,2.852815e-04,3.309297e-04,3.309297e-06
3.354693e-01,9.227286e-04,1.017736e-03,1.017736e-05,2.674320e-04,3.149925e-04,3.149925e-06
3.376060e-01,8.789308e-04,9.646287e-04,9.646287e-06,2.534914e-04,2.974768e-04,2.974768e-06
3.397428e-01,8.245378e-04,9.145183e-04,9.145183e-06,2.307882e-04,2.745737e-04,2.745737e-06
3.418795e-01,7.853896e-04,8.679885e-04,8.679885e-06,2.215911e-04,2.556997e-04,2.556997e-06
3.440163e-01,7.446293e-04,8.337490e-04,8.337490e-06,2.039215e-04,2.390709e-04,2.390709e-06
3.461530e-01,7.043691e-04,7.707351e-04,7.707351e-06,1.905084e-04,2.215944e-04,2.215944e-06
3.482898e-01,6.506620e-04,7.372958e-04,7.372958e-06,1.762204e-04,2.055599e-04,2.055599e-06
3.504265e-01,6.138082e-04,6.887300e-04,6.887300e-06,1.686676e-04,2.010883e-04,2.010883e-06
3.525633e-01,5.793391e-04,6.449983e-04,6.449983e-06,1.591499e-04,1.947482e-04,1.947482e-06
3.547000e-01,5.516359e-04,5.965108e-04,5.965108e-06,1.480982e-04,1.754298e-04,1.754298e-06
3.568368e-01,5.164741e-04,5.874131e-04,5.874131e-06,1.403088e-04,1.675568e-04,1.675568e-06
3.589735e-01,4.854754e-04,5.397587e-04,5.397587e-06,1.320817e-04,1.630414e-04,1.630414e-06
3.611103e-01,4.555401e-04,5.226051e-04,5.226051e-06,1.216003e-04,1.485908e-04,1.485908e-06
3.632470e-01,4.293782e-04,4.768923e-04,4.768923e-06,1.135438e-04,1.393478e-04,1.393478e-06
3.653838e-01,4.064685e-04,4.627555e-04,4.627555e-06,1.083991e-04,1.354516e-04,1.354516e-06
3.675205e-01,3.787969e-04,4.289159e-04,4.289159e-06,1.029778e-04,1.305570e-04,1.305570e-06
3.696572e-01,3.532634e-04,3.965880e-04,3.965880e-06,9.600626e-05,1.214356e-04,1.214356e-06
3.717940e-01,3.401164e-04,3.812995e-04,3.812995e-06,9.092240e-05,1.159531e-04,1.159531e-06
3.739307e-01,3.206588e-04,3.599792e-04,3.599792e-06,8.411927e-05,1.093597e-04,1.093597e-06
3.760675e-01,3.055740e-04,3.444468e-04,3.444468e-06,7.877421e-05,1.031247e-04,1.031247e-06
3.782042e-01,2.839936e-04,3.263695e-04,3.263695e-06,7.447538e-05,9.892174e-05,9.892174e-07
3.803410e-01,2.660938e-04,2.980431e-04,2.980431e-06,7.068786e-05,9.595141e-05,9.595141e-07
3.824777e-01,2.482497e-04,2.832630e-04,2.832630e-06,6.763523e-05,9.216258e-05,9.216258e-07
3.846145e-01,2.399687e-04,2.720884e-04,2.720884e-06,6.310520e-05,8.505030e-05,8.505030e-07
3.867512e-01,2.210227e-04,2.494226e-04,2.494226e-06,5.939545e-05,8.378475e-05,8.378475e-07
3.888880e-01,2.077800e-04,2.350316e-04,2.350316e-06,5.518363e-05,7.792359e-05,7.792359e-07
3.910247e-01,1.987280e-04,2.279612e-04,2.279612e-06,5.145224e-05,7.253292e-05,7.253292e-07
3.931615e-01,1.872546e-04,2.149726e-04,2.149726e-06,4.744592e-05,6.585282e-05,6.585282e-07
3.952982e-01,1.763848e-04,2.036313e-04,2.036313e-06,4.454284e-05,6.118204e-05,6.118204e-07
3.974350e-01,1.629467e-04,1.903312e-04,1.903312e-06,4.249739e-05,6.088411e-05,6.088411e-07
3.995717e-01,1.558057e-04,1.769698e-04,1.769698e-06,4.006261e-05,5.731181e-05,5.731181e-07
4.017085e-01,1.455549e-04,1.718674e-04,1.718674e-06,3.734328e-05,5.286598e-05,5.286598e-07
4.038452e-01,1.392599e-04,1.589021e-04,1.589021e-06,3.547032e-05,5.174608e-05,5.174608e-07
4.059819e-01,1.306967e-04,1.568239e-04,1.568239e-06,3.296431e-05,4.826767e-05,4.826767e-07
4.081187e-01,1.232506e-04,1.429998e-04,1.429998e-06,3.102864e-05,4.508064e-05,4.508064e-07
4.102554e-01,1.181103e-04,1.383193e-04,1.383193e-06,3.026582e-05,4.666599e-05,4.666599e-07
4.123922e-01,1.077833e-04,1.261073e-04,1.261073e-06,2.822602e-05,4.386494e-05,4.386494e-07
4.145289e-01,1.033394e-04,1.222644e-04,1.222644e-06,2.642780e-05,4.168163e-05,4.168163e-07
4.166657e-01,9.579615e-05,1.127620e-04,1.127620e-06,2.488111e-05,3.853807e-05,3.853807e-07
4.188024e-01,9.050056e-05,1.060613e-04,1.060613e-06,2.362510e-05,3.815926e-05,3.815926e-07
4.209392e-01,8.611189e-05,1.025768e-04,1.025768e-06,2.219414e-05,3.674461e-05,3.674461e-07
4.230759e-01,8.035370e-05,9.485128e-05,9.485128e-07,2.072955e-05,3.330110e-05,3.330110e-07
4.252127e-01,7.714779e-05,9.125254e-05,9.125254e-07,1.993136e-05,3.423115e-05,3.423115e-07
4.273494e-01,7.193652e-05,8.522418e-05,8.522418e-07,1.864171e-05,3.225372e-05,3.225372e-07
4.294862e-01,6.766822e-05,8.205088e-05,8.205088e-07,1.725094e-05,2.981808e-05,2.981808e-07
4.316229e-01,6.459485e-05,7.793506e-05,7.793506e-07,1.669535e-05,2.998132e-05,2.998132e-07
4.337597e-01,5.989042e-05,7.174012e-05,7.174012e-07,1.582750e-05,2.989945e-05,2.989945e-07
4.358964e-01,5.608260e-05,6.655336e-05,6.655336e-07,1.459821e-05,2.601706e-05,2.601706e-07
4.380332e-01,5.343895e-05,6.430078e-05,6.430078e-07,1.396622e-05,2.527472e-05,2.527472e-07
4.401699e-01,5.030866e-05,6.140637e-05,6.140637e-07,1.312316e-05,2.466895e-05,2.466895e-07
4.423066e-01,4.845485e-05,6.025013e-05,6.025013e-07,1.231224e-05,2.380820e-05,2.380820e-07
4.444434e-01,4.643360e-05,5.692821e-05,5.692821e-07,1.166566e-05,2.128713e-05,2.128713e-07
4.465801e-01,4.326771e-05,5.353077e-05,5.353077e-07,1.105724e-05,2.092163e-05,2.092163e-07
4.487169e-01,4.062606e-05,5.068180e-05,5.068180e-07,1.035509e-05,2.023854e-05,2.023854e-07
4.508536e-01,3.820639e-05,4.888503e-05,4.888503e-07,9.959255e-06,1.973866e-05,1.973866e-07
4.529904e-01,3.658653e-05,4.574698e-05,4.574698e-07,9.115821e-06,1.822291e-05,1.822291e-07
4.551271e-01,3.427003e-05,4.528615e-05,4.528615e-07,8.735393e-06,1.769752e-05,1.769752e-07
4.572639e-01,3.260395e-05,4.361985e-05,4.361985e-07,8.339618e-06,1.712581e-05,1.712581e-07
4.594006e-01,3.111373e-05,4.036366e-05,4.036366e-07,7.910128e-06,1.690217e-05,1.690217e-07
4.615374e-01,2.877185e-05,3.641868e-05,3.641868e-07,7.342818e-06,1.559279e-05,1.559279e-07
4.636741e-01,2.739958e-05,3.593671e-05,3.593671e-07,7.155545e-06,1.627451e-05,1.627451e-07
4.658109e-01,2.541056e-05,3.387913e-05,3.387913e-07,6.744111e-06,1.534456e-05,1.534456e-07
4.679476e-01,2.413497e-05,3.162101e-05,3.162101e-07,6.354875e-06,1.420716e-05,1.420716e-07
4.700844e-01,2.235143e-05,2.995825e-05,2.995825e-07,5.959084e-06,1.439826e-05,1.439826e-07
4.722211e-01,2.146385e-05,2.787097e-05,2.787097e-07,5.736036e-06,1.439062e-05,1.439062e-07
4.743579e-01,2.048270e-05,2.709801e-05,2.709801e-07,5.394064e-06,1.304929e-05,1.304929e-07
4.764946e-01,1.899096e-05,2.449251e-05,2.449251e-07,5.073448e-06,1.257647e-05,1.257647e-07
4.786313e-01,1.804186e-05,2.419442e-05,2.419442e-07,4.944120e-06,1.301181e-05,1.301181e-07
4.807681e-01,1.709904e-05,2.285604e-05,2.285604e-07,4.624200e-06,1.160632e-05,1.160632e-07
4.829048e-01,1.622362e-05,2.189783e-05,2.189783e-07,4.351278e-06,1.096047e-05,1.096047e-07
4.850416e-01,1.526805e-05,2.119173e-05,2.119173e-07,4.234906e-06,1.127176e-05,1.127176e-07
4.871783e-01,1.446502e-05,1.975251e-05,1.975251e-07,3.996390e-06,1.084013e-05,1.084013e-07
4.893151e-01,1.353391e-05,1.873071e-05,1.873071e-07,3.771316e-06,9.798898e-06,9.798898e-08
4.914518e-01,1.296841e-05,1.815285e-05,1.815285e-07,3.590800e-06,9.931625e-06,9.931625e-08
4.935886e-01,1.236791e-05,1.786993e-05,1.786993e-07,3.434374e-06,1.005478e-05,1.005478e-07
4.957253e-01,1.142006e-05,1.585684e-05,1.585684e-07,3.266160e-06,9.167657e-06,9.167657e-08
4.978621e-01,1.086959e-05,1.578045e-05,1.578045e-07,3.084586e-06,8.846440e-06,8.846440e-08
4.999988e-01,1.036564e-05,1.584504e-05,1.584504e-07,2.905970e-06,8.516902e-06,8.516902e-08
5.021356e-01,9.840151e-06,1.481438e-05,1.481438e-07,2.765810e-06,8.168958e-06,8.168958e-08
5.042723e-01,9.376723e-06,1.429964e-05,1.429964e-07,2.639349e-06,7.916384e-06,7.916384e-08
5.064091e-01,8.853729e-06,1.305317e-05,1.305317e-07,2.540810e-06,7.448265e-06,7.448265e-08
5.085458e-01,8.364360e-06,1.338062e-05,1.338062e-07,2.429657e-06,8.007091e-06,8.007091e-08
5.106826e-01,7.974958e-06,1.274925e-05,1.274925e-07,2.303757e-06,7.265967e-06,7.265967e-08
5.128193e-01,7.470191e-06,1.153472e-05,1.153472e-07,2.175936e-06,7.010738e-06,7.010738e-08
5.149560e-01,7.138894e-06,1.086907e-05,1.086907e-07,2.108470e-06,7.027042e-06,7.027042e-08
5.170928e-01,6.879217e-06,1.109507e-05,1.109507e-07,1.966438e-06,6.528945e-06,6.528945e-08
5.192295e-01,6.407732e-06,1.007780e-05,1.007780e-07,1.897477e-06,6.518017e-06,6.518017e-08
5.213663e-01,6.112579e-06,9.837246e-06,9.837246e-08,1.813428e-06,6.343711e-06,6.343711e-08
5.235030e-01,5.763780e-06,9.161110e-06,9.161110e-08,1.734385e-06,6.459103e-06,6.459103e-08
5.256398e-01,5.515843e-06,9.381006e-06,9.381006e-08,1.628929e-06,5.877401e-06,5.877401e-08
5.277765e-01,5.210103e-06,8.545244e-06,8.545244e-08,1.562847e-06,5.704104e-06,5.704104e-08
5.299133e-01,4.951306e-06,8.378816e-06,8.378816e-08,1.506129e-06,5.763812e-06,5.763812e-08
5.320500e-01,4.615998e-06,8.149785e-06,8.149785e-08,1.445281e-06,5.530475e-06,5.530475e-08
5.341868e-01,4.405316e-06,7.179065e-06,7.179065e-08,1.334701e-06,5.142731e-06,5.142731e-08
5.363235e-01,4.202149e-06,6.924686e-06,6.924686e-08,1.313073e-06,5.038450e-06,5.038450e-08
5.384603e-01,3.912813e-06,7.010370e-06,7.010370e-08,1.254444e-06,5.029865e-06,5.029865e-08
5.405970e-01,3.767342e-06,6.662408e-06,6.662408e-08,1.174871e-06,4.593176e-06,4.593176e-08
5.427338e-01,3.516853e-06,6.070571e-06,6.070571e-08,1.133123e-06,4.619448e-06,4.619448e-08
5.448705e-01,3.351141e-06,6.298958e-06,6.298958e-08,1.075452e-06,4.400013e-06,4.400013e-08
5.470073e-01,3.155985e-06,5.864958e-06,5.864958e-08,1.065089e-06,4.572340e-06,4.572340e-08
5.491440e-01,2.986273e-06,5.789459e-06,5.789459e-08,1.001749e-06,4.063679e-06,4.063679e-08
5.512807e-01,2.869401e-06,5.645354e-06,5.645354e-08,9.571751e-07,4.039236e-06,4.039236e-08
5.534175e-01,2.749915e-06,5.405822e-06,5.405822e-08,9.402310e-07,4.219908e-06,4.219908e-08
5.555542e-01,2.618552e-06,5.367553e-06,5.367553e-08,8.754106e-07,3.742192e-06,3.742192e-08
5.576910e-01,2.420774e-06,4.572211e-06,4.572211e-08,8.342573e-07,3.668960e-06,3.668960e-08
5.598277e-01,2.318001e-06,4.539139e-06,4.539139e-08,8.070829e-07,3.734555e-06,3.734555e-08
5.619645e-01,2.198223e-06,4.517541e-06,4.517541e-08,7.725494e-07,3.616390e-06,3.616390e-08
5.641012e-01,2.131148e-06,4.459208e-06,4.459208e-08,7.473643e-07,3.361773e-06,3.361773e-08
5.662380e-01,1.994538e-06,4.191058e-06,4.191058e-08,7.245098e-07,3.413572e-06,3.413572e-08
5.683747e-01,1.924858e-06,4.137617e-06,4.137617e-08,6.962995e-07,3.416302e-06,3.416302e-08
5.705115e-01,1.795910e-06,3.821961e-06,3.821961e-08,6.606208e-07,3.221305e-06,3.221305e-08
5.726482e-01,1.701233e-06,3.686807e-06,3.686807e-08,6.208917e-07,3.023953e-06,3.023953e-08
5.747850e-01,1.630333e-06,3.574933e-06,3.574933e-08,6.066658e-07,3.058636e-06,3.058636e-08
5.769217e-01,1.566719e-06,3.439690e-06,3.439690e-08,5.905931e-07,3.039497e-06,3.039497e-08
5.790585e-01,1.455313e-06,3.294506e-06,3.294506e-08,5.467964e-07,2.724699e-06,2.724699e-08
5.811952e-01,1.387682e-06,3.184778e-06,3.184778e-08,5.327822e-07,2.826357e-06,2.826357e-08
5.833320e-01,1.325705e-06,3.193862e-06,3.193862e-08,5.129503e-07,2.797886e-06,2.797886e-08
5.854687e-01,1.263822e-06,3.060933e-06,3.060933e-08,4.798949e-07,2.530160e-06,2.530160e-08
5.876054e-01,1.193574e-06,2.901208e-06,2.901208e-08,4.648198e-07,2.494015e-06,2.494015e-08
5.897422e-01,1.151393e-06,2.941079e-06,2.941079e-08,4.556691e-07,2.498596e-06,2.498596e-08
5.918789e-01,1.092859e-06,2.894218e-06,2.894218e-08,4.344989e-07,2.397109e-06,2.397109e-08
5.940157e-01,1.010386e-06,2.596198e-06,2.596198e-08,4.136808e-07,2.223329e-06,2.223329e-08
5.961524e-01,9.747417e-07,2.489097e-06,2.489097e-08,4.037978e-07,2.226331e-06,2.226331e-08
5.982892e-01,9.464990e-07,2.649213e-06,2.649213e-08,3.899156e-07,2.248901e-06,2.248901e-08
6.004259e-01,9.049864e-07,2.520624e-06,2.520624e-08,3.712119e-07,2.059550e-06,2.059550e-08
6.025627e-01,8.326520e-07,2.282277e-06,2.282277e-08,3.563133e-07,1.997958e-06,1.997958e-08
6.046994e-01,7.895059e-07,2.158723e-06,2.158723e-08,3.490819e-07,2.077147e-06,2.077147e-08
6.068362e-01,7.593339e-07,2.317851e-06,2.317851e-08,3.310621e-07,1.968599e-06,1.968599e-08
6.089729e-01,7.035009e-07,2.106777e-06,2.106777e-08,3.237379e-07,1.883669e-06,1.883669e-08
6.111097e-01,6.867933e-07,2.077427e-06,2.077427e-08,3.116588e-07,1.870304e-06,1.870304e-08
6.132464e-01,6.555559e-07,2.017583e-06,2.017583e-08,3.039531e-07,1.883741e-06,1.883741e-08
6.153832e-01,6.315510e-07,1.973074e-06,1.973074e-08,2.930446e-07,1.790089e-06,1.790089e-08
6.175199e-01,5.907495e-07,1.801021e-06,1.801021e-08,2.793855e-07,1.693877e-06,1.693877e-08
6.196567e-01,5.568865e-07,1.696155e-06,1.696155e-08,2.707354e-07,1.747854e-06,1.747854e-08
6.217934e-01,5.534084e-07,1.803528e-06,1.803528e-08,2.609568e-07,1.700307e-06,1.700307e-08
6.239301e-01,5.054564e-07,1.604861e-06,1.604861e-08,2.455836e-07,1.558469e-06,1.558469e-08
6.260669e-01,4.862689e-07,1.651914e-06,1.651914e-08,2.438439e-07,1.595411e-06,1.595411e-08
6.282036e-01,4.715463e-07,1.649634e-06,1.649634e-08,2.359694e-07,1.582855e-06,1.582855e-08
6.303404e-01,4.462759e-07,1.535991e-06,1.535991e-08,2.247417e-07,1.457328e-06,1.457328e-08
6.324771e-01,4.357722e-07,1.525874e-06,1.525874e-08,2.189580e-07,1.447098e-06,1.447098e-08
6.346139e-01,4.172269e-07,1.535510e-06,1.535510e-08,2.101869e-07,1.418933e-06,1.418933e-08
6.367506e-01,3.904355e-07,1.444572e-06,1.444572e-08,2.027213e-07,1.368989e-06,1.368989e-08
6.388874e-01,3.699663e-07,1.353605e-06,1.353605e-08,1.892095e-07,1.251440e-06,1.251440e-08
6.410241e-01,3.547113e-07,1.308473e-06,1.308473e-08,1.834709e-07,1.259189e-06,1.259189e-08
6.431609e-01,3.451463e-07,1.347409e-06,1.347409e-08,1.807906e-07,1.285405e-06,1.285405e-08
6.452976e-01,3.237075e-07,1.305147e-06,1.305147e-08,1.714693e-07,1.169460e-06,1.169460e-08
6.474344e-01,3.060617e-07,1.170945e-06,1.170945e-08,1.648929e-07,1.141446e-06,1.141446e-08
6.495711e-01,2.989307e-07,1.205363e-06,1.205363e-08,1.625149e-07,1.184344e-06,1.184344e-08
6.517079e-01,2.858582e-07,1.175057e-06,1.175057e-08,1.560742e-07,1.123960e-06,1.123960e-08
6.538446e-01,2.726589e-07,1.133722e-06,1.133722e-08,1.494800e-07,1.055749e-06,1.055749e-08
6.559814e-01,2.544911e-07,1.038486e-06,1.038486e-08,1.460194e-07,1.082753e-06,1.082753e-08
6.581181e-01,2.513776e-07,1.069872e-06,1.069872e-08,1.422182e-07,1.070871e-06,1.070871e-08
6.602549e-01,2.363518e-07,1.042517e-06,1.042517e-08,1.357290e-07,1.022992e-06,1.022992e-08
6.623916e-01,2.217230e-07,9.642683e-07,9.642683e-09,1.322906e-07,9.821813e-07,9.821813e-09
6.645283e-01,2.150703e-07,9.481786e-07,9.481786e-09,1.315759e-07,1.015453e-06,1.015453e-08
6.666651e-01,2.075139e-07,9.475554e-07,9.475554e-09,1.268522e-07,9.707062e-07,9.707062e-09
6.688018e-01,1.962844e-07,9.106032e-07,9.106032e-09,1.219107e-07,9.080758e-07,9.080758e-09
6.709386e-01,1.892633e-07,8.655957e-07,8.655957e-09,1.191073e-07,9.185612e-07,9.185612e-09
6.730753e-01,1.867438e-07,9.302959e-07,9.302959e-09,1.157616e-07,9.053432e-07,9.053432e-09
6.752121e-01,1.746011e-07,8.554132e-07,8.554132e-09,1.102136e-07,8.481405e-07,8.481405e-09
6.773488e-01,1.676810e-07,8.260378e-07,8.260378e-09,1.075184e-07,8.281594e-07,8.281594e-09
6.794856e-01,1.577152e-07,7.950407e-07,7.950407e-09,1.037989e-07,8.328201e-07,8.328201e-09
6.816223e-01,1.565035e-07,8.078686e-07,8.078686e-09,1.001398e-07,7.935177e-07,7.935177e-09
6.837591e-01,1.468184e-07,7.453174e-07,7.453174e-09,9.498715e-08,7.392927e-07,7.392927e-09
6.858958e-01,1.408743e-07,7.222615e-07,7.222615e-09,9.344169e-08,7.439449e-07,7.439449e-09
6.880326e-01,1.381452e-07,7.641159e-07,7.641159e-09,9.125751e-08,7.545139e-07,7.545139e-09
6.901693e-01,1.282071e-07,7.043802e-07,7.043802e-09,8.446279e-08,6.810777e-07,6.810777e-09
6.923061e-01,1.217906e-07,6.724128e-07,6.724128e-09,8.303448e-08,6.739313e-07,6.739313e-09
6.944428e-01,1.186540e-07,6.563701e-07,6.563701e-09,8.151528e-08,6.937843e-07,6.937843e-09
6.965796e-01,1.133700e-07,6.537543e-07,6.537543e-09,7.766016e-08,6.498918e-07,6.498918e-09
6.987163e-01,1.084680e-07,6.155065e-07,6.155065e-09,7.543149e-08,6.283886e-07,6.283886e-09
7.008530e-01,1.038576e-07,5.859558e-07,5.859558e-09,7.388267e-08,6.343588e-07,6.343588e-09
7.029898e-01,1.004084e-07,5.854026e-07,5.854026e-09,7.206681e-08,6.293172e-07,6.293172e-09
7.051265e-01,9.650264e-08,5.731614e-07,5.731614e-09,7.041366e-08,6.042153e-07,6.042153e-09
7.072633e-01,9.041226e-08,5.407192e-07,5.407192e-09,6.648470e-08,5.714253e-07,5.714253e-09
7.094000e-01,8.834002e-08,5.269121e-07,5.269121e-09,6.639779e-08,5.951912e-07,5.951912e-09
7.115368e-01,8.552021e-08,5.414117e-07,5.414117e-09,6.440321e-08,5.680821e-07,5.680821e-09
7.136735e-01,8.021155e-08,4.910982e-07,4.910982e-09,6.142946e-08,5.306976e-07,5.306976e-09
7.158103e-01,7.823653e-08,4.954730e-07,4.954730e-09,6.087996e-08,5.465244e-07,5.465244e-09
7.179470e-01,7.613217e-08,5.033659e-07,5.033659e-09,5.957086e-08,5.289622e-07,5.289622e-09
7.200838e-01,7.273020e-08,4.792681e-07,4.792681e-09,5.666848e-08,4.975885e-07,4.975885e-09
7.222205e-01,6.985443e-08,4.636827e-07,4.636827e-09,5.483996e-08,4.843159e-07,4.843159e-09
7.243573e-01,6.783470e-08,4.588564e-07,4.588564e-09,5.336063e-08,4.908570e-07,4.908570e-09
7.264940e-01,6.567088e-08,4.526114e-07,4.526114e-09,5.176871e-08,4.640561e-07,4.640561e-09
7.286308e-01,6.164381e-08,4.169916e-07,4.169916e-09,4.938460e-08,4.402377e-07,4.402377e-09
7.307675e-01,5.912939e-08,4.093616e-07,4.093616e-09,4.813951e-08,4.439466e-07,4.439466e-09
7.329043e-01,5.776622e-08,4.127897e-07,4.127897e-09,4.716904e-08,4.421267e-07,4.421267e-09
7.350410e-01,5.625842e-08,4.103119e-07,4.103119e-09,4.528018e-08,4.127811e-07,4.127811e-09
7.371777e-01,5.217948e-08,3.757589e-07,3.757589e-09,4.396140e-08,4.020265e-07,4.020265e-09
7.393145e-01,5.155021e-08,3.800524e-07,3.800524e-09,4.309121e-08,4.155481e-07,4.155481e-09
7.414512e-01,5.024993e-08,3.813633e-07,3.813633e-09,4.179504e-08,3.906886e-07,3.906886e-09
7.435880e-01,4.755886e-08,3.488189e-07,3.488189e-09,4.047272e-08,3.772723e-07,3.772723e-09
7.457247e-01,4.552536e-08,3.369779e-07,3.369779e-09,3.954488e-08,3.785876e-07,3.785876e-09
7.478615e-01,4.424037e-08,3.345722e-07,3.345722e-09,3.867364e-08,3.775810e-07,3.775810e-09
7.499982e-01,4.328733e-08,3.303586e-07,3.303586e-09,3.696448e-08,3.554966e-07,3.554966e-09
7.521350e-01,4.047791e-08,3.059186e-07,3.059186e-09,3.606904e-08,3.433224e-07,3.433224e-09
7.542717e-01,3.966904e-08,3.080412e-07,3.080412e-09,3.574344e-08,3.559182e-07,3.559182e-09
7.564085e-01,3.835335e-08,3.022940e-07,3.022940e-09,3.389479e-08,3.320550e-07,3.320550e-09
7.585452e-01,3.666921e-08,2.904907e-07,2.904907e-09,3.244010e-08,3.167887e-07,3.167887e-09
7.606820e-01,3.544316e-08,2.823053e-07,2.823053e-09,3.250990e-08,3.248774e-07,3.248774e-09
7.628187e-01,3.465529e-08,2.843451e-07,2.843451e-09,3.097343e-08,3.123084e-07,3.123084e-09
7.649555e-01,3.338177e-08,2.747759e-07,2.747759e-09,3.011760e-08,2.988369e-07,2.988369e-09
7.670922e-01,3.230256e-08,2.651623e-07,2.651623e-09,2.920397e-08,2.908293e-07,2.908293e-09
7.692290e-01,3.109405e-08,2.619389e-07,2.619389e-09,2.869859e-08,2.958768e-07,2.958768e-09
7.713657e-01,3.022222e-08,2.621437e-07,2.621437e-09,2.772014e-08,2.807003e-07,2.807003e-09
7.735024e-01,2.889062e-08,2.420292e-07,2.420292e-09,2.685059e-08,2.682078e-07,2.682078e-09
7.756392e-01,2.764270e-08,2.367264e-07,2.367264e-09,2.635581e-08,2.703476e-07,2.703476e-09
7.777759e-01,2.768345e-08,2.465236e-07,2.465236e-09,2.598169e-08,2.689816e-07,2.689816e-09
7.799127e-01,2.606208e-08,2.292347e-07,2.292347e-09,2.474039e-08,2.507217e-07,2.507217e-09
7.820494e-01,2.536326e-08,2.233035e-07,2.233035e-09,2.433953e-08,2.469423e-07,2.469423e-09
7.841862e-01,2.441833e-08,2.194460e-07,2.194460e-09,2.395957e-08,2.532958e-07,2.532958e-09
7.863229e-01,2.383165e-08,2.172042e-07,2.172042e-09,2.276308e-08,2.349581e-07,2.349581e-09
7.884597e-01,2.259174e-08,2.043372e-07,2.043372e-09,2.203088e-08,2.301116e-07,2.301116e-09
7.905964e-01,2.180372e-08,1.967787e-07,1.967787e-09,2.164739e-08,2.278189e-07,2.278189e-09
7.927332e-01,2.139964e-08,1.968946e-07,1.968946e-09,2.114982e-08,2.260994e-07,2.260994e-09
7.948699e-01,2.100618e-08,1.915390e-07,1.915390e-09,2.028716e-08,2.126558e-07,2.126558e-09
7.970067e-01,1.985355e-08,1.815266e-07,1.815266e-09,1.969370e-08,2.075411e-07,2.075411e-09
7.991434e-01,1.928302e-08,1.771857e-07,1.771857e-09,1.958084e-08,2.139363e-07,2.139363e-09
8.012802e-01,1.917575e-08,1.812417e-07,1.812417e-09,1.870653e-08,1.997775e-07,1.997775e-09
8.034169e-01,1.816912e-08,1.681498e-07,1.681498e-09,1.802808e-08,1.930601e-07,1.930601e-09
8.055537e-01,1.758305e-08,1.656442e-07,1.656442e-09,1.772322e-08,1.947225e-07,1.947225e-09
8.076904e-01,1.712541e-08,1.667651e-07,1.667651e-09,1.722467e-08,1.907361e-07,1.907361e-09
8.098271e-01,1.656733e-08,1.587575e-07,1.587575e-09,1.656527e-08,1.803767e-07,1.803767e-09
8.119639e-01,1.586888e-08,1.537757e-07,1.537757e-09,1.617021e-08,1.779768e-07,1.779768e-09
8.141006e-01,1.547948e-08,1.528859e-07,1.528859e-09,1.606520e-08,1.804239e-07,1.804239e-09
8.162374e-01,1.528879e-08,1.526570e-07,1.526570e-09,1.564083e-08,1.715048e-07,1.715048e-09
8.183741e-01,1.454756e-08,1.437120e-07,1.437120e-09,1.502571e-08,1.652475e-07,1.652475e-09
8.205109e-01,1.408447e-08,1.408908e-07,1.408908e-09,1.493517e-08,1.663890e-07,1.663890e-09
8.226476e-01,1.407512e-08,1.430369e-07,1.430369e-09,1.462105e-08,1.643777e-07,1.643777e-09
8.247844e-01,1.351125e-08,1.371082e-07,1.371082e-09,1.395359e-08,1.537035e-07,1.537035e-09
8.269211e-01,1.283315e-08,1.291384e-07,1.291384e-09,1.368214e-08,1.527038e-07,1.527038e-09
8.290579e-01,1.275271e-08,1.299659e-07,1.299659e-09,1.349242e-08,1.539168e-07,1.539168e-09
8.311946e-01,1.227770e-08,1.279720e-07,1.279720e-09,1.286641e-08,1.446685e-07,1.446685e-09
8.333314e-01,1.198401e-08,1.217317e-07,1.217317e-09,1.258878e-08,1.418588e-07,1.418588e-09
8.354681e-01,1.140027e-08,1.172595e-07,1.172595e-09,1.219575e-08,1.398578e-07,1.398578e-09
8.376049e-01,1.109470e-08,1.169205e-07,1.169205e-09,1.193676e-08,1.388074e-07,1.388074e-09
8.397416e-01,1.077567e-08,1.128837e-07,1.128837e-09,1.141051e-08,1.301284e-07,1.301284e-09
8.418784e-01,1.033081e-08,1.074800e-07,1.074800e-09,1.102917e-08,1.280210e-07,1.280210e-09
8.440151e-01,1.009766e-08,1.070287e-07,1.070287e-09,1.090193e-08,1.301366e-07,1.301366e-09
8.461518e-01,9.861153e-09,1.054268e-07,1.054268e-09,1.048052e-08,1.223239e-07,1.223239e-09
8.482886e-01,9.391758e-09,1.004937e-07,1.004937e-09,1.016030e-08,1.191163e-07,1.191163e-09
8.504253e-01,9.187410e-09,9.787629e-08,9.787629e-10,1.006119e-08,1.197698e-07,1.197698e-09
8.525621e-01,8.985704e-09,9.795678e-08,9.795678e-10,9.777168e-09,1.173825e-07,1.173825e-09
8.546988e-01,8.648946e-09,9.380959e-08,9.380959e-10,9.447839e-09,1.111207e-07,1.111207e-09
8.568356e-01,8.467483e-09,9.116996e-08,9.116996e-10,9.354404e-09,1.109786e-07,1.109786e-09
8.589723e-01,8.238198e-09,9.053029e-08,9.053029e-10,9.196737e-09,1.104521e-07,1.104521e-09
8.611091e-01,8.123671e-09,9.064015e-08,9.064015e-10,8.886267e-09,1.061297e-07,1.061297e-09
8.632458e-01,7.811494e-09,8.550755e-08,8.550755e-10,8.625537e-09,1.021791e-07,1.021791e-09
8.653826e-01,7.578008e-09,8.361355e-08,8.361355e-10,8.513430e-09,1.026481e-07,1.026481e-09
8.675193e-01,7.611184e-09,8.517676e-08,8.517676e-10,8.367548e-09,1.011625e-07,1.011625e-09
8.696561e-01,7.244319e-09,7.994270e-08,7.994270e-10,7.934696e-09,9.468210e-08,9.468210e-10
8.717928e-01,7.024603e-09,7.765044e-08,7.765044e-10,7.816452e-09,9.501013e-08,9.501013e-10
8.739296e-01,6.932986e-09,7.758115e-08,7.758115e-10,7.652513e-09,9.404152e-08,9.404152e-10
8.760663e-01,6.729762e-09,7.580064e-08,7.580064e-10,7.430366e-09,8.969173e-08,8.969173e-10
8.782031e-01,6.510200e-09,7.283305e-08,7.283305e-10,7.162192e-09,8.717662e-08,8.717662e-10
8.803398e-01,6.333197e-09,7.053900e-08,7.053900e-10,7.001571e-09,8.686218e-08,8.686218e-10
8.824765e-01,6.170690e-09,7.034489e-08,7.034489e-10,6.867525e-09,8.534089e-08,8.534089e-10
8.846133e-01,5.979294e-09,6.781417e-08,6.781417e-10,6.628887e-09,8.072921e-08,8.072921e-10
8.867500e-01,5.709043e-09,6.462688e-08,6.462688e-10,6.463660e-09,8.036153e-08,8.036153e-10
8.888868e-01,5.643205e-09,6.424792e-08,6.424792e-10,6.341741e-09,8.033227e-08,8.033227e-10
8.910235e-01,5.520357e-09,6.376977e-08,6.376977e-10,6.101720e-09,7.628768e-08,7.628768e-10
8.931603e-01,5.245410e-09,5.973650e-08,5.973650e-10,5.982962e-09,7.448164e-08,7.448164e-10
8.952970e-01,5.185610e-09,5.936211e-08,5.936211e-10,5.904601e-09,7.489705e-08,7.489705e-10
8.974338e-01,5.035874e-09,5.887134e-08,5.887134e-10,5.725757e-09,7.301637e-08,7.301637e-10
8.995705e-01,4.932447e-09,5.661042e-08,5.661042e-10,5.558449e-09,6.977006e-08,6.977006e-10
9.017073e-01,4.797345e-09,5.502457e-08,5.502457e-10,5.483119e-09,6.958532e-08,6.958532e-10
9.038440e-01,4.718242e-09,5.514107e-08,5.514107e-10,5.375011e-09,6.887392e-08,6.887392e-10
9.059808e-01,4.625614e-09,5.437199e-08,5.437199e-10,5.217216e-09,6.633637e-08,6.633637e-10
9.081175e-01,4.454794e-09,5.173801e-08,5.173801e-10,4.993866e-09,6.383890e-08,6.383890e-10
9.102543e-01,4.389839e-09,5.099651e-08,5.099651e-10,4.931150e-09,6.415395e-08,6.415395e-10
9.123910e-01,4.353402e-09,5.115040e-08,5.115040e-10,4.819364e-09,6.262034e-08,6.262034e-10
9.145278e-01,4.187572e-09,4.887712e-08,4.887712e-10,4.635461e-09,5.925589e-08,5.925589e-10
9.166645e-01,4.074122e-09,4.698641e-08,4.698641e-10,4.563288e-09,5.958064e-08,5.958064e-10
9.188012e-01,4.075000e-09,4.749609e-08,4.749609e-10,4.453358e-09,5.847989e-08,5.847989e-10
9.209380e-01,3.899067e-09,4.617955e-08,4.617955e-10,4.313688e-09,5.619708e-08,5.619708e-10
9.230747e-01,3.803789e-09,4.419046e-08,4.419046e-10,4.231855e-09,5.462130e-08,5.462130e-10
9.252115e-01,3.728501e-09,4.347830e-08,4.347830e-10,4.140269e-09,5.457240e-08,5.457240e-10
9.273482e-01,3.666706e-09,4.345833e-08,4.345833e-10,4.015404e-09,5.316062e-08,5.316062e-10
9.294850e-01,3.570786e-09,4.187844e-08,4.187844e-10,3.888027e-09,5.077901e-08,5.077901e-10
9.316217e-01,3.450853e-09,4.017016e-08,4.017016e-10,3.864033e-09,5.066877e-08,5.066877e-10
9.337585e-01,3.475083e-09,4.062086e-08,4.062086e-10,3.817616e-09,5.038190e-08,5.038190e-10
9.358952e-01,3.364977e-09,3.954740e-08,3.954740e-10,3.679502e-09,4.815676e-08,4.815676e-10
9.380320e-01,3.242552e-09,3.789363e-08,3.789363e-10,3.591369e-09,4.696280e-08,4.696280e-10
9.401687e-01,3.239429e-09,3.755523e-08,3.755523e-10,3.569131e-09,4.724227e-08,4.724227e-10
9.423055e-01,3.187555e-09,3.753086e-08,3.753086e-10,3.463413e-09,4.567317e-08,4.567317e-10
9.444422e-01,3.078459e-09,3.621454e-08,3.621454e-10,3.361524e-09,4.402501e-08,4.402501e-10
9.465790e-01,3.036570e-09,3.524217e-08,3.524217e-10,3.280551e-09,4.370466e-08,4.370466e-10
9.487157e-01,3.043272e-09,3.560948e-08,3.560948e-10,3.229469e-09,4.314518e-08,4.314518e-10
9.508525e-01,2.995259e-09,3.506815e-08,3.506815e-10,3.160568e-09,4.172652e-08,4.172652e-10
9.529892e-01,2.870790e-09,3.357022e-08,3.357022e-10,3.058160e-09,4.037617e-08,4.037617e-10
9.551259e-01,2.843545e-09,3.322800e-08,3.322800e-10,3.014023e-09,4.060185e-08,4.060185e-10
9.572627e-01,2.869430e-09,3.378810e-08,3.378810e-10,2.915329e-09,3.924772e-08,3.924772e-10
9.593994e-01,2.731258e-09,3.213984e-08,3.213984e-10,2.841226e-09,3.769967e-08,3.769967e-10
9.615362e-01,2.689578e-09,3.151971e-08,3.151971e-10,2.810422e-09,3.771998e-08,3.771998e-10
9.636729e-01,2.697409e-09,3.174734e-08,3.174734e-10,2.738840e-09,3.697248e-08,3.697248e-10
9.658097e-01,2.656642e-09,3.124822e-08,3.124822e-10,2.660681e-09,3.568006e-08,3.568006e-10
9.679464e-01,2.581177e-09,3.031976e-08,3.031976e-10,2.624858e-09,3.485201e-08,3.485201e-10
9.700832e-01,2.547168e-09,2.990972e-08,2.990972e-10,2.589108e-09,3.487047e-08,3.487047e-10
9.722199e-01,2.544941e-09,3.020041e-08,3.020041e-10,2.526182e-09,3.387226e-08,3.387226e-10
9.743567e-01,2.481475e-09,2.935047e-08,2.935047e-10,2.450568e-09,3.259902e-08,3.259902e-10
9.764934e-01,2.418321e-09,2.868673e-08,2.868673e-10,2.408098e-09,3.243576e-08,3.243576e-10
9.786302e-01,2.423672e-09,2.893835e-08,2.893835e-10,2.383956e-09,3.209688e-08,3.209688e-10
9.807669e-01,2.386403e-09,2.856746e-08,2.856746e-10,2.306532e-09,3.082306e-08,3.082306e-10
9.829037e-01,2.302051e-09,2.768436e-08,2.768436e-10,2.253583e-09,3.011650e-08,3.011650e-10
9.850404e-01,2.299096e-09,2.762411e-08,2.762411e-10,2.218697e-09,3.017620e-08,3.017620e-10
9.871772e-01,2.299387e-09,2.788565e-08,2.788565e-10,2.154221e-09,2.909266e-08,2.909266e-10
9.893139e-01,2.226438e-09,2.708032e-08,2.708032e-10,2.109850e-09,2.829317e-08,2.829317e-10
9.914506e-01,2.191472e-09,2.673018e-08,2.673018e-10,2.072742e-09,2.803472e-08,2.803472e-10
9.935874e-01,2.184393e-09,2.690376e-08,2.690376e-10,2.022367e-09,2.756695e-08,2.756695e-10
9.957241e-01,2.179416e-09,2.677458e-08,2.677458e-10,1.963732e-09,2.663801e-08,2.663801e-10
9.978609e-01,2.100647e-09,2.604983e-08,2.604983e-10,1.933828e-09,2.595978e-08,2.595978e-10
9.999976e-01,2.090890e-09,2.587390e-08,2.587390e-10,1.919563e-09,2.611356e-08,2.611356e-10
1.002134e+00,2.107290e-09,2.614583e-08,2.614583e-10,1.856683e-09,2.511507e-08,2.511507e-10
1.004271e+00,2.053631e-09,2.548720e-08,2.548720e-10,1.811230e-09,2.442380e-08,2.442380e-10
1.006408e+00,2.013901e-09,2.511731e-08,2.511731e-10,1.790796e-09,2.426583e-08,2.426583e-10
1.008545e+00,2.012397e-09,2.508608e-08,2.508608e-10,1.765415e-09,2.392487e-08,2.392487e-10
1.010681e+00,1.989742e-09,2.484838e-08,2.484838e-10,1.712037e-09,2.307368e-08,2.307368e-10
1.012818e+00,1.934122e-09,2.423741e-08,2.423741e-10,1.685085e-09,2.264957e-08,2.264957e-10
1.014955e+00,1.921209e-09,2.404068e-08,2.404068e-10,1.659368e-09,2.256160e-08,2.256160e-10
1.017092e+00,1.921260e-09,2.406021e-08,2.406021e-10,1.627717e-09,2.195401e-08,2.195401e-10
1.019228e+00,1.889753e-09,2.352186e-08,2.352186e-10,1.588182e-09,2.129839e-08,2.129839e-10
1.021365e+00,1.840696e-09,2.306950e-08,2.306950e-10,1.571926e-09,2.114870e-08,2.114870e-10
1.023502e+00,1.854610e-09,2.309312e-08,2.309312e-10,1.533157e-09,2.083660e-08,2.083660e-10
1.025639e+00,1.825647e-09,2.278671e-08,2.278671e-10,1.482123e-09,2.006412e-08,2.006412e-10
1.027775e+00,1.768046e-09,2.219457e-08,2.219457e-10,1.470692e-09,1.975329e-08,1.975329e-10
1.029912e+00,1.751227e-09,2.195523e-08,2.195523e-10,1.449870e-09,1.967963e-08,1.967963e-10
1.032049e+00,1.746020e-09,2.190934e-08,2.190934e-10,1.401060e-09,1.898849e-08,1.898849e-10
1.034186e+00,1.704814e-09,2.140354e-08,2.140354e-10,1.366835e-09,1.853967e-08,1.853967e-10
1.036322e+00,1.653273e-09,2.094456e-08,2.094456e-10,1.354738e-09,1.835086e-08,1.835086e-10
1.038459e+00,1.638410e-09,2.074123e-08,2.074123e-10,1.334754e-09,1.809191e-08,1.809191e-10
1.040596e+00,1.631651e-09,2.054150e-08,2.054150e-10,1.285399e-09,1.743985e-08,1.743985e-10
1.042733e+00,1.575249e-09,1.997788e-08,1.997788e-10,1.255295e-09,1.706080e-08,1.706080e-10
1.044869e+00,1.546673e-09,1.969335e-08,1.969335e-10,1.248514e-09,1.706060e-08,1.706060e-10
1.047006e+00,1.541116e-09,1.957286e-08,1.957286e-10,1.220359e-09,1.646603e-08,1.646603e-10
1.049143e+00,1.505786e-09,1.909649e-08,1.909649e-10,1.184758e-09,1.607046e-08,1.607046e-10
1.051280e+00,1.467474e-09,1.873875e-08,1.873875e-10,1.166639e-09,1.587867e-08,1.587867e-10
1.053416e+00,1.457563e-09,1.858819e-08,1.858819e-10,1.145371e-09,1.563922e-08,1.563922e-10
1.055553e+00,1.450294e-09,1.836995e-08,1.836995e-10,1.118001e-09,1.509949e-08,1.509949e-10
1.057690e+00,1.417756e-09,1.795338e-08,1.795338e-10,1.099915e-09,1.488460e-08,1.488460e-10
1.059827e+00,1.392488e-09,1.773304e-08,1.773304e-10,1.072984e-09,1.470206e-08,1.470206e-10
1.061963e+00,1.387665e-09,1.765973e-08,1.765973e-10,1.048739e-09,1.430235e-08,1.430235e-10
1.064100e+00,1.375418e-09,1.738958e-08,1.738958e-10,1.020646e-09,1.391409e-08,1.391409e-10
1.066237e+00,1.334950e-09,1.709156e-08,1.709156e-10,1.019155e-09,1.382501e-08,1.382501e-10
1.068374e+00,1.331267e-09,1.705773e-08,1.705773e-10,9.971230e-10,1.360885e-08,1.360885e-10
1.070510e+00,1.321073e-09,1.697861e-08,1.697861e-10,9.666855e-10,1.314781e-08,1.314781e-10
1.072647e+00,1.296661e-09,1.675877e-08,1.675877e-10,9.563429e-10,1.299131e-08,1.299131e-10
1.074784e+00,1.281997e-09,1.670136e-08,1.670136e-10,9.546959e-10,1.290663e-08,1.290663e-10
1.076921e+00,1.278598e-09,1.674897e-08,1.674897e-10,9.330188e-10,1.254912e-08,1.254912e-10
1.079057e+00,1.273845e-09,1.672082e-08,1.672082e-10,9.072947e-10,1.228625e-08,1.228625e-10
1.081194e+00,1.252285e-09,1.669199e-08,1.669199e-10,9.020513e-10,1.217227e-08,1.217227e-10
1.083331e+00,1.253290e-09,1.681773e-08,1.681773e-10,8.977699e-10,1.206454e-08,1.206454e-10
1.085468e+00,1.256621e-09,1.698132e-08,1.698132e-10,8.845917e-10,1.173571e-08,1.173571e-10
1.087604e+00,1.248941e-09,1.706105e-08,1.706105e-10,8.683261e-10,1.162353e-08,1.162353e-10
1.089741e+00,1.239955e-09,1.727802e-08,1.727802e-10,8.661738e-10,1.158301e-08,1.158301e-10
1.091878e+00,1.252258e-09,1.756215e-08,1.756215e-10,8.551977e-10,1.136983e-08,1.136983e-10
1.094015e+00,1.255028e-09,1.781252e-08,1.781252e-10,8.456391e-10,1.120740e-08,1.120740e-10
1.096151e+00,1.249799e-09,1.805928e-08,1.805928e-10,8.429446e-10,1.120021e-08,1.120021e-10
1.098288e+00,1.259213e-09,1.843724e-08,1.843724e-10,8.287918e-10,1.107794e-08,1.107794e-10
1.100425e+00,1.272805e-09,1.877574e-08,1.877574e-10,8.197726e-10,1.089770e-08,1.089770e-10
1.102561e+00,1.285260e-09,1.910140e-08,1.910140e-10,8.165304e-10,1.085138e-08,1.085138e-10
1.104698e+00,1.280928e-09,1.940772e-08,1.940772e-10,8.154793e-10,1.081874e-08,1.081874e-10
1.106835e+00,1.296398e-09,1.977139e-08,1.977139e-10,7.998603e-10,1.064355e-08,1.064355e-10
1.108972e+00,1.306582e-09,2.005999e-08,2.005999e-10,7.854146e-10,1.048438e-08,1.048438e-10
1.111108e+00,1.306544e-09,2.031238e-08,2.031238e-10,7.861183e-10,1.046447e-08,1.046447e-10
1.113245e+00,1.309131e-09,2.056226e-08,2.056226e-10,7.818313e-10,1.035232e-08,1.035232e-10
1.115382e+00,1.309268e-09,2.074568e-08,2.074568e-10,7.662613e-10,1.014528e-08,1.014528e-10
1.117519e+00,1.308331e-09,2.087497e-08,2.087497e-10,7.519458e-10,1.004962e-08,1.004962e-10
1.119655e+00,1.299061e-09,2.096420e-08,2.096420e-10,7.507286e-10,9.966948e-09,9.966948e-11
1.121792e+00,1.292571e-09,2.101724e-08,2.101724e-10,7.399017e-10,9.771399e-09,9.771399e-11
1.123929e+00,1.284240e-09,2.099748e-08,2.099748e-10,7.252948e-10,9.611780e-09,9.611780e-11
1.126066e+00,1.268199e-09,2.092873e-08,2.092873e-10,7.155428e-10,9.498490e-09,9.498490e-11
1.128202e+00,1.254984e-09,2.083486e-08,2.083486e-10,7.054831e-10,9.357755e-09,9.357755e-11
1.130339e+00,1.246877e-09,2.069474e-08,2.069474e-10,6.961433e-10,9.133436e-09,9.133436e-11
1.132476e+00,1.236767e-09,2.050178e-08,2.050178e-10,6.810845e-10,9.007539e-09,9.007539e-11
1.134613e+00,1.214836e-09,2.026733e-08,2.026733e-10,6.735247e-10,8.872987e-09,8.872987e-11
1.136749e+00,1.202834e-09,2.000733e-08,2.000733e-10,6.571317e-10,8.665097e-09,8.665097e-11
1.138886e+00,1.185514e-09,1.969822e-08,1.969822e-10,6.448773e-10,8.473375e-09,8.473375e-11
1.141023e+00,1.171829e-09,1.937551e-08,1.937551e-10,6.313626e-10,8.361335e-09,8.361335e-11
1.143160e+00,1.149159e-09,1.903876e-08,1.903876e-10,6.194000e-10,8.171735e-09,8.171735e-11
1.145296e+00,1.135212e-09,1.867673e-08,1.867673e-10,6.054993e-10,7.980361e-09,7.980361e-11
1.147433e+00,1.124532e-09,1.830833e-08,1.830833e-10,5.909977e-10,7.817315e-09,7.817315e-11
1.149570e+00,1.099280e-09,1.790885e-08,1.790885e-10,5.843971e-10,7.702931e-09,7.702931e-11
1.151707e+00,1.080123e-09,1.753671e-08,1.753671e-10,5.656755e-10,7.493150e-09,7.493150e-11
1.153843e+00,1.061084e-09,1.715185e-08,1.715185e-10,5.557442e-10,7.344155e-09,7.344155e-11
1.155980e+00,1.054202e-09,1.681206e-08,1.681206e-10,5.465650e-10,7.224678e-09,7.224678e-11
1.158117e+00,1.032532e-09,1.646347e-08,1.646347e-10,5.397518e-10,7.095310e-09,7.095310e-11
1.160254e+00,1.016485e-09,1.612906e-08,1.612906e-10,5.239407e-10,6.902396e-09,6.902396e-11
1.162390e+00,1.001965e-09,1.580504e-08,1.580504e-10,5.134105e-10,6.813108e-09,6.813108e-11
1.164527e+00,9.918531e-10,1.551252e-08,1.551252e-10,5.087295e-10,6.706216e-09,6.706216e-11
1.166664e+00,9.743426e-10,1.522928e-08,1.522928e-10,5.025477e-10,6.581936e-09,6.581936e-11
1.168801e+00,9.616477e-10,1.497372e-08,1.497372e-10,4.918017e-10,6.447251e-09,6.447251e-11
1.170937e+00,9.540632e-10,1.476543e-08,1.476543e-10,4.799147e-10,6.368283e-09,6.368283e-11
1.173074e+00,9.409190e-10,1.457532e-08,1.457532e-10,4.789175e-10,6.283852e-09,6.283852e-11
1.175211e+00,9.330177e-10,1.440528e-08,1.440528e-10,4.732034e-10,6.179376e-09,6.179376e-11
1.177348e+00,9.230481e-10,1.425815e-08,1.425815e-10,4.658069e-10,6.100152e-09,6.100152e-11
1.179484e+00,9.156997e-10,1.415027e-08,1.415027e-10,4.556098e-10,6.019953e-09,6.019953e-11
1.181621e+00,9.044711e-10,1.406982e-08,1.406982e-10,4.485506e-10,5.934260e-09,5.934260e-11
1.183758e+00,8.984567e-10,1.400738e-08,1.400738e-10,4.472874e-10,5.882534e-09,5.882534e-11
1.185895e+00,9.001831e-10,1.398452e-08,1.398452e-10,4.420537e-10,5.842327e-09,5.842327e-11
1.188031e+00,8.920854e-10,1.394768e-08,1.394768e-10,4.362395e-10,5.756102e-09,5.756102e-11
1.190168e+00,8.882364e-10,1.394093e-08,1.394093e-10,4.292322e-10,5.685960e-09,5.685960e-11
1.192305e+00,8.902453e-10,1.395481e-08,1.395481e-10,4.283435e-10,5.659718e-09,5.659718e-11
1.194442e+00,8.949582e-10,1.398511e-08,1.398511e-10,4.292483e-10,5.646707e-09,5.646707e-11
1.196578e+00,8.877098e-10,1.397683e-08,1.397683e-10,4.254941e-10,5.569422e-09,5.569422e-11
1.198715e+00,8.836792e-10,1.397376e-08,1.397376e-10,4.179135e-10,5.504485e-09,5.504485e-11
1.200852e+00,8.858830e-10,1.399706e-08,1.399706e-10,4.142252e-10,5.473750e-09,5.473750e-11
1.202989e+00,8.855987e-10,1.401758e-08,1.401758e-10,4.166661e-10,5.466110e-09,5.466110e-11
1.205125e+00,8.787522e-10,1.401276e-08,1.401276e-10,4.141242e-10,5.416942e-09,5.416942e-11
1.207262e+00,8.737011e-10,1.399351e-08,1.399351e-10,4.095884e-10,5.381166e-09,5.381166e-11
1.209399e+00,8.780794e-10,1.399453e-08,1.399453e-10,4.020419e-10,5.312568e-09,5.312568e-11
1.211536e+00,8.742441e-10,1.397577e-08,1.397577e-10,4.048307e-10,5.296189e-09,5.296189e-11
1.213672e+00,8.728730e-10,1.396583e-08,1.396583e-10,4.040786e-10,5.271213e-09,5.271213e-11
1.215809e+00,8.717091e-10,1.393707e-08,1.393707e-10,3.987942e-10,5.242321e-09,5.242321e-11
1.217946e+00,8.684240e-10,1.389053e-08,1.389053e-10,3.926414e-10,5.157320e-09,5.157320e-11
1.220083e+00,8.644273e-10,1.383030e-08,1.383030e-10,3.895034e-10,5.098694e-09,5.098694e-11
1.222219e+00,8.663975e-10,1.380363e-08,1.380363e-10,3.910515e-10,5.073371e-09,5.073371e-11
1.224356e+00,8.732287e-10,1.379425e-08,1.379425e-10,3.874144e-10,5.053724e-09,5.053724e-11
1.226493e+00,8.654898e-10,1.373612e-08,1.373612e-10,3.827465e-10,4.972247e-09,4.972247e-11
1.228630e+00,8.567388e-10,1.363358e-08,1.363358e-10,3.764525e-10,4.897539e-09,4.897539e-11
1.230766e+00,8.537985e-10,1.355254e-08,1.355254e-10,3.749147e-10,4.838892e-09,4.838892e-11
1.232903e+00,8.554693e-10,1.351070e-08,1.351070e-10,3.729610e-10,4.805908e-09,4.805908e-11
1.235040e+00,8.524255e-10,1.348709e-08,1.348709e-10,3.711162e-10,4.758866e-09,4.758866e-11
1.237177e+00,8.507120e-10,1.345313e-08,1.345313e-10,3.671460e-10,4.707771e-09,4.707771e-11
1.239313e+00,8.516703e-10,1.338440e-08,1.338440e-10,3.627276e-10,4.635703e-09,4.635703e-11
1.241450e+00,8.418618e-10,1.327994e-08,1.327994e-10,3.633308e-10,4.594470e-09,4.594470e-11
1.243587e+00,8.349466e-10,1.321788e-08,1.321788e-10,3.578458e-10,4.545890e-09,4.545890e-11
1.245724e+00,8.330390e-10,1.319765e-08,1.319765e-10,3.544483e-10,4.513874e-09,4.513874e-11
1.247860e+00,8.380984e-10,1.319095e-08,1.319095e-10,3.496006e-10,4.457132e-09,4.457132e-11
1.249997e+00,8.319905e-10,1.313794e-08,1.313794e-10,3.512179e-10,4.417656e-09,4.417656e-11
1.252134e+00,8.312437e-10,1.309873e-08,1.309873e-10,3.495138e-10,4.399598e-09,4.399598e-11
1.254271e+00,8.347722e-10,1.310261e-08,1.310261e-10,3.446018e-10,4.358702e-09,4.358702e-11
1.256407e+00,8.367143e-10,1.310937e-08,1.310937e-10,3.418688e-10,4.328376e-09,4.328376e-11
1.258544e+00,8.363496e-10,1.309942e-08,1.309942e-10,3.416961e-10,4.298085e-09,4.298085e-11
1.260681e+00,8.410261e-10,1.311108e-08,1.311108e-10,3.422317e-10,4.286280e-09,4.286280e-11
1.262818e+00,8.505769e-10,1.316789e-08,1.316789e-10,3.389349e-10,4.256697e-09,4.256697e-11
1.264954e+00,8.529787e-10,1.324848e-08,1.324848e-10,3.380952e-10,4.250903e-09,4.250903e-11
1.267091e+00,8.574634e-10,1.334762e-08,1.334762e-10,3.376842e-10,4.253524e-09,4.253524e-11
1.269228e+00,8.674119e-10,1.345384e-08,1.345384e-10,3.393795e-10,4.269292e-09,4.269292e-11
1.271365e+00,8.761952e-10,1.358600e-08,1.358600e-10,3.399778e-10,4.260980e-09,4.260980e-11
1.273501e+00,8.816427e-10,1.375772e-08,1.375772e-10,3.393139e-10,4.265295e-09,4.265295e-11
1.275638e+00,8.892939e-10,1.397963e-08,1.397963e-10,3.397815e-10,4.298183e-09,4.298183e-11
1.277775e+00,9.018371e-10,1.423072e-08,1.423072e-10,3.402511e-10,4.349384e-09,4.349384e-11
1.279912e+00,9.094649e-10,1.448969e-08,1.448969e-10,3.457084e-10,4.396453e-09,4.396453e-11
1.282048e+00,9.202824e-10,1.478573e-08,1.478573e-10,3.462699e-10,4.423409e-09,4.423409e-11
1.284185e+00,9.300148e-10,1.510207e-08,1.510207e-10,3.446069e-10,4.450172e-09,4.450172e-11
1.286322e+00,9.355292e-10,1.541221e-08,1.541221e-10,3.438241e-10,4.513550e-09,4.513550e-11
1.288458e+00,9.368350e-10,1.572132e-08,1.572132e-10,3.462873e-10,4.583479e-09,4.583479e-11
1.290595e+00,9.462210e-10,1.605680e-08,1.605680e-10,3.492260e-10,4.643595e-09,4.643595e-11
1.292732e+00,9.633187e-10,1.642224e-08,1.642224e-10,3.472827e-10,4.674419e-09,4.674419e-11
1.294869e+00,9.685294e-10,1.675914e-08,1.675914e-10,3.478188e-10,4.735081e-09,4.735081e-11
1.297005e+00,9.714297e-10,1.705301e-08,1.705301e-10,3.475034e-10,4.820923e-09,4.820923e-11
1.299142e+00,9.750137e-10,1.732144e-08,1.732144e-10,3.514605e-10,4.903457e-09,4.903457e-11
1.301279e+00,9.867852e-10,1.758891e-08,1.758891e-10,3.516775e-10,4.960332e-09,4.960332e-11
1.303416e+00,9.911943e-10,1.783488e-08,1.783488e-10,3.535318e-10,5.017457e-09,5.017457e-11
1.305552e+00,9.980096e-10,1.805811e-08,1.805811e-10,3.527921e-10,5.092800e-09,5.092800e-11
1.307689e+00,1.005178e-09,1.823382e-08,1.823382e-10,3.557532e-10,5.194998e-09,5.194998e-11
1.309826e+00,1.011653e-09,1.835499e-08,1.835499e-10,3.606775e-10,5.265527e-09,5.265527e-11
1.311963e+00,1.014550e-09,1.843623e-08,1.843623e-10,3.616891e-10,5.313226e-09,5.313226e-11
1.314099e+00,1.019752e-09,1.849007e-08,1.849007e-10,3.599089e-10,5.326662e-09,5.326662e-11
1.316236e+00,1.029317e-09,1.853479e-08,1.853479e-10,3.592070e-10,5.368701e-09,5.368701e-11
1.318373e+00,1.036371e-09,1.854394e-08,1.854394e-10,3.651364e-10,5.408346e-09,5.408346e-11
1.320510e+00,1.042534e-09,1.850659e-08,1.850659e-10,3.673589e-10,5.423544e-09,5.423544e-11
1.322646e+00,1.042636e-09,1.841475e-08,1.841475e-10,3.629863e-10,5.373346e-09,5.373346e-11
1.324783e+00,1.037675e-09,1.828288e-08,1.828288e-10,3.572980e-10,5.313374e-09,5.313374e-11
1.326920e+00,1.034987e-09,1.814378e-08,1.814378e-10,3.566032e-10,5.282535e-09,5.282535e-11
1.329057e+00,1.037501e-09,1.800925e-08,1.800925e-10,3.588833e-10,5.255915e-09,5.255915e-11
1.331193e+00,1.037535e-09,1.785117e-08,1.785117e-10,3.556273e-10,5.214700e-09,5.214700e-11
1.333330e+00,1.023177e-09,1.764826e-08,1.764826e-10,3.499065e-10,5.122061e-09,5.122061e-11
1.335467e+00,1.011058e-09,1.745530e-08,1.745530e-10,3.439331e-10,5.078565e-09,5.078565e-11
1.337604e+00,1.007607e-09,1.729080e-08,1.729080e-10,3.443327e-10,5.048446e-09,5.048446e-11
1.339740e+00,1.006152e-09,1.715084e-08,1.715084e-10,3.437418e-10,5.035212e-09,5.035212e-11
1.341877e+00,9.943228e-10,1.699068e-08,1.699068e-10,3.389058e-10,4.974739e-09,4.974739e-11
1.344014e+00,9.810566e-10,1.683289e-08,1.683289e-10,3.321265e-10,4.921748e-09,4.921748e-11
1.346151e+00,9.768047e-10,1.671331e-08,1.671331e-10,3.292286e-10,4.904728e-09,4.904728e-11
1.348287e+00,9.757046e-10,1.663675e-08,1.663675e-10,3.328034e-10,4.912619e-09,4.912619e-11
1.350424e+00,9.745196e-10,1.657534e-08,1.657534e-10,3.304977e-10,4.890827e-09,4.890827e-11
1.352561e+00,9.666195e-10,1.649533e-08,1.649533e-10,3.252199e-10,4.831249e-09,4.831249e-11
1.354698e+00,9.596461e-10,1.639237e-08,1.639237e-10,3.195502e-10,4.789756e-09,4.789756e-11
1.356834e+00,9.495989e-10,1.627620e-08,1.627620e-10,3.206986e-10,4.758175e-09,4.758175e-11
1.358971e+00,9.429611e-10,1.617761e-08,1.617761e-10,3.181223e-10,4.726926e-09,4.726926e-11
1.361108e+00,9.352739e-10,1.608140e-08,1.608140e-10,3.130787e-10,4.655571e-09,4.655571e-11
1.363245e+00,9.284784e-10,1.599724e-08,1.599724e-10,3.086472e-10,4.597800e-09,4.597800e-11
1.365381e+00,9.234432e-10,1.591332e-08,1.591332e-10,3.084625e-10,4.560385e-09,4.560385e-11
1.367518e+00,9.180997e-10,1.582394e-08,1.582394e-10,3.078987e-10,4.532348e-09,4.532348e-11
1.369655e+00,9.094197e-10,1.572698e-08,1.572698e-10,3.025436e-10,4.484627e-09,4.484627e-11
1.371792e+00,8.980972e-10,1.563868e-08,1.563868e-10,2.988382e-10,4.439045e-09,4.439045e-11
1.373928e+00,8.964554e-10,1.557268e-08,1.557268e-10,2.983369e-10,4.414648e-09,4.414648e-11
1.376065e+00,9.018370e-10,1.553060e-08,1.553060e-10,3.014621e-10,4.413788e-09,4.413788e-11
1.378202e+00,9.039713e-10,1.548714e-08,1.548714e-10,3.020894e-10,4.407884e-09,4.407884e-11
1.380339e+00,8.986253e-10,1.542576e-08,1.542576e-10,3.005781e-10,4.389547e-09,4.389547e-11
1.382475e+00,8.948089e-10,1.536303e-08,1.536303e-10,3.008279e-10,4.386754e-09,4.386754e-11
1.384612e+00,8.983202e-10,1.530658e-08,1.530658e-10,3.031626e-10,4.398903e-09,4.398903e-11
1.386749e+00,8.985656e-10,1.525004e-08,1.525004e-10,3.055851e-10,4.422271e-09,4.422271e-11
1.388886e+00,8.957574e-10,1.518768e-08,1.518768e-10,3.029643e-10,4.430322e-09,4.430322e-11
1.391022e+00,8.915453e-10,1.512962e-08,1.512962e-10,3.022262e-10,4.456052e-09,4.456052e-11
1.393159e+00,8.923113e-10,1.508375e-08,1.508375e-10,3.034855e-10,4.494801e-09,4.494801e-11
1.395296e+00,8.920113e-10,1.505321e-08,1.505321e-10,3.059034e-10,4.551606e-09,4.551606e-11
1.397433e+00,8.918351e-10,1.503828e-08,1.503828e-10,3.035321e-10,4.591553e-09,4.591553e-11
1.399569e+00,8.922088e-10,1.504069e-08,1.504069e-10,3.016718e-10,4.647207e-09,4.647207e-11
1.401706e+00,8.934094e-10,1.505126e-08,1.505126e-10,3.043019e-10,4.711429e-09,4.711429e-11
1.403843e+00,8.970700e-10,1.507436e-08,1.507436e-10,3.068730e-10,4.786209e-09,4.786209e-11
1.405980e+00,9.012087e-10,1.511428e-08,1.511428e-10,3.076725e-10,4.844811e-09,4.844811e-11
1.408116e+00,9.067833e-10,1.516990e-08,1.516990e-10,3.059316e-10,4.899066e-09,4.899066e-11
1.410253e+00,9.089851e-10,1.522352e-08,1.522352e-10,3.085071e-10,4.960269e-09,4.960269e-11
1.412390e+00,9.106393e-10,1.526367e-08,1.526367e-10,3.100562e-10,5.013363e-09,5.013363e-11
1.414527e+00,9.094684e-10,1.529162e-08,1.529162e-10,3.092817e-10,5.047141e-09,5.047141e-11
1.416663e+00,9.065903e-10,1.531289e-08,1.531289e-10,3.056899e-10,5.055826e-09,5.055826e-11
1.418800e+00,9.046972e-10,1.533675e-08,1.533675e-10,3.045053e-10,5.063386e-09,5.063386e-11
1.420937e+00,9.047235e-10,1.535893e-08,1.535893e-10,3.047699e-10,5.058857e-09,5.058857e-11
1.423074e+00,9.033169e-10,1.536182e-08,1.536182e-10,3.032124e-10,5.036571e-09,5.036571e-11
1.425210e+00,8.968033e-10,1.534732e-08,1.534732e-10,2.998670e-10,4.987891e-09,4.987891e-11
1.427347e+00,8.928085e-10,1.534458e-08,1.534458e-10,2.962622e-10,4.935922e-09,4.935922e-11
1.429484e+00,8.949484e-10,1.536629e-08,1.536629e-10,2.955851e-10,4.883848e-09,4.883848e-11
1.431621e+00,8.992159e-10,1.540715e-08,1.540715e-10,2.948675e-10,4.828359e-09,4.828359e-11
1.433757e+00,8.996301e-10,1.544080e-08,1.544080e-10,2.925837e-10,4.760328e-09,4.760328e-11
1.435894e+00,8.981458e-10,1.545512e-08,1.545512e-10,2.899137e-10,4.690323e-09,4.690323e-11
1.438031e+00,8.994012e-10,1.547884e-08,1.547884e-10,2.881704e-10,4.627571e-09,4.627571e-11
1.440168e+00,9.003988e-10,1.553094e-08,1.553094e-10,2.877738e-10,4.573274e-09,4.573274e-11
1.442304e+00,9.027441e-10,1.561291e-08,1.561291e-10,2.854207e-10,4.519083e-09,4.519083e-11
1.444441e+00,9.051451e-10,1.571547e-08,1.571547e-10,2.840819e-10,4.474473e-09,4.474473e-11
1.446578e+00,9.076866e-10,1.581428e-08,1.581428e-10,2.834486e-10,4.442240e-09,4.442240e-11
1.448715e+00,9.049273e-10,1.590258e-08,1.590258e-10,2.825394e-10,4.419536e-09,4.419536e-11
1.450851e+00,9.012164e-10,1.601062e-08,1.601062e-10,2.788908e-10,4.399913e-09,4.399913e-11
1.452988e+00,9.016607e-10,1.615767e-08,1.615767e-10,2.768420e-10,4.399300e-09,4.399300e-11
1.455125e+00,9.064780e-10,1.633484e-08,1.633484e-10,2.787136e-10,4.419117e-09,4.419117e-11
1.457262e+00,9.108034e-10,1.652303e-08,1.652303e-10,2.801397e-10,4.456568e-09,4.456568e-11
1.459398e+00,9.117103e-10,1.669793e-08,1.669793e-10,2.783003e-10,4.480984e-09,4.480984e-11
1.461535e+00,9.119230e-10,1.686704e-08,1.686704e-10,2.758774e-10,4.520328e-09,4.520328e-11
1.463672e+00,9.143455e-10,1.703984e-08,1.703984e-10,2.788009e-10,4.574652e-09,4.574652e-11
1.465809e+00,9.208833e-10,1.721962e-08,1.721962e-10,2.830215e-10,4.649885e-09,4.649885e-11
1.467945e+00,9.279270e-10,1.739445e-08,1.739445e-10,2.843623e-10,4.704447e-09,4.704447e-11
1.470082e+00,9.314157e-10,1.754749e-08,1.754749e-10,2.833583e-10,4.753254e-09,4.753254e-11
1.472219e+00,9.327758e-10,1.766812e-08,1.766812e-10,2.850668e-10,4.813646e-09,4.813646e-11
1.474355e+00,9.339582e-10,1.776365e-08,1.776365e-10,2.893106e-10,4.885462e-09,4.885462e-11
1.476492e+00,9.345056e-10,1.783756e-08,1.783756e-10,2.903794e-10,4.943638e-09,4.943638e-11
1.478629e+00,9.315051e-10,1.788251e-08,1.788251e-10,2.881215e-10,4.967827e-09,4.967827e-11
1.480766e+00,9.299220e-10,1.790287e-08,1.790287e-10,2.869974e-10,5.003595e-09,5.003595e-11
1.482902e+00,9.310851e-10,1.789502e-08,1.789502e-10,2.904179e-10,5.041603e-09,5.041603e-11
1.485039e+00,9.303700e-10,1.785724e-08,1.785724e-10,2.929278e-10,5.080913e-09,5.080913e-11
1.487176e+00,9.246659e-10,1.778484e-08,1.778484e-10,2.905855e-10,5.074273e-09,5.074273e-11
1.489313e+00,9.189834e-10,1.769097e-08,1.769097e-10,2.869284e-10,5.067269e-09,5.067269e-11
1.491449e+00,9.177032e-10,1.757799e-08,1.757799e-10,2.873708e-10,5.064223e-09,5.064223e-11
1.493586e+00,9.148701e-10,1.744569e-08,1.744569e-10,2.900941e-10,5.070294e-09,5.070294e-11
1.495723e+00,9.083848e-10,1.729251e-08,1.729251e-10,2.880912e-10,5.049324e-09,5.049324e-11
1.497860e+00,9.012203e-10,1.713230e-08,1.713230e-10,2.839164e-10,5.018589e-09,5.018589e-11
1.499996e+00,8.983012e-10,1.697013e-08,1.697013e-10,2.826155e-10,4.999105e-09,4.999105e-11
1.502133e+00,8.950287e-10,1.680487e-08,1.680487e-10,2.847873e-10,4.990913e-09,4.990913e-11
1.504270e+00,8.885500e-10,1.663361e-08,1.663361e-10,2.836169e-10,4.974693e-09,4.974693e-11
1.506407e+00,8.802986e-10,1.646427e-08,1.646427e-10,2.796729e-10,4.947076e-09,4.947076e-11
1.508543e+00,8.748140e-10,1.630765e-08,1.630765e-10,2.779133e-10,4.932685e-09,4.932685e-11
1.510680e+00,8.720818e-10,1.616717e-08,1.616717e-10,2.796543e-10,4.930123e-09,4.930123e-11
1.512817e+00,8.682359e-10,1.604084e-08,1.604084e-10,2.799059e-10,4.928873e-09,4.928873e-11
1.514954e+00,8.611744e-10,1.592014e-08,1.592014e-10,2.768678e-10,4.915576e-09,4.915576e-11
1.517090e+00,8.533244e-10,1.580625e-08,1.580625e-10,2.751590e-10,4.911343e-09,4.911343e-11
1.519227e+00,8.484245e-10,1.570594e-08,1.570594e-10,2.761510e-10,4.917223e-09,4.917223e-11
1.521364e+00,8.453688e-10,1.562891e-08,1.562891e-10,2.769210e-10,4.927493e-09,4.927493e-11
1.523501e+00,8.404156e-10,1.556683e-08,1.556683e-10,2.749003e-10,4.924407e-09,4.924407e-11
1.525637e+00,8.354771e-10,1.551631e-08,1.551631e-10,2.732926e-10,4.929107e-09,4.929107e-11
1.527774e+00,8.330629e-10,1.546764e-08,1.546764e-10,2.747370e-10,4.942021e-09,4.942021e-11
1.529911e+00,8.313954e-10,1.542512e-08,1.542512e-10,2.760080e-10,4.963614e-09,4.963614e-11
1.532048e+00,8.265126e-10,1.538676e-08,1.538676e-10,2.741608e-10,4.963212e-09,4.963212e-11
1.534184e+00,8.230439e-10,1.536340e-08,1.536340e-10,2.719053e-10,4.971759e-09,4.971759e-11
1.536321e+00,8.253318e-10,1.535179e-08,1.535179e-10,2.741128e-10,4.990798e-09,4.990798e-11
1.538458e+00,8.289864e-10,1.533923e-08,1.533923e-10,2.779297e-10,5.026063e-09,5.026063e-11
1.540595e+00,8.272223e-10,1.530678e-08,1.530678e-10,2.778547e-10,5.032228e-09,5.032228e-11
1.542731e+00,8.227316e-10,1.526339e-08,1.526339e-10,2.749683e-10,5.032126e-09,5.032126e-11
1.544868e+00,8.224216e-10,1.522025e-08,1.522025e-10,2.757715e-10,5.043344e-09,5.043344e-11
1.547005e+00,8.249932e-10,1.517613e-08,1.517613e-10,2.805394e-10,5.071423e-09,5.071423e-11
1.549142e+00,8.256066e-10,1.512202e-08,1.512202e-10,2.824986e-10,5.082093e-09,5.082093e-11
1.551278e+00,8.234341e-10,1.505297e-08,1.505297e-10,2.808373e-10,5.066782e-09,5.066782e-11
1.553415e+00,8.223863e-10,1.497331e-08,1.497331e-10,2.805710e-10,5.064144e-09,5.064144e-11
1.555552e+00,8.227212e-10,1.488172e-08,1.488172e-10,2.844274e-10,5.069143e-09,5.069143e-11
1.557689e+00,8.214047e-10,1.478142e-08,1.478142e-10,2.868019e-10,5.074945e-09,5.074945e-11
1.559825e+00,8.182929e-10,1.467087e-08,1.467087e-10,2.851611e-10,5.043385e-09,5.043385e-11
1.561962e+00,8.165811e-10,1.455974e-08,1.455974e-10,2.843691e-10,5.023567e-09,5.023567e-11
1.564099e+00,8.191151e-10,1.444669e-08,1.444669e-10,2.877731e-10,5.009002e-09,5.009002e-11
1.566236e+00,8.221250e-10,1.433534e-08,1.433534e-10,2.916763e-10,5.005147e-09,5.005147e-11
1.568372e+00,8.219553e-10,1.421659e-08,1.421659e-10,2.915558e-10,4.971490e-09,4.971490e-11
1.570509e+00,8.198587e-10,1.409939e-08,1.409939e-10,2.902640e-10,4.941155e-09,4.941155e-11
1.572646e+00,8.205147e-10,1.398477e-08,1.398477e-10,2.914738e-10,4.918665e-09,4.918665e-11
1.574783e+00,8.228662e-10,1.387778e-08,1.387778e-10,2.941988e-10,4.907225e-09,4.907225e-11
1.576919e+00,8.225493e-10,1.377097e-08,1.377097e-10,2.937871e-10,4.879440e-09,4.879440e-11
1.579056e+00,8.209750e-10,1.367376e-08,1.367376e-10,2.920189e-10,4.851376e-09,4.851376e-11
1.581193e+00,8.226252e-10,1.359075e-08,1.359075e-10,2.931066e-10,4.840792e-09,4.840792e-11
1.583330e+00,8.267539e-10,1.352071e-08,1.352071e-10,2.960501e-10,4.841315e-09,4.841315e-11
1.585466e+00,8.269956e-10,1.345923e-08,1.345923e-10,2.965581e-10,4.834244e-09,4.834244e-11
1.587603e+00,8.253118e-10,1.342070e-08,1.342070e-10,2.944239e-10,4.823888e-09,4.823888e-11
1.589740e+00,8.281572e-10,1.342933e-08,1.342933e-10,2.955753e-10,4.845066e-09,4.845066e-11
1.591877e+00,8.363844e-10,1.348320e-08,1.348320e-10,3.005106e-10,4.892042e-09,4.892042e-11
1.594013e+00,8.427465e-10,1.357445e-08,1.357445e-10,3.036195e-10,4.944673e-09,4.944673e-11
1.596150e+00,8.459282e-10,1.370174e-08,1.370174e-10,3.026994e-10,4.984789e-09,4.984789e-11
1.598287e+00,8.520036e-10,1.389680e-08,1.389680e-10,3.038968e-10,5.060386e-09,5.060386e-11
1.600424e+00,8.649816e-10,1.416535e-08,1.416535e-10,3.102847e-10,5.172703e-09,5.172703e-11
1.602560e+00,8.798291e-10,1.449896e-08,1.449896e-10,3.167021e-10,5.310977e-09,5.310977e-11
1.604697e+00,8.921252e-10,1.486958e-08,1.486958e-10,3.184768e-10,5.424103e-09,5.424103e-11
1.606834e+00,9.034385e-10,1.528559e-08,1.528559e-10,3.198165e-10,5.553745e-09,5.553745e-11
1.608971e+00,9.191349e-10,1.575634e-08,1.575634e-10,3.260260e-10,5.711292e-09,5.711292e-11
1.611107e+00,9.376036e-10,1.627919e-08,1.627919e-10,3.340042e-10,5.901130e-09,5.901130e-11
1.613244e+00,9.536356e-10,1.682509e-08,1.682509e-10,3.373149e-10,6.068163e-09,6.068163e-11
1.615381e+00,9.650682e-10,1.737200e-08,1.737200e-10,3.375372e-10,6.217266e-09,6.217266e-11
1.617518e+00,9.776890e-10,1.792248e-08,1.792248e-10,3.405857e-10,6.373356e-09,6.373356e-11
1.619654e+00,9.942284e-10,1.848144e-08,1.848144e-10,3.478831e-10,6.546046e-09,6.546046e-11
1.621791e+00,1.010977e-09,1.904006e-08,1.904006e-10,3.531522e-10,6.715106e-09,6.715106e-11
1.623928e+00,1.023417e-09,1.956800e-08,1.956800e-10,3.541012e-10,6.847888e-09,6.847888e-11
1.626065e+00,1.032915e-09,2.004754e-08,2.004754e-10,3.546682e-10,6.965847e-09,6.965847e-11
1.628201e+00,1.042809e-09,2.047309e-08,2.047309e-10,3.581628e-10,7.070477e-09,7.070477e-11
1.630338e+00,1.051435e-09,2.085198e-08,2.085198e-10,3.617033e-10,7.174104e-09,7.174104e-11
1.632475e+00,1.057574e-09,2.117778e-08,2.117778e-10,3.617954e-10,7.249198e-09,7.249198e-11
1.634612e+00,1.062530e-09,2.143703e-08,2.143703e-10,3.601818e-10,7.297342e-09,7.297342e-11
1.636748e+00,1.068907e-09,2.161981e-08,2.161981e-10,3.605671e-10,7.316884e-09,7.316884e-11
1.638885e+00,1.074099e-09,2.172842e-08,2.172842e-10,3.624441e-10,7.319057e-09,7.319057e-11
1.641022e+00,1.076392e-09,2.177036e-08,2.177036e-10,3.623807e-10,7.307880e-09,7.307880e-11
1.643159e+00,1.076530e-09,2.174642e-08,2.174642e-10,3.605989e-10,7.276950e-09,7.276950e-11
1.645295e+00,1.076269e-09,2.164799e-08,2.164799e-10,3.588867e-10,7.219466e-09,7.219466e-11
1.647432e+00,1.074371e-09,2.147193e-08,2.147193e-10,3.578402e-10,7.132066e-09,7.132066e-11
1.649569e+00,1.069317e-09,2.122964e-08,2.122964e-10,3.560691e-10,7.031482e-09,7.031482e-11
1.651705e+00,1.060806e-09,2.093220e-08,2.093220e-10,3.530706e-10,6.928549e-09,6.928549e-11
1.653842e+00,1.049060e-09,2.057882e-08,2.057882e-10,3.490481e-10,6.816119e-09,6.816119e-11
1.655979e+00,1.034940e-09,2.016714e-08,2.016714e-10,3.439456e-10,6.679104e-09,6.679104e-11
1.658116e+00,1.020942e-09,1.971205e-08,1.971205e-10,3.383848e-10,6.523485e-09,6.523485e-11
1.660252e+00,1.008361e-09,1.923926e-08,1.923926e-10,3.344602e-10,6.374998e-09,6.374998e-11
1.662389e+00,9.966707e-10,1.876082e-08,1.876082e-10,3.315071e-10,6.246030e-09,6.246030e-11
1.664526e+00,9.837799e-10,1.827272e-08,1.827272e-10,3.272528e-10,6.113871e-09,6.113871e-11
1.666663e+00,9.710155e-10,1.777268e-08,1.777268e-10,3.211581e-10,5.961913e-09,5.961913e-11
1.668799e+00,9.606105e-10,1.728072e-08,1.728072e-10,3.167255e-10,5.808273e-09,5.808273e-11
1.670936e+00,9.537576e-10,1.682838e-08,1.682838e-10,3.151708e-10,5.684698e-09,5.684698e-11
1.673073e+00,9.467240e-10,1.641902e-08,1.641902e-10,3.134133e-10,5.591057e-09,5.591057e-11
1.675210e+00,9.363537e-10,1.602532e-08,1.602532e-10,3.080513e-10,5.482239e-09,5.482239e-11
1.677346e+00,9.246721e-10,1.563996e-08,1.563996e-10,3.023329e-10,5.364006e-09,5.364006e-11
1.679483e+00,9.159376e-10,1.528218e-08,1.528218e-10,3.001070e-10,5.255018e-09,5.255018e-11
1.681620e+00,9.092215e-10,1.497989e-08,1.497989e-10,2.995819e-10,5.194727e-09,5.194727e-11
1.683757e+00,8.983439e-10,1.471746e-08,1.471746e-10,2.957761e-10,5.137566e-09,5.137566e-11
1.685893e+00,8.830303e-10,1.446283e-08,1.446283e-10,2.889921e-10,5.068379e-09,5.068379e-11
1.688030e+00,8.686146e-10,1.421509e-08,1.421509e-10,2.850412e-10,4.990560e-09,4.990560e-11
1.690167e+00,8.589494e-10,1.402011e-08,1.402011e-10,2.851122e-10,4.939960e-09,4.939960e-11
1.692304e+00,8.505355e-10,1.390362e-08,1.390362e-10,2.842126e-10,4.920695e-09,4.920695e-11
1.694440e+00,8.408609e-10,1.384347e-08,1.384347e-10,2.797082e-10,4.893606e-09,4.893606e-11
1.696577e+00,8.321615e-10,1.379426e-08,1.379426e-10,2.760745e-10,4.872583e-09,4.872583e-11
1.698714e+00,8.259025e-10,1.373358e-08,1.373358e-10,2.763956e-10,4.835918e-09,4.835918e-11
1.700851e+00,8.201433e-10,1.370320e-08,1.370320e-10,2.769725e-10,4.824797e-09,4.824797e-11
1.702987e+00,8.136123e-10,1.371869e-08,1.371869e-10,2.740134e-10,4.805799e-09,4.805799e-11
1.705124e+00,8.099127e-10,1.376664e-08,1.376664e-10,2.709644e-10,4.815062e-09,4.815062e-11
1.707261e+00,8.089872e-10,1.378143e-08,1.378143e-10,2.720038e-10,4.809372e-09,4.809372e-11
1.709398e+00,8.053831e-10,1.373336e-08,1.373336e-10,2.734222e-10,4.788208e-09,4.788208e-11
1.711534e+00,7.949609e-10,1.363813e-08,1.363813e-10,2.702968e-10,4.738424e-09,4.738424e-11
1.713671e+00,7.826942e-10,1.355023e-08,1.355023e-10,2.648892e-10,4.706092e-09,4.706092e-11
1.715808e+00,7.758200e-10,1.347439e-08,1.347439e-10,2.635679e-10,4.704989e-09,4.704989e-11
1.717945e+00,7.729384e-10,1.338081e-08,1.338081e-10,2.656634e-10,4.688463e-09,4.688463e-11
1.720081e+00,7.673439e-10,1.325801e-08,1.325801e-10,2.644973e-10,4.635557e-09,4.635557e-11
1.722218e+00,7.576697e-10,1.313500e-08,1.313500e-10,2.595257e-10,4.563387e-09,4.563387e-11
1.724355e+00,7.519879e-10,1.306135e-08,1.306135e-10,2.571043e-10,4.551300e-09,4.551300e-11
1.726492e+00,7.537431e-10,1.301626e-08,1.301626e-10,2.599835e-10,4.559076e-09,4.559076e-11
1.728628e+00,7.567860e-10,1.296494e-08,1.296494e-10,2.619554e-10,4.544196e-09,4.544196e-11
1.730765e+00,7.546987e-10,1.288775e-08,1.288775e-10,2.591830e-10,4.466204e-09,4.466204e-11
1.732902e+00,7.514971e-10,1.283598e-08,1.283598e-10,2.561853e-10,4.420474e-09,4.420474e-11
1.735039e+00,7.533963e-10,1.281690e-08,1.281690e-10,2.583737e-10,4.420198e-09,4.420198e-11
1.737175e+00,7.572180e-10,1.279335e-08,1.279335e-10,2.617417e-10,4.434929e-09,4.434929e-11
1.739312e+00,7.561817e-10,1.271587e-08,1.271587e-10,2.600302e-10,4.379691e-09,4.379691e-11
1.741449e+00,7.507054e-10,1.261194e-08,1.261194e-10,2.553502e-10,4.302463e-09,4.302463e-11
1.743586e+00,7.475881e-10,1.254149e-08,1.254149e-10,2.543271e-10,4.274552e-09,4.274552e-11
1.745722e+00,7.482897e-10,1.252502e-08,1.252502e-10,2.572023e-10,4.303493e-09,4.303493e-11
1.747859e+00,7.484662e-10,1.253639e-08,1.253639e-10,2.572761e-10,4.320011e-09,4.320011e-11
1.749996e+00,7.468878e-10,1.255071e-08,1.255071e-10,2.533201e-10,4.282370e-09,4.282370e-11
1.752133e+00,7.477249e-10,1.261058e-08,1.261058e-10,2.514196e-10,4.269071e-09,4.269071e-11
1.754269e+00,7.540603e-10,1.273918e-08,1.273918e-10,2.547306e-10,4.309261e-09,4.309261e-11
1.756406e+00,7.617780e-10,1.293133e-08,1.293133e-10,2.584110e-10,4.392069e-09,4.392069e-11
1.758543e+00,7.679264e-10,1.314556e-08,1.314556e-10,2.579196e-10,4.430930e-09,4.430930e-11
1.760680e+00,7.739708e-10,1.337444e-08,1.337444e-10,2.565814e-10,4.454300e-09,4.454300e-11
1.762816e+00,7.835486e-10,1.364117e-08,1.364117e-10,2.588961e-10,4.498230e-09,4.498230e-11
1.764953e+00,7.942147e-10,1.395172e-08,1.395172e-10,2.635253e-10,4.592833e-09,4.592833e-11
1.767090e+00,8.014118e-10,1.427515e-08,1.427515e-10,2.652904e-10,4.691201e-09,4.691201e-11
1.769227e+00,8.052388e-10,1.458646e-08,1.458646e-10,2.642467e-10,4.760606e-09,4.760606e-11
1.771363e+00,8.108635e-10,1.489725e-08,1.489725e-10,2.645378e-10,4.823377e-09,4.823377e-11
1.773500e+00,8.215462e-10,1.523925e-08,1.523925e-10,2.684153e-10,4.907978e-09,4.907978e-11
1.775637e+00,8.331817e-10,1.562767e-08,1.562767e-10,2.727686e-10,5.030235e-09,5.030235e-11
1.777774e+00,8.413880e-10,1.602606e-08,1.602606e-10,2.742529e-10,5.149588e-09,5.149588e-11
1.779910e+00,8.469836e-10,1.640730e-08,1.640730e-10,2.745034e-10,5.250998e-09,5.250998e-11
1.782047e+00,8.555007e-10,1.678331e-08,1.678331e-10,2.766907e-10,5.340044e-09,5.340044e-11
1.784184e+00,8.688960e-10,1.717405e-08,1.717405e-10,2.814726e-10,5.444376e-09,5.444376e-11
1.786321e+00,8.843784e-10,1.757865e-08,1.757865e-10,2.862179e-10,5.566556e-09,5.566556e-11
1.788457e+00,8.977281e-10,1.796362e-08,1.796362e-10,2.890111e-10,5.678572e-09,5.678572e-11
1.790594e+00,9.072644e-10,1.829634e-08,1.829634e-10,2.905307e-10,5.763461e-09,5.763461e-11
1.792731e+00,9.155746e-10,1.858256e-08,1.858256e-10,2.927302e-10,5.827283e-09,5.827283e-11
1.794868e+00,9.255687e-10,1.884607e-08,1.884607e-10,2.964353e-10,5.895568e-09,5.895568e-11
1.797004e+00,9.367176e-10,1.908830e-08,1.908830e-10,2.998736e-10,5.968424e-09,5.968424e-11
1.799141e+00,9.448070e-10,1.928385e-08,1.928385e-10,3.011602e-10,6.022129e-09,6.022129e-11
1.801278e+00,9.478901e-10,1.941062e-08,1.941062e-10,3.007674e-10,6.046842e-09,6.046842e-11
1.803415e+00,9.485476e-10,1.947872e-08,1.947872e-10,3.012595e-10,6.051106e-09,6.051106e-11
1.805551e+00,9.491306e-10,1.951559e-08,1.951559e-10,3.027985e-10,6.058934e-09,6.058934e-11
1.807688e+00,9.500171e-10,1.952815e-08,1.952815e-10,3.031426e-10,6.062309e-09,6.062309e-11
1.809825e+00,9.500818e-10,1.950270e-08,1.950270e-10,3.019773e-10,6.047687e-09,6.047687e-11
1.811962e+00,9.502417e-10,1.942472e-08,1.942472e-10,3.016246e-10,6.015419e-09,6.015419e-11
1.814098e+00,9.505628e-10,1.929952e-08,1.929952e-10,3.039282e-10,5.973965e-09,5.973965e-11
1.816235e+00,9.505433e-10,1.914423e-08,1.914423e-10,3.058786e-10,5.937618e-09,5.937618e-11
1.818372e+00,9.491981e-10,1.896134e-08,1.896134e-10,3.052224e-10,5.885096e-09,5.885096e-11
1.820509e+00,9.477876e-10,1.874888e-08,1.874888e-10,3.038907e-10,5.829309e-09,5.829309e-11
1.822645e+00,9.473488e-10,1.849943e-08,1.849943e-10,3.056672e-10,5.766762e-09,5.766762e-11
1.824782e+00,9.459436e-10,1.822169e-08,1.822169e-10,3.089605e-10,5.713270e-09,5.713270e-11
1.826919e+00,9.415130e-10,1.792738e-08,1.792738e-10,3.094468e-10,5.653124e-09,5.653124e-11
1.829056e+00,9.352350e-10,1.762133e-08,1.762133e-10,3.071181e-10,5.584210e-09,5.584210e-11
1.831192e+00,9.303877e-10,1.730226e-08,1.730226e-10,3.063591e-10,5.521942e-09,5.521942e-11
1.833329e+00,9.257484e-10,1.696881e-08,1.696881e-10,3.081348e-10,5.458215e-09,5.458215e-11
1.835466e+00,9.178783e-10,1.662722e-08,1.662722e-10,3.081056e-10,5.395578e-09,5.395578e-11
1.837602e+00,9.073874e-10,1.629390e-08,1.629390e-10,3.046157e-10,5.310185e-09,5.310185e-11
1.839739e+00,8.999595e-10,1.598702e-08,1.598702e-10,3.014490e-10,5.235439e-09,5.235439e-11
1.841876e+00,8.978363e-10,1.569863e-08,1.569863e-10,3.018202e-10,5.161396e-09,5.161396e-11
1.844013e+00,8.945075e-10,1.542159e-08,1.542159e-10,3.021330e-10,5.092109e-09,5.092109e-11
1.846149e+00,8.836034e-10,1.513347e-08,1.513347e-10,2.976152e-10,5.000924e-09,5.000924e-11
1.848286e+00,8.681325e-10,1.484857e-08,1.484857e-10,2.907231e-10,4.914856e-09,4.914856e-11
1.850423e+00,8.570479e-10,1.460126e-08,1.460126e-10,2.873214e-10,4.855346e-09,4.855346e-11
1.852560e+00,8.521633e-10,1.440897e-08,1.440897e-10,2.876010e-10,4.821592e-09,4.821592e-11
1.854696e+00,8.480631e-10,1.426520e-08,1.426520e-10,2.865230e-10,4.796809e-09,4.796809e-11
1.856833e+00,8.414669e-10,1.415010e-08,1.415010e-10,2.831311e-10,4.774170e-09,4.774170e-11
1.858970e+00,8.343277e-10,1.404067e-08,1.404067e-10,2.813973e-10,4.777713e-09,4.777713e-11
1.861107e+00,8.284377e-10,1.393868e-08,1.393868e-10,2.824995e-10,4.798600e-09,4.798600e-11
1.863243e+00,8.223186e-10,1.386766e-08,1.386766e-10,2.826619e-10,4.827053e-09,4.827053e-11
1.865380e+00,8.164004e-10,1.382921e-08,1.382921e-10,2.802610e-10,4.842149e-09,4.842149e-11
1.867517e+00,8.125203e-10,1.381915e-08,1.381915e-10,2.788798e-10,4.865667e-09,4.865667e-11
1.869654e+00,8.108644e-10,1.379836e-08,1.379836e-10,2.802825e-10,4.888961e-09,4.888961e-11
1.871790e+00,8.073624e-10,1.374865e-08,1.374865e-10,2.813056e-10,4.904936e-09,4.904936e-11
1.873927e+00,8.005915e-10,1.367813e-08,1.367813e-10,2.787141e-10,4.889488e-09,4.889488e-11
1.876064e+00,7.955329e-10,1.361845e-08,1.361845e-10,2.757844e-10,4.869169e-09,4.869169e-11
1.878201e+00,7.974998e-10,1.358744e-08,1.358744e-10,2.767426e-10,4.857368e-09,4.857368e-11
1.880337e+00,8.038912e-10,1.357029e-08,1.357029e-10,2.798670e-10,4.858277e-09,4.858277e-11
1.882474e+00,8.073746e-10,1.353532e-08,1.353532e-10,2.802577e-10,4.846324e-09,4.846324e-11
1.884611e+00,8.072267e-10,1.348627e-08,1.348627e-10,2.781005e-10,4.825652e-09,4.825652e-11
1.886748e+00,8.085488e-10,1.343735e-08,1.343735e-10,2.778665e-10,4.808801e-09,4.808801e-11
1.888884e+00,8.136227e-10,1.338823e-08,1.338823e-10,2.800626e-10,4.795599e-09,4.795599e-11
1.891021e+00,8.181425e-10,1.334062e-08,1.334062e-10,2.808582e-10,4.774530e-09,4.774530e-11
1.893158e+00,8.189968e-10,1.328184e-08,1.328184e-10,2.788171e-10,4.734829e-09,4.734829e-11
1.895295e+00,8.189122e-10,1.321843e-08,1.321843e-10,2.777704e-10,4.701182e-09,4.701182e-11
1.897431e+00,8.213563e-10,1.316436e-08,1.316436e-10,2.797497e-10,4.670776e-09,4.670776e-11
1.899568e+00,8.251211e-10,1.311398e-08,1.311398e-10,2.815342e-10,4.640178e-09,4.640178e-11
1.901705e+00,8.255566e-10,1.304492e-08,1.304492e-10,2.797287e-10,4.579678e-09,4.579678e-11
1.903842e+00,8.216221e-10,1.295220e-08,1.295220e-10,2.757522e-10,4.509559e-09,4.509559e-11
1.905978e+00,8.154384e-10,1.285067e-08,1.285067e-10,2.732165e-10,4.440662e-09,4.440662e-11
1.908115e+00,8.094705e-10,1.277125e-08,1.277125e-10,2.715294e-10,4.380704e-09,4.380704e-11
1.910252e+00,8.043931e-10,1.272955e-08,1.272955e-10,2.683740e-10,4.317408e-09,4.317408e-11
1.912389e+00,8.005799e-10,1.272005e-08,1.272005e-10,2.637953e-10,4.249698e-09,4.249698e-11
1.914525e+00,7.974331e-10,1.272546e-08,1.272546e-10,2.603600e-10,4.189334e-09,4.189334e-11
1.916662e+00,7.927568e-10,1.272532e-08,1.272532e-10,2.581527e-10,4.131264e-09,4.131264e-11
1.918799e+00,7.858476e-10,1.272551e-08,1.272551e-10,2.551919e-10,4.074304e-09,4.074304e-11
1.920936e+00,7.784771e-10,1.274342e-08,1.274342e-10,2.509346e-10,4.014532e-09,4.014532e-11
1.923072e+00,7.736786e-10,1.278328e-08,1.278328e-10,2.471839e-10,3.965000e-09,3.965000e-11
1.925209e+00,7.711345e-10,1.283602e-08,1.283602e-10,2.453106e-10,3.928048e-09,3.928048e-11
1.927346e+00,7.679510e-10,1.288126e-08,1.288126e-10,2.439581e-10,3.898751e-09,3.898751e-11
1.929483e+00,7.618624e-10,1.289711e-08,1.289711e-10,2.417451e-10,3.867635e-09,3.867635e-11
1.931619e+00,7.543132e-10,1.288090e-08,1.288090e-10,2.384430e-10,3.831001e-09,3.831001e-11
1.933756e+00,7.482481e-10,1.284719e-08,1.284719e-10,2.353780e-10,3.795075e-09,3.795075e-11
1.935893e+00,7.445118e-10,1.281303e-08,1.281303e-10,2.333525e-10,3.766032e-09,3.766032e-11
1.938030e+00,7.425098e-10,1.278514e-08,1.278514e-10,2.325781e-10,3.745702e-09,3.745702e-11
1.940166e+00,7.414628e-10,1.276261e-08,1.276261e-10,2.324820e-10,3.732463e-09,3.732463e-11
1.942303e+00,7.413330e-10,1.274406e-08,1.274406e-10,2.320708e-10,3.720274e-09,3.720274e-11
1.944440e+00,7.419704e-10,1.272844e-08,1.272844e-10,2.311800e-10,3.705930e-09,3.705930e-11
1.946577e+00,7.436285e-10,1.272151e-08,1.272151e-10,2.309588e-10,3.697012e-09,3.697012e-11
1.948713e+00,7.461475e-10,1.272813e-08,1.272813e-10,2.323995e-10,3.698980e-09,3.698980e-11
1.950850e+00,7.485421e-10,1.274772e-08,1.274772e-10,2.342047e-10,3.713811e-09,3.713811e-11
1.952987e+00,7.507593e-10,1.278575e-08,1.278575e-10,2.347894e-10,3.731191e-09,3.731191e-11
1.955124e+00,7.541761e-10,1.284637e-08,1.284637e-10,2.351354e-10,3.758165e-09,3.758165e-11
1.957260e+00,7.599501e-10,1.292441e-08,1.292441e-10,2.375137e-10,3.803101e-09,3.803101e-11
1.959397e+00,7.659437e-10,1.300528e-08,1.300528e-10,2.415467e-10,3.864225e-09,3.864225e-11
1.961534e+00,7.691657e-10,1.307397e-08,1.307397e-10,2.439863e-10,3.931181e-09,3.931181e-11
1.963671e+00,7.698849e-10,1.313882e-08,1.313882e-10,2.442015e-10,3.995551e-09,3.995551e-11
1.965807e+00,7.723666e-10,1.322434e-08,1.322434e-10,2.452812e-10,4.079095e-09,4.079095e-11
1.967944e+00,7.790087e-10,1.333852e-08,1.333852e-10,2.495295e-10,4.181237e-09,4.181237e-11
1.970081e+00,7.864776e-10,1.347340e-08,1.347340e-10,2.544836e-10,4.296903e-09,4.296903e-11
1.972218e+00,7.901925e-10,1.360382e-08,1.360382e-10,2.568427e-10,4.404334e-09,4.404334e-11
1.974354e+00,7.898499e-10,1.372107e-08,1.372107e-10,2.573926e-10,4.508161e-09,4.508161e-11
1.976491e+00,7.895267e-10,1.384773e-08,1.384773e-10,2.594007e-10,4.619515e-09,4.619515e-11
1.978628e+00,7.918500e-10,1.399605e-08,1.399605e-10,2.635666e-10,4.736043e-09,4.736043e-11
1.980765e+00,7.958233e-10,1.415643e-08,1.415643e-10,2.671675e-10,4.846384e-09,4.846384e-11
1.982901e+00,7.984115e-10,1.431083e-08,1.431083e-10,2.687044e-10,4.938751e-09,4.938751e-11
1.985038e+00,7.981371e-10,1.443216e-08,1.443216e-10,2.693523e-10,5.018262e-09,5.018262e-11
1.987175e+00,7.959291e-10,1.451850e-08,1.451850e-10,2.707970e-10,5.086211e-09,5.086211e-11
1.989312e+00,7.938364e-10,1.458819e-08,1.458819e-10,2.725480e-10,5.142519e-09,5.142519e-11
1.991448e+00,7.941002e-10,1.463946e-08,1.463946e-10,2.738783e-10,5.180480e-09,5.180480e-11
1.993585e+00,7.970535e-10,1.466410e-08,1.466410e-10,2.751795e-10,5.199393e-09,5.199393e-11
1.995722e+00,8.001878e-10,1.465310e-08,1.465310e-10,2.767540e-10,5.201454e-09,5.201454e-11
1.997859e+00,7.997083e-10,1.459481e-08,1.459481e-10,2.779008e-10,5.186984e-09,5.186984e-11
1.999995e+00,7.956350e-10,1.449797e-08,1.449797e-10,2.782576e-10,5.157690e-09,5.157690e-11
2.002132e+00,7.916223e-10,1.438010e-08,1.438010e-10,2.785717e-10,5.115976e-09,5.115976e-11
2.004269e+00,7.899216e-10,1.424600e-08,1.424600e-10,2.790455e-10,5.062437e-09,5.062437e-11
2.006406e+00,7.886029e-10,1.409783e-08,1.409783e-10,2.790608e-10,4.998806e-09,4.998806e-11
2.008542e+00,7.849707e-10,1.393210e-08,1.393210e-10,2.783757e-10,4.928555e-09,4.928555e-11
2.010679e+00,7.790336e-10,1.374657e-08,1.374657e-10,2.776852e-10,4.853330e-09,4.853330e-11
2.012816e+00,7.721860e-10,1.354919e-08,1.354919e-10,2.767883e-10,4.772530e-09,4.772530e-11
2.014953e+00,7.653383e-10,1.335263e-08,1.335263e-10,2.744840e-10,4.683331e-09,4.683331e-11
2.017089e+00,7.587991e-10,1.316627e-08,1.316627e-10,2.710712e-10,4.588875e-09,4.588875e-11
2.019226e+00,7.531348e-10,1.299258e-08,1.299258e-10,2.684890e-10,4.498452e-09,4.498452e-11
2.021363e+00,7.481533e-10,1.282659e-08,1.282659e-10,2.674052e-10,4.412773e-09,4.412773e-11
2.023499e+00,7.422749e-10,1.266973e-08,1.266973e-10,2.654920e-10,4.329511e-09,4.329511e-11
2.025636e+00,7.348541e-10,1.252982e-08,1.252982e-10,2.612015e-10,4.239963e-09,4.239963e-11
2.027773e+00,7.276594e-10,1.241827e-08,1.241827e-10,2.567993e-10,4.162028e-09,4.162028e-11
2.029910e+00,7.230376e-10,1.233760e-08,1.233760e-10,2.551231e-10,4.101921e-09,4.101921e-11
2.032046e+00,7.200735e-10,1.228152e-08,1.228152e-10,2.548752e-10,4.060338e-09,4.060338e-11
2.034183e+00,7.162585e-10,1.224339e-08,1.224339e-10,2.526134e-10,4.017452e-09,4.017452e-11
2.036320e+00,7.113107e-10,1.222373e-08,1.222373e-10,2.486232e-10,3.975603e-09,3.975603e-11
2.038457e+00,7.071229e-10,1.221958e-08,1.221958e-10,2.461915e-10,3.950178e-09,3.950178e-11
2.040593e+00,7.038523e-10,1.222024e-08,1.222024e-10,2.462198e-10,3.938160e-09,3.938160e-11
2.042730e+00,6.995064e-10,1.222086e-08,1.222086e-10,2.453534e-10,3.928771e-09,3.928771e-11
2.044867e+00,6.949463e-10,1.222828e-08,1.222828e-10,2.421794e-10,3.900984e-09,3.900984e-11
2.047004e+00,6.944325e-10,1.225919e-08,1.225919e-10,2.400218e-10,3.881180e-09,3.881180e-11
2.049140e+00,7.000874e-10,1.231575e-08,1.231575e-10,2.417259e-10,3.873354e-09,3.873354e-11
2.051277e+00,7.070543e-10,1.237386e-08,1.237386e-10,2.445936e-10,3.876653e-09,3.876653e-11
2.053414e+00,7.099388e-10,1.239447e-08,1.239447e-10,2.443428e-10,3.859660e-09,3.859660e-11
2.055551e+00,7.102139e-10,1.238997e-08,1.238997e-10,2.421042e-10,3.832785e-09,3.832785e-11
2.057687e+00,7.138748e-10,1.239749e-08,1.239749e-10,2.422208e-10,3.816830e-09,3.816830e-11
2.059824e+00,7.223204e-10,1.243185e-08,1.243185e-10,2.453917e-10,3.816435e-09,3.816435e-11
2.061961e+00,7.307073e-10,1.247945e-08,1.247945e-10,2.476830e-10,3.818048e-09,3.818048e-11
2.064098e+00,7.346911e-10,1.250867e-08,1.250867e-10,2.470229e-10,3.803854e-09,3.803854e-11
2.066234e+00,7.349130e-10,1.249643e-08,1.249643e-10,2.456190e-10,3.787792e-09,3.787792e-11
2.068371e+00,7.345725e-10,1.246700e-08,1.246700e-10,2.458374e-10,3.778263e-09,3.778263e-11
2.070508e+00,7.352302e-10,1.246466e-08,1.246466e-10,2.466937e-10,3.783615e-09,3.783615e-11
2.072645e+00,7.372385e-10,1.249513e-08,1.249513e-10,2.464052e-10,3.784985e-09,3.784985e-11
2.074781e+00,7.414881e-10,1.255451e-08,1.255451e-10,2.461332e-10,3.788109e-09,3.788109e-11
2.076918e+00,7.479030e-10,1.262861e-08,1.262861e-10,2.476096e-10,3.794724e-09,3.794724e-11
2.079055e+00,7.535293e-10,1.271478e-08,1.271478e-10,2.496021e-10,3.814183e-09,3.814183e-11
2.081192e+00,7.558136e-10,1.282091e-08,1.282091e-10,2.496862e-10,3.836882e-09,3.836882e-11
2.083328e+00,7.573340e-10,1.296124e-08,1.296124e-10,2.486595e-10,3.866633e-09,3.866633e-11
2.085465e+00,7.625300e-10,1.313469e-08,1.313469e-10,2.493487e-10,3.903646e-09,3.903646e-11
2.087602e+00,7.711197e-10,1.333496e-08,1.333496e-10,2.517487e-10,3.950747e-09,3.950747e-11
2.089739e+00,7.782885e-10,1.355427e-08,1.355427e-10,2.531913e-10,4.006966e-09,4.006966e-11
2.091875e+00,7.817336e-10,1.378001e-08,1.378001e-10,2.528244e-10,4.066503e-09,4.066503e-11
2.094012e+00,7.843097e-10,1.400696e-08,1.400696e-10,2.530075e-10,4.132865e-09,4.132865e-11
2.096149e+00,7.888674e-10,1.422911e-08,1.422911e-10,2.549107e-10,4.194420e-09,4.194420e-11
2.098286e+00,7.944280e-10,1.445658e-08,1.445658e-10,2.566462e-10,4.257479e-09,4.257479e-11
2.100422e+00,7.986852e-10,1.469203e-08,1.469203e-10,2.565847e-10,4.314973e-09,4.314973e-11
2.102559e+00,8.026298e-10,1.493601e-08,1.493601e-10,2.564951e-10,4.384351e-09,4.384351e-11
2.104696e+00,8.085425e-10,1.517460e-08,1.517460e-10,2.585672e-10,4.452533e-09,4.452533e-11
2.106833e+00,8.158405e-10,1.539541e-08,1.539541e-10,2.611796e-10,4.513166e-09,4.513166e-11
2.108969e+00,8.217610e-10,1.560031e-08,1.560031e-10,2.613247e-10,4.557005e-09,4.557005e-11
2.111106e+00,8.267312e-10,1.580244e-08,1.580244e-10,2.598752e-10,4.600893e-09,4.600893e-11
2.113243e+00,8.344406e-10,1.601082e-08,1.601082e-10,2.607769e-10,4.661325e-09,4.661325e-11
2.115380e+00,8.460880e-10,1.621516e-08,1.621516e-10,2.646098e-10,4.720818e-09,4.720818e-11
2.117516e+00,8.579261e-10,1.641324e-08,1.641324e-10,2.675551e-10,4.774907e-09,4.774907e-11
2.119653e+00,8.662504e-10,1.660496e-08,1.660496e-10,2.673073e-10,4.815223e-09,4.815223e-11
2.121790e+00,8.722165e-10,1.679683e-08,1.679683e-10,2.667074e-10,4.877956e-09,4.877956e-11
2.123927e+00,8.788427e-10,1.698402e-08,1.698402e-10,2.689299e-10,4.951700e-09,4.951700e-11
2.126063e+00,8.860109e-10,1.716533e-08,1.716533e-10,2.721075e-10,5.025690e-09,5.025690e-11
2.128200e+00,8.915870e-10,1.734909e-08,1.734909e-10,2.726830e-10,5.080846e-09,5.080846e-11
2.130337e+00,8.964454e-10,1.755294e-08,1.755294e-10,2.717995e-10,5.143899e-09,5.143899e-11
2.132474e+00,9.037276e-10,1.778188e-08,1.778188e-10,2.739236e-10,5.243741e-09,5.243741e-11
2.134610e+00,9.132299e-10,1.800873e-08,1.800873e-10,2.792537e-10,5.350652e-09,5.350652e-11
2.136747e+00,9.208094e-10,1.820861e-08,1.820861e-10,2.828014e-10,5.435528e-09,5.435528e-11
2.138884e+00,9.242719e-10,1.838338e-08,1.838338e-10,2.819710e-10,5.481487e-09,5.481487e-11
2.141021e+00,9.264943e-10,1.855938e-08,1.855938e-10,2.807186e-10,5.547769e-09,5.547769e-11
2.143157e+00,9.304008e-10,1.873541e-08,1.873541e-10,2.831289e-10,5.638525e-09,5.638525e-11
2.145294e+00,9.341703e-10,1.888667e-08,1.888667e-10,2.868145e-10,5.726352e-09,5.726352e-11
2.147431e+00,9.341520e-10,1.898782e-08,1.898782e-10,2.867936e-10,5.763531e-09,5.763531e-11
2.149568e+00,9.310697e-10,1.904298e-08,1.904298e-10,2.834044e-10,5.764256e-09,5.764256e-11
2.151704e+00,9.288026e-10,1.907259e-08,1.907259e-10,2.818931e-10,5.782211e-09,5.782211e-11
2.153841e+00,9.275735e-10,1.907193e-08,1.907193e-10,2.838476e-10,5.813998e-09,5.813998e-11
2.155978e+00,9.233366e-10,1.901305e-08,1.901305e-10,2.847729e-10,5.825054e-09,5.825054e-11
2.158115e+00,9.148380e-10,1.888372e-08,1.888372e-10,2.815441e-10,5.769409e-09,5.769409e-11
2.160251e+00,9.069133e-10,1.871718e-08,1.871718e-10,2.777156e-10,5.695482e-09,5.695482e-11
2.162388e+00,9.038961e-10,1.854219e-08,1.854219e-10,2.779345e-10,5.645650e-09,5.645650e-11
2.164525e+00,9.033607e-10,1.835055e-08,1.835055e-10,2.807460e-10,5.617859e-09,5.617859e-11
2.166662e+00,8.995223e-10,1.810229e-08,1.810229e-10,2.808724e-10,5.556560e-09,5.556560e-11
2.168798e+00,8.914732e-10,1.778643e-08,1.778643e-10,2.771582e-10,5.434374e-09,5.434374e-11
2.170935e+00,8.842775e-10,1.744976e-08,1.744976e-10,2.740318e-10,5.307085e-09,5.307085e-11
2.173072e+00,8.815271e-10,1.714026e-08,1.714026e-10,2.745138e-10,5.217669e-09,5.217669e-11
2.175209e+00,8.802472e-10,1.685621e-08,1.685621e-10,2.759858e-10,5.162272e-09,5.162272e-11
2.177345e+00,8.750878e-10,1.655191e-08,1.655191e-10,2.742727e-10,5.074834e-09,5.074834e-11
2.179482e+00,8.652864e-10,1.620867e-08,1.620867e-10,2.696205e-10,4.939955e-09,4.939955e-11
2.181619e+00,8.544619e-10,1.586428e-08,1.586428e-10,2.658555e-10,4.807765e-09,4.807765e-11
2.183756e+00,8.452414e-10,1.556639e-08,1.556639e-10,2.645647e-10,4.724788e-09,4.724788e-11
2.185892e+00,8.366851e-10,1.531119e-08,1.531119e-10,2.634273e-10,4.675120e-09,4.675120e-11
2.188029e+00,8.271032e-10,1.505782e-08,1.505782e-10,2.602049e-10,4.596463e-09,4.596463e-11
2.190166e+00,8.170005e-10,1.479324e-08,1.479324e-10,2.560039e-10,4.484930e-09,4.484930e-11
2.192303e+00,8.080361e-10,1.454893e-08,1.454893e-10,2.532567e-10,4.389162e-09,4.389162e-11
2.194439e+00,8.002835e-10,1.435660e-08,1.435660e-10,2.521139e-10,4.347536e-09,4.347536e-11
2.196576e+00,7.920800e-10,1.419780e-08,1.419780e-10,2.501682e-10,4.327956e-09,4.327956e-11
2.198713e+00,7.829376e-10,1.403381e-08,1.403381e-10,2.462177e-10,4.274268e-09,4.274268e-11
2.200850e+00,7.746082e-10,1.386374e-08,1.386374e-10,2.421291e-10,4.194879e-09,4.194879e-11
2.202986e+00,7.687098e-10,1.372542e-08,1.372542e-10,2.401998e-10,4.142762e-09,4.142762e-11
2.205123e+00,7.645327e-10,1.363929e-08,1.363929e-10,2.399392e-10,4.145302e-09,4.145302e-11
2.207260e+00,7.606750e-10,1.357359e-08,1.357359e-10,2.389406e-10,4.153770e-09,4.153770e-11
2.209396e+00,7.576854e-10,1.349243e-08,1.349243e-10,2.369309e-10,4.123521e-09,4.123521e-11
2.211533e+00,7.574857e-10,1.340307e-08,1.340307e-10,2.362701e-10,4.075744e-09,4.075744e-11
2.213670e+00,7.602257e-10,1.334868e-08,1.334868e-10,2.380255e-10,4.065464e-09,4.065464e-11
2.215807e+00,7.636476e-10,1.334106e-08,1.334106e-10,2.400510e-10,4.100663e-09,4.100663e-11
2.217943e+00,7.663494e-10,1.334341e-08,1.334341e-10,2.403385e-10,4.126930e-09,4.126930e-11
2.220080e+00,7.695396e-10,1.332302e-08,1.332302e-10,2.400274e-10,4.114617e-09,4.114617e-11
2.222217e+00,7.739880e-10,1.328673e-08,1.328673e-10,2.412315e-10,4.088776e-09,4.088776e-11
2.224354e+00,7.781993e-10,1.327031e-08,1.327031e-10,2.434350e-10,4.102373e-09,4.102373e-11
2.226490e+00,7.815071e-10,1.328820e-08,1.328820e-10,2.448451e-10,4.145754e-09,4.145754e-11
2.228627e+00,7.868399e-10,1.332890e-08,1.332890e-10,2.461715e-10,4.184761e-09,4.184761e-11
2.230764e+00,7.968123e-10,1.337147e-08,1.337147e-10,2.495895e-10,4.191764e-09,4.191764e-11
2.232901e+00,8.084248e-10,1.342869e-08,1.342869e-10,2.543755e-10,4.198808e-09,4.198808e-11
2.235037e+00,8.157945e-10,1.350573e-08,1.350573e-10,2.573772e-10,4.231259e-09,4.231259e-11
2.237174e+00,8.183640e-10,1.360105e-08,1.360105e-10,2.582295e-10,4.287353e-09,4.287353e-11
2.239311e+00,8.221211e-10,1.372009e-08,1.372009e-10,2.604190e-10,4.345803e-09,4.345803e-11
2.241448e+00,8.305641e-10,1.386595e-08,1.386595e-10,2.650731e-10,4.385893e-09,4.385893e-11
2.243584e+00,8.394634e-10,1.405537e-08,1.405537e-10,2.685583e-10,4.428201e-09,4.428201e-11
2.245721e+00,8.438424e-10,1.427663e-08,1.427663e-10,2.687746e-10,4.477829e-09,4.477829e-11
2.247858e+00,8.453333e-10,1.450781e-08,1.450781e-10,2.691606e-10,4.561965e-09,4.561965e-11
2.249995e+00,8.482372e-10,1.472851e-08,1.472851e-10,2.727339e-10,4.642280e-09,4.642280e-11
2.252131e+00,8.524699e-10,1.495455e-08,1.495455e-10,2.764173e-10,4.714319e-09,4.714319e-11
2.254268e+00,8.556366e-10,1.519282e-08,1.519282e-10,2.762679e-10,4.749706e-09,4.749706e-11
2.256405e+00,8.586256e-10,1.545652e-08,1.545652e-10,2.749977e-10,4.805915e-09,4.805915e-11
2.258542e+00,8.634265e-10,1.571688e-08,1.571688e-10,2.777537e-10,4.889026e-09,4.889026e-11
2.260678e+00,8.671758e-10,1.593732e-08,1.593732e-10,2.825144e-10,4.979497e-09,4.979497e-11
2.262815e+00,8.650951e-10,1.611775e-08,1.611775e-10,2.823857e-10,5.024651e-09,5.024651e-11
2.264952e+00,8.596188e-10,1.627739e-08,1.627739e-10,2.774888e-10,5.024073e-09,5.024073e-11
2.267089e+00,8.592254e-10,1.644342e-08,1.644342e-10,2.761522e-10,5.063764e-09,5.063764e-11
2.269225e+00,8.656938e-10,1.659645e-08,1.659645e-10,2.815335e-10,5.125699e-09,5.125699e-11
2.271362e+00,8.698755e-10,1.670551e-08,1.670551e-10,2.856788e-10,5.189331e-09,5.189331e-11
2.273499e+00,8.652447e-10,1.674216e-08,1.674216e-10,2.823053e-10,5.157072e-09,5.157072e-11
2.275636e+00,8.577833e-10,1.674200e-08,1.674200e-10,2.772459e-10,5.129871e-09,5.129871e-11
2.277772e+00,8.557977e-10,1.671641e-08,1.671641e-10,2.786367e-10,5.126394e-09,5.126394e-11
2.279909e+00,8.564544e-10,1.666146e-08,1.666146e-10,2.832928e-10,5.155097e-09,5.155097e-11
2.282046e+00,8.510975e-10,1.654990e-08,1.654990e-10,2.821176e-10,5.119777e-09,5.119777e-11
2.284183e+00,8.399529e-10,1.638841e-08,1.638841e-10,2.754570e-10,5.028854e-09,5.028854e-11
2.286319e+00,8.319147e-10,1.621200e-08,1.621200e-10,2.724480e-10,4.971318e-09,4.971318e-11
2.288456e+00,8.305800e-10,1.603272e-08,1.603272e-10,2.757171e-10,4.940975e-09,4.940975e-11
2.290593e+00,8.296039e-10,1.584910e-08,1.584910e-10,2.773278e-10,4.915890e-09,4.915890e-11
2.292730e+00,8.243386e-10,1.564765e-08,1.564765e-10,2.724127e-10,4.813188e-09,4.813188e-11
2.294866e+00,8.196357e-10,1.545579e-08,1.545579e-10,2.671659e-10,4.733892e-09,4.733892e-11
2.297003e+00,8.208970e-10,1.528684e-08,1.528684e-10,2.678987e-10,4.681660e-09,4.681660e-11
2.299140e+00,8.248228e-10,1.514981e-08,1.514981e-10,2.705246e-10,4.669373e-09,4.669373e-11
2.301277e+00,8.252279e-10,1.502457e-08,1.502457e-10,2.681538e-10,4.621813e-09,4.621813e-11
2.303413e+00,8.228381e-10,1.491679e-08,1.491679e-10,2.626829e-10,4.574610e-09,4.574610e-11
2.305550e+00,8.222262e-10,1.482658e-08,1.482658e-10,2.607765e-10,4.561710e-09,4.561710e-11
2.307687e+00,8.234732e-10,1.475861e-08,1.475861e-10,2.626305e-10,4.582804e-09,4.582804e-11
2.309824e+00,8.235014e-10,1.471228e-08,1.471228e-10,2.629336e-10,4.611662e-09,4.611662e-11
2.311960e+00,8.229922e-10,1.468874e-08,1.468874e-10,2.607109e-10,4.631692e-09,4.631692e-11
2.314097e+00,8.255570e-10,1.469343e-08,1.469343e-10,2.605397e-10,4.678599e-09,4.678599e-11
2.316234e+00,8.309988e-10,1.471792e-08,1.471792e-10,2.639591e-10,4.744002e-09,4.744002e-11
2.318371e+00,8.354376e-10,1.476014e-08,1.476014e-10,2.671817e-10,4.823536e-09,4.823536e-11
2.320507e+00,8.387300e-10,1.482257e-08,1.482257e-10,2.683120e-10,4.897143e-09,4.897143e-11
2.322644e+00,8.454447e-10,1.491822e-08,1.491822e-10,2.703792e-10,4.983480e-09,4.983480e-11
2.324781e+00,8.567047e-10,1.504483e-08,1.504483e-10,2.750869e-10,5.079116e-09,5.079116e-11
2.326918e+00,8.670589e-10,1.519073e-08,1.519073e-10,2.793850e-10,5.180332e-09,5.180332e-11
2.329054e+00,8.726763e-10,1.533784e-08,1.533784e-10,2.812048e-10,5.275482e-09,5.275482e-11
2.331191e+00,8.769579e-10,1.549266e-08,1.549266e-10,2.832649e-10,5.375990e-09,5.375990e-11
2.333328e+00,8.843148e-10,1.565914e-08,1.565914e-10,2.877795e-10,5.481979e-09,5.481979e-11
2.335465e+00,8.936209e-10,1.583389e-08,1.583389e-10,2.926546e-10,5.589610e-09,5.589610e-11
2.337601e+00,9.010520e-10,1.600661e-08,1.600661e-10,2.958069e-10,5.689469e-09,5.689469e-11
2.339738e+00,9.057733e-10,1.616691e-08,1.616691e-10,2.989539e-10,5.789416e-09,5.789416e-11
2.341875e+00,9.092887e-10,1.631244e-08,1.631244e-10,3.038666e-10,5.888844e-09,5.888844e-11
2.344012e+00,9.119810e-10,1.645178e-08,1.645178e-10,3.084508e-10,5.986040e-09,5.986040e-11
2.346148e+00,9.134274e-10,1.658548e-08,1.658548e-10,3.104423e-10,6.068426e-09,6.068426e-11
2.348285e+00,9.146134e-10,1.670903e-08,1.670903e-10,3.119641e-10,6.145216e-09,6.145216e-11
2.350422e+00,9.164247e-10,1.681323e-08,1.681323e-10,3.158200e-10,6.216447e-09,6.216447e-11
2.352559e+00,9.170028e-10,1.689446e-08,1.689446e-10,3.199557e-10,6.281021e-09,6.281021e-11
2.354695e+00,9.144612e-10,1.695575e-08,1.695575e-10,3.207552e-10,6.322676e-09,6.322676e-11
2.356832e+00,9.107823e-10,1.699920e-08,1.699920e-10,3.194751e-10,6.347052e-09,6.347052e-11
2.358969e+00,9.084800e-10,1.702204e-08,1.702204e-10,3.199646e-10,6.359286e-09,6.359286e-11
2.361106e+00,9.053485e-10,1.701585e-08,1.701585e-10,3.214660e-10,6.359725e-09,6.359725e-11
2.363242e+00,8.977401e-10,1.696894e-08,1.696894e-10,3.199995e-10,6.336152e-09,6.336152e-11
2.365379e+00,8.873962e-10,1.688889e-08,1.688889e-10,3.158943e-10,6.290148e-09,6.290148e-11
2.367516e+00,8.792466e-10,1.678638e-08,1.678638e-10,3.133490e-10,6.235548e-09,6.235548e-11
2.369653e+00,8.740069e-10,1.666407e-08,1.666407e-10,3.130677e-10,6.172724e-09,6.172724e-11
2.371789e+00,8.676740e-10,1.652123e-08,1.652123e-10,3.113138e-10,6.096457e-09,6.096457e-11
2.373926e+00,8.585144e-10,1.635355e-08,1.635355e-10,3.067815e-10,6.001343e-09,6.001343e-11
2.376063e+00,8.498658e-10,1.616263e-08,1.616263e-10,3.030159e-10,5.903282e-09,5.903282e-11
2.378200e+00,8.448278e-10,1.596058e-08,1.596058e-10,3.020878e-10,5.804795e-09,5.804795e-11
2.380336e+00,8.422303e-10,1.575264e-08,1.575264e-10,3.011283e-10,5.703541e-09,5.703541e-11
2.382473e+00,8.399630e-10,1.553818e-08,1.553818e-10,2.980711e-10,5.588991e-09,5.588991e-11
2.384610e+00,8.384887e-10,1.531666e-08,1.531666e-10,2.955756e-10,5.477170e-09,5.477170e-11
2.386746e+00,8.375996e-10,1.507617e-08,1.507617e-10,2.954955e-10,5.368009e-09,5.368009e-11
2.388883e+00,8.345092e-10,1.482113e-08,1.482113e-10,2.947653e-10,5.260678e-09,5.260678e-11
2.391020e+00,8.291850e-10,1.455761e-08,1.455761e-10,2.911454e-10,5.137923e-09,5.137923e-11
2.393157e+00,8.265107e-10,1.430270e-08,1.430270e-10,2.881659e-10,5.022003e-09,5.022003e-11
2.395293e+00,8.285500e-10,1.406049e-08,1.406049e-10,2.889274e-10,4.915934e-09,4.915934e-11
2.397430e+00,8.295798e-10,1.381944e-08,1.381944e-10,2.896766e-10,4.822447e-09,4.822447e-11
2.399567e+00,8.246140e-10,1.356158e-08,1.356158e-10,2.860224e-10,4.705900e-09,4.705900e-11
2.401704e+00,8.179484e-10,1.331668e-08,1.331668e-10,2.811004e-10,4.596577e-09,4.596577e-11
2.403840e+00,8.173191e-10,1.311184e-08,1.311184e-10,2.806368e-10,4.505616e-09,4.505616e-11
2.405977e+00,8.225267e-10,1.296080e-08,1.296080e-10,2.831861e-10,4.446291e-09,4.446291e-11
2.408114e+00,8.266133e-10,1.285186e-08,1.285186e-10,2.825478e-10,4.371758e-09,4.371758e-11
2.410251e+00,8.270707e-10,1.276966e-08,1.276966e-10,2.787050e-10,4.291313e-09,4.291313e-11
2.412387e+00,8.282130e-10,1.272159e-08,1.272159e-10,2.777615e-10,4.242999e-09,4.242999e-11
2.414524e+00,8.319820e-10,1.272318e-08,1.272318e-10,2.807183e-10,4.230743e-09,4.230743e-11
2.416661e+00,8.340550e-10,1.278187e-08,1.278187e-10,2.812122e-10,4.228891e-09,4.228891e-11
2.418798e+00,8.322622e-10,1.288645e-08,1.288645e-10,2.768739e-10,4.195439e-09,4.195439e-11
2.420934e+00,8.311708e-10,1.304547e-08,1.304547e-10,2.738835e-10,4.205272e-09,4.205272e-11
2.423071e+00,8.343680e-10,1.325470e-08,1.325470e-10,2.763610e-10,4.246959e-09,4.246959e-11
2.425208e+00,8.384626e-10,1.351527e-08,1.351527e-10,2.792036e-10,4.321929e-09,4.321929e-11
2.427345e+00,8.395077e-10,1.380666e-08,1.380666e-10,2.771112e-10,4.351403e-09,4.351403e-11
2.429481e+00,8.397818e-10,1.412201e-08,1.412201e-10,2.737414e-10,4.395890e-09,4.395890e-11
2.431618e+00,8.428425e-10,1.444235e-08,1.444235e-10,2.747589e-10,4.458039e-09,4.458039e-11
2.433755e+00,8.466619e-10,1.476272e-08,1.476272e-10,2.776941e-10,4.538858e-09,4.538858e-11
2.435892e+00,8.475213e-10,1.507201e-08,1.507201e-10,2.765659e-10,4.584652e-09,4.584652e-11
2.438028e+00,8.471277e-10,1.536791e-08,1.536791e-10,2.724824e-10,4.610509e-09,4.610509e-11
2.440165e+00,8.491769e-10,1.563993e-08,1.563993e-10,2.713030e-10,4.647602e-09,4.647602e-11
2.442302e+00,8.512600e-10,1.586789e-08,1.586789e-10,2.728949e-10,4.688690e-09,4.688690e-11
2.444439e+00,8.480189e-10,1.603512e-08,1.603512e-10,2.715821e-10,4.712767e-09,4.712767e-11
2.446575e+00,8.408860e-10,1.614927e-08,1.614927e-10,2.667836e-10,4.708298e-09,4.708298e-11
2.448712e+00,8.365645e-10,1.622379e-08,1.622379e-10,2.640490e-10,4.711286e-09,4.711286e-11
2.450849e+00,8.359133e-10,1.625598e-08,1.625598e-10,2.648642e-10,4.714395e-09,4.714395e-11
2.452986e+00,8.327706e-10,1.623750e-08,1.623750e-10,2.641510e-10,4.709080e-09,4.709080e-11
2.455122e+00,8.244862e-10,1.615838e-08,1.615838e-10,2.596631e-10,4.675180e-09,4.675180e-11
2.457259e+00,8.159633e-10,1.602899e-08,1.602899e-10,2.557415e-10,4.640034e-09,4.640034e-11
2.459396e+00,8.110491e-10,1.585828e-08,1.585828e-10,2.549937e-10,4.601823e-09,4.601823e-11
2.461533e+00,8.070324e-10,1.565166e-08,1.565166e-10,2.535696e-10,4.556666e-09,4.556666e-11
2.463669e+00,8.010322e-10,1.540702e-08,1.540702e-10,2.488973e-10,4.483850e-09,4.483850e-11
2.465806e+00,7.955535e-10,1.513857e-08,1.513857e-10,2.448676e-10,4.413273e-09,4.413273e-11
2.467943e+00,7.928732e-10,1.485137e-08,1.485137e-10,2.445079e-10,4.347892e-09,4.347892e-11
2.470080e+00,7.894676e-10,1.455534e-08,1.455534e-10,2.438481e-10,4.290443e-09,4.290443e-11
2.472216e+00,7.820831e-10,1.424581e-08,1.424581e-10,2.391454e-10,4.203173e-09,4.203173e-11
2.474353e+00,7.743817e-10,1.394039e-08,1.394039e-10,2.343339e-10,4.128250e-09,4.128250e-11
2.476490e+00,7.707492e-10,1.364895e-08,1.364895e-10,2.342814e-10,4.071617e-09,4.071617e-11
2.478627e+00,7.677694e-10,1.337932e-08,1.337932e-10,2.354571e-10,4.046802e-09,4.046802e-11
2.480763e+00,7.599360e-10,1.311944e-08,1.311944e-10,2.318474e-10,3.982751e-09,3.982751e-11
2.482900e+00,7.501434e-10,1.288273e-08,1.288273e-10,2.261654e-10,3.921532e-09,3.921532e-11
2.485037e+00,7.459302e-10,1.268316e-08,1.268316e-10,2.256820e-10,3.888202e-09,3.888202e-11
2.487174e+00,7.472998e-10,1.252569e-08,1.252569e-10,2.294766e-10,3.903710e-09,3.903710e-11
2.489310e+00,7.473211e-10,1.239209e-08,1.239209e-10,2.299026e-10,3.889111e-09,3.889111e-11
2.491447e+00,7.444285e-10,1.227174e-08,1.227174e-10,2.262041e-10,3.834549e-09,3.834549e-11
2.493584e+00,7.447486e-10,1.218234e-08,1.218234e-10,2.260861e-10,3.821650e-09,3.821650e-11
2.495721e+00,7.504355e-10,1.212479e-08,1.212479e-10,2.319470e-10,3.850938e-09,3.850938e-11
2.497857e+00,7.549132e-10,1.209157e-08,1.209157e-10,2.361824e-10,3.895015e-09,3.895015e-11
2.499994e+00,7.538955e-10,1.205360e-08,1.205360e-10,2.343168e-10,3.852145e-09,3.852145e-11
2.502131e+00,7.526953e-10,1.203236e-08,1.203236e-10,2.327608e-10,3.850252e-09,3.850252e-11
2.504268e+00,7.567910e-10,1.202788e-08,1.202788e-10,2.374811e-10,3.877150e-09,3.877150e-11
2.506404e+00,7.624803e-10,1.204872e-08,1.204872e-10,2.435967e-10,3.953205e-09,3.953205e-11
2.508541e+00,7.637609e-10,1.206557e-08,1.206557e-10,2.441167e-10,3.952466e-09,3.952466e-11
2.510678e+00,7.628642e-10,1.208728e-08,1.208728e-10,2.422314e-10,3.957229e-09,3.957229e-11
2.512815e+00,7.659374e-10,1.211473e-08,1.211473e-10,2.454306e-10,3.997184e-09,3.997184e-11
2.514951e+00,7.724393e-10,1.215713e-08,1.215713e-10,2.523307e-10,4.071666e-09,4.071666e-11
2.517088e+00,7.769127e-10,1.220624e-08,1.220624e-10,2.555331e-10,4.116862e-09,4.116862e-11
2.519225e+00,7.792074e-10,1.226548e-08,1.226548e-10,2.547872e-10,4.128417e-09,4.128417e-11
2.521362e+00,7.841595e-10,1.234012e-08,1.234012e-10,2.569808e-10,4.183661e-09,4.183661e-11
2.523498e+00,7.917194e-10,1.241085e-08,1.241085e-10,2.634559e-10,4.249839e-09,4.249839e-11
2.525635e+00,7.963543e-10,1.247777e-08,1.247777e-10,2.676860e-10,4.312897e-09,4.312897e-11
2.527772e+00,7.972742e-10,1.254511e-08,1.254511e-10,2.670943e-10,4.332726e-09,4.332726e-11
2.529909e+00,8.003358e-10,1.263986e-08,1.263986e-10,2.674385e-10,4.385465e-09,4.385465e-11
2.532045e+00,8.072914e-10,1.274234e-08,1.274234e-10,2.720982e-10,4.452001e-09,4.452001e-11
2.534182e+00,8.118516e-10,1.283099e-08,1.283099e-10,2.760667e-10,4.517817e-09,4.517817e-11
2.536319e+00,8.101073e-10,1.289394e-08,1.289394e-10,2.750703e-10,4.541801e-09,4.541801e-11
2.538456e+00,8.075074e-10,1.296648e-08,1.296648e-10,2.731750e-10,4.572843e-09,4.572843e-11
2.540592e+00,8.101921e-10,1.305821e-08,1.305821e-10,2.754944e-10,4.622272e-09,4.622272e-11
2.542729e+00,8.151464e-10,1.315638e-08,1.315638e-10,2.792380e-10,4.677328e-09,4.677328e-11
2.544866e+00,8.156163e-10,1.323368e-08,1.323368e-10,2.789193e-10,4.695687e-09,4.695687e-11
2.547003e+00,8.122651e-10,1.329583e-08,1.329583e-10,2.759787e-10,4.694289e-09,4.694289e-11
2.549139e+00,8.116877e-10,1.336974e-08,1.336974e-10,2.758303e-10,4.705184e-09,4.705184e-11
2.551276e+00,8.155975e-10,1.346175e-08,1.346175e-10,2.783588e-10,4.733445e-09,4.733445e-11
2.553413e+00,8.191371e-10,1.355501e-08,1.355501e-10,2.787516e-10,4.749320e-09,4.749320e-11
2.555550e+00,8.196834e-10,1.363231e-08,1.363231e-10,2.763328e-10,4.740380e-09,4.740380e-11
2.557686e+00,8.202152e-10,1.370438e-08,1.370438e-10,2.752386e-10,4.731755e-09,4.731755e-11
2.559823e+00,8.232246e-10,1.378706e-08,1.378706e-10,2.766867e-10,4.741646e-09,4.741646e-11
2.561960e+00,8.270423e-10,1.388343e-08,1.388343e-10,2.772799e-10,4.761640e-09,4.761640e-11
2.564097e+00,8.297593e-10,1.397541e-08,1.397541e-10,2.756586e-10,4.768112e-09,4.768112e-11
2.566233e+00,8.320679e-10,1.405019e-08,1.405019e-10,2.746631e-10,4.764942e-09,4.764942e-11
2.568370e+00,8.349600e-10,1.411109e-08,1.411109e-10,2.758427e-10,4.761912e-09,4.761912e-11
2.570507e+00,8.379083e-10,1.417847e-08,1.417847e-10,2.769096e-10,4.771902e-09,4.771902e-11
2.572643e+00,8.408456e-10,1.425902e-08,1.425902e-10,2.764003e-10,4.782578e-09,4.782578e-11
2.574780e+00,8.449845e-10,1.434394e-08,1.434394e-10,2.763313e-10,4.790816e-09,4.790816e-11
2.576917e+00,8.499069e-10,1.442412e-08,1.442412e-10,2.778905e-10,4.786613e-09,4.786613e-11
2.579054e+00,8.529943e-10,1.449671e-08,1.449671e-10,2.789300e-10,4.780565e-09,4.780565e-11
2.581190e+00,8.538029e-10,1.457034e-08,1.457034e-10,2.781993e-10,4.778085e-09,4.778085e-11
2.583327e+00,8.555385e-10,1.466129e-08,1.466129e-10,2.778666e-10,4.787910e-09,4.787910e-11
2.585464e+00,8.598567e-10,1.476853e-08,1.476853e-10,2.791940e-10,4.794097e-09,4.794097e-11
2.587601e+00,8.639295e-10,1.488558e-08,1.488558e-10,2.798978e-10,4.787187e-09,4.787187e-11
2.589737e+00,8.650730e-10,1.500521e-08,1.500521e-10,2.785130e-10,4.774546e-09,4.774546e-11
2.591874e+00,8.643657e-10,1.511799e-08,1.511799e-10,2.772711e-10,4.777549e-09,4.777549e-11
2.594011e+00,8.634782e-10,1.522545e-08,1.522545e-10,2.776485e-10,4.791747e-09,4.791747e-11
2.596148e+00,8.618108e-10,1.533478e-08,1.533478e-10,2.772800e-10,4.795375e-09,4.795375e-11
2.598284e+00,8.590224e-10,1.545020e-08,1.545020e-10,2.745305e-10,4.777234e-09,4.777234e-11
2.600421e+00,8.564946e-10,1.557681e-08,1.557681e-10,2.719942e-10,4.766321e-09,4.766321e-11
2.602558e+00,8.538328e-10,1.569006e-08,1.569006e-10,2.716739e-10,4.773351e-09,4.773351e-11
2.604695e+00,8.474037e-10,1.577399e-08,1.577399e-10,2.704842e-10,4.785680e-09,4.785680e-11
2.606831e+00,8.360913e-10,1.583617e-08,1.583617e-10,2.653547e-10,4.764918e-09,4.764918e-11
2.608968e+00,8.255591e-10,1.590369e-08,1.590369e-10,2.597128e-10,4.737876e-09,4.737876e-11
2.611105e+00,8.213533e-10,1.598865e-08,1.598865e-10,2.584970e-10,4.725317e-09,4.725317e-11
2.613242e+00,8.198385e-10,1.608036e-08,1.608036e-10,2.592766e-10,4.741882e-09,4.741882e-11
2.615378e+00,8.130225e-10,1.613144e-08,1.613144e-10,2.558355e-10,4.723892e-09,4.723892e-11
2.617515e+00,8.013605e-10,1.613723e-08,1.613723e-10,2.491648e-10,4.680557e-09,4.680557e-11
2.619652e+00,7.932926e-10,1.612853e-08,1.612853e-10,2.462708e-10,4.640960e-09,4.640960e-11
2.621789e+00,7.917897e-10,1.612000e-08,1.612000e-10,2.480937e-10,4.633151e-09,4.633151e-11
2.623925e+00,7.901979e-10,1.609638e-08,1.609638e-10,2.476822e-10,4.615031e-09,4.615031e-11
2.626062e+00,7.834455e-10,1.602292e-08,1.602292e-10,2.422687e-10,4.541996e-09,4.541996e-11
2.628199e+00,7.753453e-10,1.590038e-08,1.590038e-10,2.380797e-10,4.481170e-09,4.481170e-11
2.630336e+00,7.708619e-10,1.573940e-08,1.573940e-10,2.393033e-10,4.431955e-09,4.431955e-11
2.632472e+00,7.676259e-10,1.556027e-08,1.556027e-10,2.404920e-10,4.413174e-09,4.413174e-11
2.634609e+00,7.610112e-10,1.534501e-08,1.534501e-10,2.360051e-10,4.311345e-09,4.311345e-11
2.636746e+00,7.529294e-10,1.510543e-08,1.510543e-10,2.301899e-10,4.223893e-09,4.223893e-11
2.638883e+00,7.485048e-10,1.484378e-08,1.484378e-10,2.301100e-10,4.155840e-09,4.155840e-11
2.641019e+00,7.469186e-10,1.458212e-08,1.458212e-10,2.331928e-10,4.139231e-09,4.139231e-11
2.643156e+00,7.436203e-10,1.431824e-08,1.431824e-10,2.317734e-10,4.069572e-09,4.069572e-11
2.645293e+00,7.396685e-10,1.406256e-08,1.406256e-10,2.267443e-10,3.966100e-09,3.966100e-11
2.647430e+00,7.400473e-10,1.383116e-08,1.383116e-10,2.260388e-10,3.917968e-09,3.917968e-11
2.649566e+00,7.437829e-10,1.361697e-08,1.361697e-10,2.306428e-10,3.905128e-09,3.905128e-11
2.651703e+00,7.446944e-10,1.342073e-08,1.342073e-10,2.328255e-10,3.900466e-09,3.900466e-11
2.653840e+00,7.421080e-10,1.323556e-08,1.323556e-10,2.295850e-10,3.813660e-09,3.813660e-11
2.655977e+00,7.422830e-10,1.308686e-08,1.308686e-10,2.276999e-10,3.781057e-09,3.781057e-11
2.658113e+00,7.472578e-10,1.296103e-08,1.296103e-10,2.318094e-10,3.777989e-09,3.777989e-11
2.660250e+00,7.501024e-10,1.284640e-08,1.284640e-10,2.363075e-10,3.808994e-09,3.808994e-11
2.662387e+00,7.455281e-10,1.271865e-08,1.271865e-10,2.348895e-10,3.773741e-09,3.773741e-11
2.664524e+00,7.391286e-10,1.260985e-08,1.260985e-10,2.312598e-10,3.745029e-09,3.745029e-11
2.666660e+00,7.389966e-10,1.253360e-08,1.253360e-10,2.326035e-10,3.756925e-09,3.756925e-11
2.668797e+00,7.429119e-10,1.249122e-08,1.249122e-10,2.373209e-10,3.797892e-09,3.797892e-11
2.670934e+00,7.425890e-10,1.245703e-08,1.245703e-10,2.383077e-10,3.818599e-09,3.818599e-11
2.673071e+00,7.377237e-10,1.242323e-08,1.242323e-10,2.353794e-10,3.810559e-09,3.810559e-11
2.675207e+00,7.364776e-10,1.242163e-08,1.242163e-10,2.353072e-10,3.837384e-09,3.837384e-11
2.677344e+00,7.425876e-10,1.246024e-08,1.246024e-10,2.402386e-10,3.883712e-09,3.883712e-11
2.679481e+00,7.509077e-10,1.253258e-08,1.253258e-10,2.448337e-10,3.936711e-09,3.936711e-11
2.681618e+00,7.564193e-10,1.261720e-08,1.261720e-10,2.458180e-10,3.958033e-09,3.958033e-11
2.683754e+00,7.604318e-10,1.270401e-08,1.270401e-10,2.467583e-10,3.992997e-09,3.992997e-11
2.685891e+00,7.658181e-10,1.277972e-08,1.277972e-10,2.509050e-10,4.038353e-09,4.038353e-11
2.688028e+00,7.716192e-10,1.286321e-08,1.286321e-10,2.556372e-10,4.094797e-09,4.094797e-11
2.690165e+00,7.759747e-10,1.295160e-08,1.295160e-10,2.576116e-10,4.132393e-09,4.132393e-11
2.692301e+00,7.804814e-10,1.305033e-08,1.305033e-10,2.587155e-10,4.170886e-09,4.170886e-11
2.694438e+00,7.872354e-10,1.315171e-08,1.315171e-10,2.623950e-10,4.220322e-09,4.220322e-11
2.696575e+00,7.940269e-10,1.324401e-08,1.324401e-10,2.672962e-10,4.279245e-09,4.279245e-11
2.698712e+00,7.977080e-10,1.333370e-08,1.333370e-10,2.698487e-10,4.329226e-09,4.329226e-11
2.700848e+00,8.004642e-10,1.343872e-08,1.343872e-10,2.707941e-10,4.374567e-09,4.374567e-11
2.702985e+00,8.070261e-10,1.357310e-08,1.357310e-10,2.736991e-10,4.430022e-09,4.430022e-11
2.705122e+00,8.170205e-10,1.373166e-08,1.373166e-10,2.786435e-10,4.494632e-09,4.494632e-11
2.707259e+00,8.253092e-10,1.390274e-08,1.390274e-10,2.821994e-10,4.557481e-09,4.557481e-11
2.709395e+00,8.297127e-10,1.408383e-08,1.408383e-10,2.832049e-10,4.610305e-09,4.610305e-11
2.711532e+00,8.339126e-10,1.428845e-08,1.428845e-10,2.843828e-10,4.668354e-09,4.668354e-11
2.713669e+00,8.419207e-10,1.451971e-08,1.451971e-10,2.876520e-10,4.733629e-09,4.733629e-11
2.715806e+00,8.528056e-10,1.477739e-08,1.477739e-10,2.913933e-10,4.805753e-09,4.805753e-11
2.717942e+00,8.628639e-10,1.505163e-08,1.505163e-10,2.936611e-10,4.874885e-09,4.874885e-11
2.720079e+00,8.712198e-10,1.533645e-08,1.533645e-10,2.953204e-10,4.949557e-09,4.949557e-11
2.722216e+00,8.803691e-10,1.563561e-08,1.563561e-10,2.982293e-10,5.033023e-09,5.033023e-11
2.724353e+00,8.919235e-10,1.594402e-08,1.594402e-10,3.020810e-10,5.122842e-09,5.122842e-11
2.726489e+00,9.046482e-10,1.625517e-08,1.625517e-10,3.051566e-10,5.210606e-09,5.210606e-11
2.728626e+00,9.167731e-10,1.656409e-08,1.656409e-10,3.072987e-10,5.294973e-09,5.294973e-11
2.730763e+00,9.281813e-10,1.686444e-08,1.686444e-10,3.098403e-10,5.380517e-09,5.380517e-11
2.732900e+00,9.401698e-10,1.715402e-08,1.715402e-10,3.134724e-10,5.465046e-09,5.465046e-11
2.735036e+00,9.538788e-10,1.742850e-08,1.742850e-10,3.176819e-10,5.545176e-09,5.545176e-11
2.737173e+00,9.683263e-10,1.767563e-08,1.767563e-10,3.214221e-10,5.613433e-09,5.613433e-11
2.739310e+00,9.804492e-10,1.788282e-08,1.788282e-10,3.239282e-10,5.665851e-09,5.665851e-11
2.741447e+00,9.882290e-10,1.804207e-08,1.804207e-10,3.254178e-10,5.704209e-09,5.704209e-11
2.743583e+00,9.932559e-10,1.815944e-08,1.815944e-10,3.268764e-10,5.730520e-09,5.730520e-11
2.745720e+00,9.990043e-10,1.824795e-08,1.824795e-10,3.288538e-10,5.746253e-09,5.746253e-11
2.747857e+00,1.006703e-09,1.831446e-08,1.831446e-10,3.305652e-10,5.748123e-09,5.748123e-11
2.749994e+00,1.014045e-09,1.835792e-08,1.835792e-10,3.309717e-10,5.732699e-09,5.732699e-11
2.752130e+00,1.017953e-09,1.836491e-08,1.836491e-10,3.303985e-10,5.702475e-09,5.702475e-11
2.754267e+00,1.018012e-09,1.832523e-08,1.832523e-10,3.298524e-10,5.657273e-09,5.657273e-11
2.756404e+00,1.016459e-09,1.825910e-08,1.825910e-10,3.291334e-10,5.602988e-09,5.602988e-11
2.758540e+00,1.015437e-09,1.819297e-08,1.819297e-10,3.271864e-10,5.536617e-09,5.536617e-11
2.760677e+00,1.015625e-09,1.813965e-08,1.813965e-10,3.244531e-10,5.463692e-09,5.463692e-11
2.762814e+00,1.016269e-09,1.809903e-08,1.809903e-10,3.229261e-10,5.394584e-09,5.394584e-11
2.764951e+00,1.015057e-09,1.805270e-08,1.805270e-10,3.226516e-10,5.328639e-09,5.328639e-11
2.767087e+00,1.009272e-09,1.799074e-08,1.799074e-10,3.205571e-10,5.260763e-09,5.260763e-11
2.769224e+00,9.992448e-10,1.792883e-08,1.792883e-10,3.150510e-10,5.178902e-09,5.178902e-11
2.771361e+00,9.892158e-10,1.789481e-08,1.789481e-10,3.091534e-10,5.107623e-09,5.107623e-11
2.773498e+00,9.826277e-10,1.789787e-08,1.789787e-10,3.063178e-10,5.053217e-09,5.053217e-11
2.775634e+00,9.781113e-10,1.792725e-08,1.792725e-10,3.053270e-10,5.019869e-09,5.019869e-11
2.777771e+00,9.719900e-10,1.797088e-08,1.797088e-10,3.023450e-10,4.988075e-09,4.988075e-11
2.779908e+00,9.640222e-10,1.802753e-08,1.802753e-10,2.971977e-10,4.956054e-09,4.956054e-11
2.782045e+00,9.576469e-10,1.809793e-08,1.809793e-10,2.936516e-10,4.939684e-09,4.939684e-11
2.784181e+00,9.543483e-10,1.817980e-08,1.817980e-10,2.931133e-10,4.937174e-09,4.937174e-11
2.786318e+00,9.514219e-10,1.826400e-08,1.826400e-10,2.924514e-10,4.948000e-09,4.948000e-11
2.788455e+00,9.468319e-10,1.833281e-08,1.833281e-10,2.894407e-10,4.947879e-09,4.947879e-11
2.790592e+00,9.431395e-10,1.839066e-08,1.839066e-10,2.867307e-10,4.959187e-09,4.959187e-11
2.792728e+00,9.433114e-10,1.844274e-08,1.844274e-10,2.875449e-10,4.982940e-09,4.982940e-11
2.794865e+00,9.452641e-10,1.847881e-08,1.847881e-10,2.900806e-10,5.016017e-09,5.016017e-11
2.797002e+00,9.441148e-10,1.848147e-08,1.848147e-10,2.900288e-10,5.036356e-09,5.036356e-11
2.799139e+00,9.384792e-10,1.844276e-08,1.844276e-10,2.871168e-10,5.042321e-09,5.042321e-11
2.801275e+00,9.316761e-10,1.836906e-08,1.836906e-10,2.851296e-10,5.052681e-09,5.052681e-11
2.803412e+00,9.268335e-10,1.827720e-08,1.827720e-10,2.859285e-10,5.064892e-09,5.064892e-11
2.805549e+00,9.235656e-10,1.817779e-08,1.817779e-10,2.870548e-10,5.077135e-09,5.077135e-11
2.807686e+00,9.200400e-10,1.806709e-08,1.806709e-10,2.860335e-10,5.072342e-09,5.072342e-11
2.809822e+00,9.161049e-10,1.793910e-08,1.793910e-10,2.841539e-10,5.061866e-09,5.061866e-11
2.811959e+00,9.125456e-10,1.779129e-08,1.779129e-10,2.838197e-10,5.049336e-09,5.049336e-11
2.814096e+00,9.091225e-10,1.763682e-08,1.763682e-10,2.844827e-10,5.038840e-09,5.038840e-11
2.816233e+00,9.057964e-10,1.748793e-08,1.748793e-10,2.840126e-10,5.025424e-09,5.025424e-11
2.818369e+00,9.039944e-10,1.735053e-08,1.735053e-10,2.823983e-10,5.008779e-09,5.008779e-11
2.820506e+00,9.042481e-10,1.722463e-08,1.722463e-10,2.815231e-10,4.999328e-09,4.999328e-11
2.822643e+00,9.040054e-10,1.710395e-08,1.710395e-10,2.818533e-10,4.996122e-09,4.996122e-11
2.824780e+00,9.002246e-10,1.698426e-08,1.698426e-10,2.816266e-10,4.995904e-09,4.995904e-11
2.826916e+00,8.934024e-10,1.686887e-08,1.686887e-10,2.797187e-10,4.991394e-09,4.991394e-11
2.829053e+00,8.871285e-10,1.676369e-08,1.676369e-10,2.774216e-10,4.986306e-09,4.986306e-11
2.831190e+00,8.836938e-10,1.667000e-08,1.667000e-10,2.764877e-10,4.983447e-09,4.983447e-11
2.833327e+00,8.816535e-10,1.658528e-08,1.658528e-10,2.768181e-10,4.981385e-09,4.981385e-11
2.835463e+00,8.785121e-10,1.650230e-08,1.650230e-10,2.769953e-10,4.975249e-09,4.975249e-11
2.837600e+00,8.741612e-10,1.641712e-08,1.641712e-10,2.762922e-10,4.961282e-09,4.961282e-11
2.839737e+00,8.701905e-10,1.632734e-08,1.632734e-10,2.751460e-10,4.939117e-09,4.939117e-11
2.841874e+00,8.667917e-10,1.623198e-08,1.623198e-10,2.738975e-10,4.909784e-09,4.909784e-11
2.844010e+00,8.626095e-10,1.612968e-08,1.612968e-10,2.723867e-10,4.874292e-09,4.874292e-11
2.846147e+00,8.571634e-10,1.601766e-08,1.601766e-10,2.706049e-10,4.833257e-09,4.833257e-11
2.848284e+00,8.513344e-10,1.589440e-08,1.589440e-10,2.686323e-10,4.785712e-09,4.785712e-11
2.850421e+00,8.459210e-10,1.576113e-08,1.576113e-10,2.663534e-10,4.730411e-09,4.730411e-11
2.852557e+00,8.407592e-10,1.562196e-08,1.562196e-10,2.637939e-10,4.669962e-09,4.669962e-11
2.854694e+00,8.353630e-10,1.547960e-08,1.547960e-10,2.614319e-10,4.609935e-09,4.609935e-11
2.856831e+00,8.295117e-10,1.533270e-08,1.533270e-10,2.596030e-10,4.552434e-09,4.552434e-11
2.858968e+00,8.230117e-10,1.517829e-08,1.517829e-10,2.576728e-10,4.493143e-09,4.493143e-11
2.861104e+00,8.157169e-10,1.501892e-08,1.501892e-10,2.547152e-10,4.427291e-09,4.427291e-11
2.863241e+00,8.079535e-10,1.486148e-08,1.486148e-10,2.510959e-10,4.360485e-09,4.360485e-11
2.865378e+00,8.004981e-10,1.471179e-08,1.471179e-10,2.482075e-10,4.302754e-09,4.302754e-11
2.867515e+00,7.934827e-10,1.456883e-08,1.456883e-10,2.462967e-10,4.253390e-09,4.253390e-11
2.869651e+00,7.861805e-10,1.442785e-08,1.442785e-10,2.439225e-10,4.202454e-09,4.202454e-11
2.871788e+00,7.785938e-10,1.429059e-08,1.429059e-10,2.402609e-10,4.143304e-09,4.143304e-11
2.873925e+00,7.720694e-10,1.416676e-08,1.416676e-10,2.367457e-10,4.089854e-09,4.089854e-11
2.876062e+00,7.674876e-10,1.406157e-08,1.406157e-10,2.350498e-10,4.051524e-09,4.051524e-11
2.878198e+00,7.636677e-10,1.396905e-08,1.396905e-10,2.343231e-10,4.021787e-09,4.021787e-11
2.880335e+00,7.589397e-10,1.387995e-08,1.387995e-10,2.324159e-10,3.982169e-09,3.982169e-11
2.882472e+00,7.535130e-10,1.379544e-08,1.379544e-10,2.292525e-10,3.933320e-09,3.933320e-11
2.884609e+00,7.489243e-10,1.372497e-08,1.372497e-10,2.269184e-10,3.895816e-09,3.895816e-11
2.886745e+00,7.452714e-10,1.367067e-08,1.367067e-10,2.262439e-10,3.876056e-09,3.876056e-11
2.888882e+00,7.408666e-10,1.362047e-08,1.362047e-10,2.253680e-10,3.859138e-09,3.859138e-11
2.891019e+00,7.355088e-10,1.356476e-08,1.356476e-10,2.229275e-10,3.824535e-09,3.824535e-11
2.893156e+00,7.317977e-10,1.351396e-08,1.351396e-10,2.205987e-10,3.787521e-09,3.787521e-11
2.895292e+00,7.320274e-10,1.348578e-08,1.348578e-10,2.206526e-10,3.772187e-09,3.772187e-11
2.897429e+00,7.353268e-10,1.348338e-08,1.348338e-10,2.225969e-10,3.782436e-09,3.782436e-11
2.899566e+00,7.393002e-10,1.349062e-08,1.349062e-10,2.242248e-10,3.793184e-09,3.793184e-11
2.901703e+00,7.432248e-10,1.349476e-08,1.349476e-10,2.249693e-10,3.788918e-09,3.788918e-11
2.903839e+00,7.479865e-10,1.350608e-08,1.350608e-10,2.262357e-10,3.787919e-09,3.787919e-11
2.905976e+00,7.538286e-10,1.354487e-08,1.354487e-10,2.286769e-10,3.814987e-09,3.814987e-11
2.908113e+00,7.597627e-10,1.361181e-08,1.361181e-10,2.311787e-10,3.866410e-09,3.866410e-11
2.910250e+00,7.652661e-10,1.368925e-08,1.368925e-10,2.329653e-10,3.916085e-09,3.916085e-11
2.912386e+00,7.709846e-10,1.376462e-08,1.376462e-10,2.346979e-10,3.950511e-09,3.950511e-11
2.914523e+00,7.775529e-10,1.385495e-08,1.385495e-10,2.370654e-10,3.989892e-09,3.989892e-11
2.916660e+00,7.852372e-10,1.398311e-08,1.398311e-10,2.400147e-10,4.056457e-09,4.056457e-11
2.918797e+00,7.949712e-10,1.415078e-08,1.415078e-10,2.437564e-10,4.147904e-09,4.147904e-11
2.920933e+00,8.076337e-10,1.433907e-08,1.433907e-10,2.488367e-10,4.238692e-09,4.238692e-11
2.923070e+00,8.216193e-10,1.453359e-08,1.453359e-10,2.545300e-10,4.313355e-09,4.313355e-11
2.925207e+00,8.339171e-10,1.474447e-08,1.474447e-10,2.591756e-10,4.386287e-09,4.386287e-11
2.927344e+00,8.442701e-10,1.499032e-08,1.499032e-10,2.629596e-10,4.480359e-09,4.480359e-11
2.929480e+00,8.556393e-10,1.527350e-08,1.527350e-10,2.680066e-10,4.599209e-09,4.599209e-11
2.931617e+00,8.695904e-10,1.557133e-08,1.557133e-10,2.746926e-10,4.713146e-09,4.713146e-11
2.933754e+00,8.839359e-10,1.587326e-08,1.587326e-10,2.804582e-10,4.806680e-09,4.806680e-11
2.935890e+00,8.967144e-10,1.618611e-08,1.618611e-10,2.839245e-10,4.887125e-09,4.887125e-11
2.938027e+00,9.098102e-10,1.652235e-08,1.652235e-10,2.877538e-10,4.991213e-09,4.991213e-11
2.940164e+00,9.258319e-10,1.687115e-08,1.687115e-10,2.945878e-10,5.111317e-09,5.111317e-11
2.942301e+00,9.429284e-10,1.720648e-08,1.720648e-10,3.020193e-10,5.221509e-09,5.221509e-11
2.944437e+00,9.567010e-10,1.751281e-08,1.751281e-10,3.058041e-10,5.293465e-09,5.293465e-11
2.946574e+00,9.668647e-10,1.779899e-08,1.779899e-10,3.068081e-10,5.352779e-09,5.352779e-11
2.948711e+00,9.775683e-10,1.807850e-08,1.807850e-10,3.099051e-10,5.433269e-09,5.433269e-11
2.950848e+00,9.905380e-10,1.834023e-08,1.834023e-10,3.161152e-10,5.521478e-09,5.521478e-11
2.952984e+00,1.002078e-09,1.856280e-08,1.856280e-10,3.207523e-10,5.588498e-09,5.588498e-11
2.955121e+00,1.008679e-09,1.873062e-08,1.873062e-10,3.209115e-10,5.608404e-09,5.608404e-11
2.957258e+00,1.011844e-09,1.884941e-08,1.884941e-10,3.201128e-10,5.626576e-09,5.626576e-11
2.959395e+00,1.014753e-09,1.892196e-08,1.892196e-10,3.223602e-10,5.650885e-09,5.650885e-11
2.961531e+00,1.016871e-09,1.894424e-08,1.894424e-10,3.254621e-10,5.672681e-09,5.672681e-11
2.963668e+00,1.015423e-09,1.890633e-08,1.890633e-10,3.247223e-10,5.649885e-09,5.649885e-11
2.965805e+00,1.010721e-09,1.881271e-08,1.881271e-10,3.208619e-10,5.594339e-09,5.594339e-11
2.967942e+00,1.005526e-09,1.867428e-08,1.867428e-10,3.188768e-10,5.546024e-09,5.546024e-11
2.970078e+00,9.997326e-10,1.848490e-08,1.848490e-10,3.196258e-10,5.502968e-09,5.502968e-11
2.972215e+00,9.902351e-10,1.822828e-08,1.822828e-10,3.183218e-10,5.439618e-09,5.439618e-11
2.974352e+00,9.765956e-10,1.789934e-08,1.789934e-10,3.124224e-10,5.320706e-09,5.320706e-11
2.976489e+00,9.626339e-10,1.752671e-08,1.752671e-10,3.056340e-10,5.186978e-09,5.186978e-11
2.978625e+00,9.509583e-10,1.713593e-08,1.713593e-10,3.019283e-10,5.063757e-09,5.063757e-11
2.980762e+00,9.393797e-10,1.673057e-08,1.673057e-10,2.996633e-10,4.955623e-09,4.955623e-11
2.982899e+00,9.245290e-10,1.629988e-08,1.629988e-10,2.945708e-10,4.826411e-09,4.826411e-11
2.985036e+00,9.069646e-10,1.583275e-08,1.583275e-10,2.863235e-10,4.660435e-09,4.660435e-11
2.987172e+00,8.902394e-10,1.533352e-08,1.533352e-10,2.786370e-10,4.486098e-09,4.486098e-11
2.989309e+00,8.757482e-10,1.483262e-08,1.483262e-10,2.735631e-10,4.328193e-09,4.328193e-11
2.991446e+00,8.614139e-10,1.435546e-08,1.435546e-10,2.690864e-10,4.194262e-09,4.194262e-11
2.993583e+00,8.460485e-10,1.390717e-08,1.390717e-10,2.630534e-10,4.054499e-09,4.054499e-11
2.995719e+00,8.321458e-10,1.351086e-08,1.351086e-10,2.567537e-10,3.915344e-09,3.915344e-11
2.997856e+00,8.223453e-10,1.318134e-08,1.318134e-10,2.527488e-10,3.802934e-09,3.802934e-11
2.999993e+00,8.152842e-10,1.289240e-08,1.289240e-10,2.509148e-10,3.720569e-09,3.720569e-11
3.002130e+00,8.069968e-10,1.260954e-08,1.260954e-10,2.486710e-10,3.645793e-09,3.645793e-11
3.004266e+00,7.958859e-10,1.233455e-08,1.233455e-10,2.445355e-10,3.555459e-09,3.555459e-11
3.006403e+00,7.851695e-10,1.211326e-08,1.211326e-10,2.402173e-10,3.470039e-09,3.470039e-11
3.008540e+00,7.797870e-10,1.199862e-08,1.199862e-10,2.387995e-10,3.428209e-09,3.428209e-11
3.010677e+00,7.806856e-10,1.199837e-08,1.199837e-10,2.408045e-10,3.445781e-09,3.445781e-11
3.012813e+00,7.829814e-10,1.204756e-08,1.204756e-10,2.430222e-10,3.485240e-09,3.485240e-11
3.014950e+00,7.810471e-10,1.204896e-08,1.204896e-10,2.423272e-10,3.485908e-09,3.485908e-11
3.017087e+00,7.743404e-10,1.197665e-08,1.197665e-10,2.395126e-10,3.451327e-09,3.451327e-11
3.019224e+00,7.669536e-10,1.190130e-08,1.190130e-10,2.377621e-10,3.426803e-09,3.426803e-11
3.021360e+00,7.625193e-10,1.189529e-08,1.189529e-10,2.380849e-10,3.444702e-09,3.444702e-11
3.023497e+00,7.611931e-10,1.196936e-08,1.196936e-10,2.384970e-10,3.484899e-09,3.484899e-11
3.025634e+00,7.612598e-10,1.209031e-08,1.209031e-10,2.378175e-10,3.523675e-09,3.523675e-11
3.027771e+00,7.614465e-10,1.219247e-08,1.219247e-10,2.375262e-10,3.558434e-09,3.558434e-11
3.029907e+00,7.609630e-10,1.222745e-08,1.222745e-10,2.387839e-10,3.585402e-09,3.585402e-11
3.032044e+00,7.591469e-10,1.221347e-08,1.221347e-10,2.399937e-10,3.611913e-09,3.611913e-11
3.034181e+00,7.570258e-10,1.220790e-08,1.220790e-10,2.395358e-10,3.631823e-09,3.631823e-11
3.036318e+00,7.574849e-10,1.225037e-08,1.225037e-10,2.391208e-10,3.662262e-09,3.662262e-11
3.038454e+00,7.613220e-10,1.234119e-08,1.234119e-10,2.411708e-10,3.711764e-09,3.711764e-11
3.040591e+00,7.648547e-10,1.245257e-08,1.245257e-10,2.442313e-10,3.781942e-09,3.781942e-11
3.042728e+00,7.640216e-10,1.251858e-08,1.251858e-10,2.447325e-10,3.830600e-09,3.830600e-11
3.044865e+00,7.595834e-10,1.249930e-08,1.249930e-10,2.425350e-10,3.838243e-09,3.838243e-11
3.047001e+00,7.554829e-10,1.242101e-08,1.242101e-10,2.408999e-10,3.820488e-09,3.820488e-11
3.049138e+00,7.535032e-10,1.234928e-08,1.234928e-10,2.412148e-10,3.807407e-09,3.807407e-11
3.051275e+00,7.527869e-10,1.232303e-08,1.232303e-10,2.416092e-10,3.807832e-09,3.807832e-11
3.053412e+00,7.537397e-10,1.234579e-08,1.234579e-10,2.413154e-10,3.813457e-09,3.813457e-11
3.055548e+00,7.581091e-10,1.238342e-08,1.238342e-10,2.422459e-10,3.824164e-09,3.824164e-11
3.057685e+00,7.639390e-10,1.237623e-08,1.237623e-10,2.445769e-10,3.819194e-09,3.819194e-11
3.059822e+00,7.653168e-10,1.230167e-08,1.230167e-10,2.449500e-10,3.797321e-09,3.797321e-11
3.061959e+00,7.602238e-10,1.218499e-08,1.218499e-10,2.417351e-10,3.754267e-09,3.754267e-11
3.064095e+00,7.546952e-10,1.208982e-08,1.208982e-10,2.385167e-10,3.728308e-09,3.728308e-11
3.066232e+00,7.552180e-10,1.204155e-08,1.204155e-10,2.388625e-10,3.717719e-09,3.717719e-11
3.068369e+00,7.603716e-10,1.204120e-08,1.204120e-10,2.407104e-10,3.728262e-09,3.728262e-11
3.070506e+00,7.643952e-10,1.205505e-08,1.205505e-10,2.402607e-10,3.724151e-09,3.724151e-11
3.072642e+00,7.660110e-10,1.205545e-08,1.205545e-10,2.386957e-10,3.721817e-09,3.721817e-11
3.074779e+00,7.689557e-10,1.204674e-08,1.204674e-10,2.398953e-10,3.726075e-09,3.726075e-11
3.076916e+00,7.752105e-10,1.206636e-08,1.206636e-10,2.433198e-10,3.743413e-09,3.743413e-11
3.079053e+00,7.827311e-10,1.214683e-08,1.214683e-10,2.448819e-10,3.760142e-09,3.760142e-11
3.081189e+00,7.901270e-10,1.229638e-08,1.229638e-10,2.444009e-10,3.783195e-09,3.783195e-11
3.083326e+00,7.986891e-10,1.250433e-08,1.250433e-10,2.461581e-10,3.849803e-09,3.849803e-11
3.085463e+00,8.081328e-10,1.272783e-08,1.272783e-10,2.509772e-10,3.928816e-09,3.928816e-11
3.087600e+00,8.151189e-10,1.294828e-08,1.294828e-10,2.539746e-10,4.002199e-09,4.002199e-11
3.089736e+00,8.190743e-10,1.316804e-08,1.316804e-10,2.528564e-10,4.037221e-09,4.037221e-11
3.091873e+00,8.245668e-10,1.341873e-08,1.341873e-10,2.524647e-10,4.103369e-09,4.103369e-11
3.094010e+00,8.342795e-10,1.369663e-08,1.369663e-10,2.570515e-10,4.197163e-09,4.197163e-11
3.096147e+00,8.441625e-10,1.397373e-08,1.397373e-10,2.630615e-10,4.304035e-09,4.304035e-11
3.098283e+00,8.497166e-10,1.423213e-08,1.423213e-10,2.648884e-10,4.369078e-09,4.369078e-11
3.100420e+00,8.533108e-10,1.448029e-08,1.448029e-10,2.640910e-10,4.418214e-09,4.418214e-11
3.102557e+00,8.602018e-10,1.472822e-08,1.472822e-10,2.665585e-10,4.490609e-09,4.490609e-11
3.104694e+00,8.698484e-10,1.496683e-08,1.496683e-10,2.725417e-10,4.573791e-09,4.573791e-11
3.106830e+00,8.765989e-10,1.517168e-08,1.517168e-10,2.762612e-10,4.637165e-09,4.637165e-11
3.108967e+00,8.790590e-10,1.533320e-08,1.533320e-10,2.756410e-10,4.652179e-09,4.652179e-11
3.111104e+00,8.832396e-10,1.548021e-08,1.548021e-10,2.758105e-10,4.674659e-09,4.674659e-11
3.113241e+00,8.936489e-10,1.562246e-08,1.562246e-10,2.806796e-10,4.709729e-09,4.709729e-11
3.115377e+00,9.061286e-10,1.574599e-08,1.574599e-10,2.867431e-10,4.749222e-09,4.749222e-11
3.117514e+00,9.134449e-10,1.581399e-08,1.581399e-10,2.888294e-10,4.748040e-09,4.748040e-11
3.119651e+00,9.144769e-10,1.581309e-08,1.581309e-10,2.877513e-10,4.718885e-09,4.718885e-11
3.121787e+00,9.135294e-10,1.576910e-08,1.576910e-10,2.878871e-10,4.693123e-09,4.693123e-11
3.123924e+00,9.131185e-10,1.570532e-08,1.570532e-10,2.900202e-10,4.678698e-09,4.678698e-11
3.126061e+00,9.113924e-10,1.562108e-08,1.562108e-10,2.908741e-10,4.660370e-09,4.660370e-11
3.128198e+00,9.054469e-10,1.550515e-08,1.550515e-10,2.884761e-10,4.614325e-09,4.614325e-11
3.130334e+00,8.949433e-10,1.534345e-08,1.534345e-10,2.846582e-10,4.557110e-09,4.557110e-11
3.132471e+00,8.823196e-10,1.514904e-08,1.514904e-10,2.820276e-10,4.508106e-09,4.508106e-11
3.134608e+00,8.705511e-10,1.496002e-08,1.496002e-10,2.807848e-10,4.477515e-09,4.477515e-11
3.136745e+00,8.613040e-10,1.478459e-08,1.478459e-10,2.795512e-10,4.449541e-09,4.449541e-11
3.138881e+00,8.544884e-10,1.461593e-08,1.461593e-10,2.777800e-10,4.411851e-09,4.411851e-11
3.141018e+00,8.484908e-10,1.444978e-08,1.444978e-10,2.761470e-10,4.377285e-09,4.377285e-11
3.143155e+00,8.412243e-10,1.427713e-08,1.427713e-10,2.753106e-10,4.359250e-09,4.359250e-11
3.145292e+00,8.320571e-10,1.410287e-08,1.410287e-10,2.749432e-10,4.357716e-09,4.357716e-11
3.147428e+00,8.221623e-10,1.393811e-08,1.393811e-10,2.738096e-10,4.355904e-09,4.355904e-11
3.149565e+00,8.128140e-10,1.378260e-08,1.378260e-10,2.712194e-10,4.340461e-09,4.340461e-11
3.151702e+00,8.043166e-10,1.363623e-08,1.363623e-10,2.684258e-10,4.325903e-09,4.325903e-11
3.153839e+00,7.962272e-10,1.349632e-08,1.349632e-10,2.673226e-10,4.323992e-09,4.323992e-11
3.155975e+00,7.876396e-10,1.336092e-08,1.336092e-10,2.674184e-10,4.331285e-09,4.331285e-11
3.158112e+00,7.781479e-10,1.323330e-08,1.323330e-10,2.661173e-10,4.324481e-09,4.324481e-11
3.160249e+00,7.691784e-10,1.312409e-08,1.312409e-10,2.629361e-10,4.298042e-09,4.298042e-11
3.162386e+00,7.625346e-10,1.304485e-08,1.304485e-10,2.606451e-10,4.278758e-09,4.278758e-11
3.164522e+00,7.574228e-10,1.299356e-08,1.299356e-10,2.607431e-10,4.275439e-09,4.275439e-11
3.166659e+00,7.511902e-10,1.295972e-08,1.295972e-10,2.607202e-10,4.281339e-09,4.281339e-11
3.168796e+00,7.435680e-10,1.293729e-08,1.293729e-10,2.580322e-10,4.267997e-09,4.267997e-11
3.170933e+00,7.378844e-10,1.293185e-08,1.293185e-10,2.545910e-10,4.251787e-09,4.251787e-11
3.173069e+00,7.363757e-10,1.294904e-08,1.294904e-10,2.540082e-10,4.251040e-09,4.251040e-11
3.175206e+00,7.362431e-10,1.298307e-08,1.298307e-10,2.555732e-10,4.272441e-09,4.272441e-11
3.177343e+00,7.334102e-10,1.301347e-08,1.301347e-10,2.553994e-10,4.290204e-09,4.290204e-11
3.179480e+00,7.291160e-10,1.303971e-08,1.303971e-10,2.531762e-10,4.296620e-09,4.296620e-11
3.181616e+00,7.279512e-10,1.306750e-08,1.306750e-10,2.525562e-10,4.307893e-09,4.307893e-11
3.183753e+00,7.296721e-10,1.310240e-08,1.310240e-10,2.545013e-10,4.331763e-09,4.331763e-11
3.185890e+00,7.289104e-10,1.313189e-08,1.313189e-10,2.555323e-10,4.359888e-09,4.359888e-11
3.188027e+00,7.236014e-10,1.313738e-08,1.313738e-10,2.538842e-10,4.374333e-09,4.374333e-11
3.190163e+00,7.182591e-10,1.312844e-08,1.312844e-10,2.525127e-10,4.389151e-09,4.389151e-11
3.192300e+00,7.172887e-10,1.311946e-08,1.311946e-10,2.537325e-10,4.407050e-09,4.407050e-11
3.194437e+00,7.194905e-10,1.311804e-08,1.311804e-10,2.554005e-10,4.430601e-09,4.430601e-11
3.196574e+00,7.211261e-10,1.311924e-08,1.311924e-10,2.551215e-10,4.442766e-09,4.442766e-11
3.198710e+00,7.211774e-10,1.310448e-08,1.310448e-10,2.543804e-10,4.457213e-09,4.457213e-11
3.200847e+00,7.210909e-10,1.305818e-08,1.305818e-10,2.553525e-10,4.470708e-09,4.470708e-11
3.202984e+00,7.213852e-10,1.301301e-08,1.301301e-10,2.565028e-10,4.490146e-09,4.490146e-11
3.205121e+00,7.222441e-10,1.297781e-08,1.297781e-10,2.555464e-10,4.493513e-09,4.493513e-11
3.207257e+00,7.257068e-10,1.296145e-08,1.296145e-10,2.545416e-10,4.499879e-09,4.499879e-11
3.209394e+00,7.324488e-10,1.296154e-08,1.296154e-10,2.566624e-10,4.514650e-09,4.514650e-11
3.211531e+00,7.379672e-10,1.294816e-08,1.294816e-10,2.597559e-10,4.538239e-09,4.538239e-11
3.213668e+00,7.378609e-10,1.291349e-08,1.291349e-10,2.593636e-10,4.543460e-09,4.543460e-11
3.215804e+00,7.357396e-10,1.289234e-08,1.289234e-10,2.567968e-10,4.539855e-09,4.539855e-11
3.217941e+00,7.390124e-10,1.290379e-08,1.290379e-10,2.574492e-10,4.551262e-09,4.551262e-11
3.220078e+00,7.476891e-10,1.294514e-08,1.294514e-10,2.614821e-10,4.577215e-09,4.577215e-11
3.222215e+00,7.542389e-10,1.300221e-08,1.300221e-10,2.631162e-10,4.601636e-09,4.601636e-11
3.224351e+00,7.548498e-10,1.305155e-08,1.305155e-10,2.602984e-10,4.600471e-09,4.600471e-11
3.226488e+00,7.546614e-10,1.311688e-08,1.311688e-10,2.582149e-10,4.618152e-09,4.618152e-11
3.228625e+00,7.596475e-10,1.321900e-08,1.321900e-10,2.605529e-10,4.652130e-09,4.652130e-11
3.230762e+00,7.685439e-10,1.336319e-08,1.336319e-10,2.636323e-10,4.706273e-09,4.706273e-11
3.232898e+00,7.765306e-10,1.353876e-08,1.353876e-10,2.631530e-10,4.738499e-09,4.738499e-11
3.235035e+00,7.831719e-10,1.374137e-08,1.374137e-10,2.616644e-10,4.784598e-09,4.784598e-11
3.237172e+00,7.915463e-10,1.397059e-08,1.397059e-10,2.639083e-10,4.852503e-09,4.852503e-11
3.239309e+00,8.018627e-10,1.423729e-08,1.423729e-10,2.684067e-10,4.945591e-09,4.945591e-11
3.241445e+00,8.119429e-10,1.453937e-08,1.453937e-10,2.703585e-10,5.033992e-09,5.033992e-11
3.243582e+00,8.223601e-10,1.487430e-08,1.487430e-10,2.702941e-10,5.121307e-09,5.121307e-11
3.245719e+00,8.353953e-10,1.523844e-08,1.523844e-10,2.728508e-10,5.230452e-09,5.230452e-11
3.247856e+00,8.500390e-10,1.562319e-08,1.562319e-10,2.784442e-10,5.354221e-09,5.354221e-11
3.249992e+00,8.632305e-10,1.602214e-08,1.602214e-10,2.828113e-10,5.481674e-09,5.481674e-11
3.252129e+00,8.752458e-10,1.642884e-08,1.642884e-10,2.846745e-10,5.596917e-09,5.596917e-11
3.254266e+00,8.889570e-10,1.683788e-08,1.683788e-10,2.876387e-10,5.718987e-09,5.718987e-11
3.256403e+00,9.039367e-10,1.723764e-08,1.723764e-10,2.933471e-10,5.842615e-09,5.842615e-11
3.258539e+00,9.161107e-10,1.761697e-08,1.761697e-10,2.985488e-10,5.960802e-09,5.960802e-11
3.260676e+00,9.242990e-10,1.796643e-08,1.796643e-10,3.010312e-10,6.060415e-09,6.060415e-11
3.262813e+00,9.320296e-10,1.828264e-08,1.828264e-10,3.031245e-10,6.148996e-09,6.148996e-11
3.264950e+00,9.410564e-10,1.856072e-08,1.856072e-10,3.068131e-10,6.227355e-09,6.227355e-11
3.267086e+00,9.483470e-10,1.879287e-08,1.879287e-10,3.101430e-10,6.290911e-09,6.290911e-11
3.269223e+00,9.522417e-10,1.897098e-08,1.897098e-10,3.114580e-10,6.332160e-09,6.332160e-11
3.271360e+00,9.565835e-10,1.909961e-08,1.909961e-10,3.129776e-10,6.357596e-09,6.357596e-11
3.273497e+00,9.647080e-10,1.918261e-08,1.918261e-10,3.165919e-10,6.371637e-09,6.371637e-11
3.275633e+00,9.736169e-10,1.922304e-08,1.922304e-10,3.200103e-10,6.372761e-09,6.372761e-11
3.277770e+00,9.781964e-10,1.921578e-08,1.921578e-10,3.208215e-10,6.354084e-09,6.354084e-11
3.279907e+00,9.781792e-10,1.915544e-08,1.915544e-10,3.208002e-10,6.323739e-09,6.323739e-11
3.282044e+00,9.772966e-10,1.904869e-08,1.904869e-10,3.224597e-10,6.285425e-09,6.285425e-11
3.284180e+00,9.775157e-10,1.891468e-08,1.891468e-10,3.243517e-10,6.244076e-09,6.244076e-11
3.286317e+00,9.778916e-10,1.876291e-08,1.876291e-10,3.240101e-10,6.185479e-09,6.185479e-11
3.288454e+00,9.776901e-10,1.860071e-08,1.860071e-10,3.230748e-10,6.126621e-09,6.126621e-11
3.290591e+00,9.767593e-10,1.841497e-08,1.841497e-10,3.244408e-10,6.066725e-09,6.066725e-11
3.292727e+00,9.736223e-10,1.820152e-08,1.820152e-10,3.263119e-10,6.014403e-09,6.014403e-11
3.294864e+00,9.676898e-10,1.798226e-08,1.798226e-10,3.249786e-10,5.949750e-09,5.949750e-11
3.297001e+00,9.628372e-10,1.778013e-08,1.778013e-10,3.221078e-10,5.886658e-09,5.886658e-11
3.299138e+00,9.630368e-10,1.760406e-08,1.760406e-10,3.226361e-10,5.841453e-09,5.841453e-11
3.301274e+00,9.649274e-10,1.744242e-08,1.744242e-10,3.259251e-10,5.809261e-09,5.809261e-11
3.303411e+00,9.609179e-10,1.726436e-08,1.726436e-10,3.260491e-10,5.776402e-09,5.776402e-11
3.305548e+00,9.500968e-10,1.707048e-08,1.707048e-10,3.216898e-10,5.727882e-09,5.727882e-11
3.307684e+00,9.400560e-10,1.690168e-08,1.690168e-10,3.186731e-10,5.706641e-09,5.706641e-11
3.309821e+00,9.364578e-10,1.676784e-08,1.676784e-10,3.205141e-10,5.699526e-09,5.699526e-11
3.311958e+00,9.363941e-10,1.666548e-08,1.666548e-10,3.230369e-10,5.702976e-09,5.702976e-11
3.314095e+00,9.342256e-10,1.657416e-08,1.657416e-10,3.217915e-10,5.685219e-09,5.685219e-11
3.316231e+00,9.295435e-10,1.647608e-08,1.647608e-10,3.192684e-10,5.679303e-09,5.679303e-11
3.318368e+00,9.256231e-10,1.637937e-08,1.637937e-10,3.198225e-10,5.688756e-09,5.688756e-11
3.320505e+00,9.232037e-10,1.630650e-08,1.630650e-10,3.217427e-10,5.704921e-09,5.704921e-11
3.322642e+00,9.209428e-10,1.626056e-08,1.626056e-10,3.206151e-10,5.703257e-09,5.703257e-11
3.324778e+00,9.198017e-10,1.624887e-08,1.624887e-10,3.174661e-10,5.696971e-09,5.696971e-11
3.326915e+00,9.215723e-10,1.626618e-08,1.626618e-10,3.168217e-10,5.711449e-09,5.711449e-11
3.329052e+00,9.243315e-10,1.629812e-08,1.629812e-10,3.185297e-10,5.735819e-09,5.735819e-11
3.331189e+00,9.248272e-10,1.634325e-08,1.634325e-10,3.182451e-10,5.751497e-09,5.751497e-11
3.333325e+00,9.242579e-10,1.641108e-08,1.641108e-10,3.152660e-10,5.752159e-09,5.752159e-11
3.335462e+00,9.263435e-10,1.651564e-08,1.651564e-10,3.134600e-10,5.767295e-09,5.767295e-11
3.337599e+00,9.306945e-10,1.665421e-08,1.665421e-10,3.142693e-10,5.803827e-09,5.803827e-11
3.339736e+00,9.331774e-10,1.680928e-08,1.680928e-10,3.146301e-10,5.848904e-09,5.848904e-11
3.341872e+00,9.328299e-10,1.696984e-08,1.696984e-10,3.128165e-10,5.882425e-09,5.882425e-11
3.344009e+00,9.335558e-10,1.714529e-08,1.714529e-10,3.112668e-10,5.915700e-09,5.915700e-11
3.346146e+00,9.378473e-10,1.734577e-08,1.734577e-10,3.118975e-10,5.965998e-09,5.965998e-11
3.348283e+00,9.430108e-10,1.756747e-08,1.756747e-10,3.128450e-10,6.034041e-09,6.034041e-11
3.350419e+00,9.459791e-10,1.778798e-08,1.778798e-10,3.122974e-10,6.099863e-09,6.099863e-11
3.352556e+00,9.483384e-10,1.799595e-08,1.799595e-10,3.118425e-10,6.153230e-09,6.153230e-11
3.354693e+00,9.532330e-10,1.820216e-08,1.820216e-10,3.131210e-10,6.204676e-09,6.204676e-11
3.356830e+00,9.603852e-10,1.841993e-08,1.841993e-10,3.147793e-10,6.268595e-09,6.268595e-11
3.358966e+00,9.675243e-10,1.864287e-08,1.864287e-10,3.155871e-10,6.340984e-09,6.340984e-11
3.361103e+00,9.739563e-10,1.884990e-08,1.884990e-10,3.169630e-10,6.409567e-09,6.409567e-11
3.363240e+00,9.798901e-10,1.902858e-08,1.902858e-10,3.196595e-10,6.461717e-09,6.461717e-11
3.365377e+00,9.850352e-10,1.919392e-08,1.919392e-10,3.215638e-10,6.509571e-09,6.509571e-11
3.367513e+00,9.901135e-10,1.936523e-08,1.936523e-10,3.217122e-10,6.562866e-09,6.562866e-11
3.369650e+00,9.969534e-10,1.954400e-08,1.954400e-10,3.227799e-10,6.634352e-09,6.634352e-11
3.371787e+00,1.005112e-09,1.970956e-08,1.970956e-10,3.262524e-10,6.702650e-09,6.702650e-11
3.373924e+00,1.011302e-09,1.985122e-08,1.985122e-10,3.289548e-10,6.758793e-09,6.758793e-11
3.376060e+00,1.014568e-09,1.998259e-08,1.998259e-10,3.283045e-10,6.802720e-09,6.802720e-11
3.378197e+00,1.018814e-09,2.012501e-08,2.012501e-10,3.273988e-10,6.866694e-09,6.866694e-11
3.380334e+00,1.026750e-09,2.027399e-08,2.027399e-10,3.301243e-10,6.949128e-09,6.949128e-11
3.382471e+00,1.034288e-09,2.040659e-08,2.040659e-10,3.340023e-10,7.029355e-09,7.029355e-11
3.384607e+00,1.036042e-09,2.050278e-08,2.050278e-10,3.339056e-10,7.081372e-09,7.081372e-11
3.386744e+00,1.034087e-09,2.057557e-08,2.057557e-10,3.311180e-10,7.125729e-09,7.125729e-11
3.388881e+00,1.034617e-09,2.064193e-08,2.064193e-10,3.314157e-10,7.188878e-09,7.188878e-11
3.391018e+00,1.037618e-09,2.069689e-08,2.069689e-10,3.349377e-10,7.259370e-09,7.259370e-11
3.393154e+00,1.037213e-09,2.071688e-08,2.071688e-10,3.358658e-10,7.304115e-09,7.304115e-11
3.395291e+00,1.032037e-09,2.069369e-08,2.069369e-10,3.326775e-10,7.310751e-09,7.310751e-11
3.397428e+00,1.027466e-09,2.064399e-08,2.064399e-10,3.307728e-10,7.315706e-09,7.315706e-11
3.399565e+00,1.026119e-09,2.057771e-08,2.057771e-10,3.326911e-10,7.325905e-09,7.325905e-11
3.401701e+00,1.023658e-09,2.048430e-08,2.048430e-10,3.334410e-10,7.323691e-09,7.323691e-11
3.403838e+00,1.016931e-09,2.034146e-08,2.034146e-10,3.294750e-10,7.271066e-09,7.271066e-11
3.405975e+00,1.009806e-09,2.015826e-08,2.015826e-10,3.251289e-10,7.194342e-09,7.194342e-11
3.408112e+00,1.006056e-09,1.994884e-08,1.994884e-10,3.248060e-10,7.112557e-09,7.112557e-11
3.410248e+00,1.002010e-09,1.972204e-08,1.972204e-10,3.250225e-10,7.035683e-09,7.035683e-11
3.412385e+00,9.926559e-10,1.945093e-08,1.945093e-10,3.206252e-10,6.917188e-09,6.917188e-11
3.414522e+00,9.804084e-10,1.912699e-08,1.912699e-10,3.140751e-10,6.763705e-09,6.763705e-11
3.416659e+00,9.705709e-10,1.876150e-08,1.876150e-10,3.110303e-10,6.591357e-09,6.591357e-11
3.418795e+00,9.613639e-10,1.838000e-08,1.838000e-10,3.099758e-10,6.434851e-09,6.434851e-11
3.420932e+00,9.469874e-10,1.798147e-08,1.798147e-10,3.049983e-10,6.262118e-09,6.262118e-11
3.423069e+00,9.285455e-10,1.756477e-08,1.756477e-10,2.968263e-10,6.067426e-09,6.067426e-11
3.425206e+00,9.130345e-10,1.713832e-08,1.713832e-10,2.918185e-10,5.862408e-09,5.862408e-11
3.427342e+00,9.019714e-10,1.671759e-08,1.671759e-10,2.906133e-10,5.673588e-09,5.673588e-11
3.429479e+00,8.893683e-10,1.631509e-08,1.631509e-10,2.868641e-10,5.495972e-09,5.495972e-11
3.431616e+00,8.726628e-10,1.592391e-08,1.592391e-10,2.786645e-10,5.300562e-09,5.300562e-11
3.433753e+00,8.575893e-10,1.555439e-08,1.555439e-10,2.723482e-10,5.126682e-09,5.126682e-11
3.435889e+00,8.487303e-10,1.521177e-08,1.521177e-10,2.714917e-10,4.962943e-09,4.962943e-11
3.438026e+00,8.422362e-10,1.492432e-08,1.492432e-10,2.707266e-10,4.839024e-09,4.839024e-11
3.440163e+00,8.327054e-10,1.468509e-08,1.468509e-10,2.653817e-10,4.697091e-09,4.697091e-11
3.442300e+00,8.216176e-10,1.448199e-08,1.448199e-10,2.595722e-10,4.600632e-09,4.600632e-11
3.444436e+00,8.128046e-10,1.427499e-08,1.427499e-10,2.585267e-10,4.514111e-09,4.514111e-11
3.446573e+00,8.045992e-10,1.406562e-08,1.406562e-10,2.590825e-10,4.447653e-09,4.447653e-11
3.448710e+00,7.936818e-10,1.387883e-08,1.387883e-10,2.554626e-10,4.356207e-09,4.356207e-11
3.450847e+00,7.830217e-10,1.375140e-08,1.375140e-10,2.501464e-10,4.297384e-09,4.297384e-11
3.452983e+00,7.781882e-10,1.368154e-08,1.368154e-10,2.499325e-10,4.302581e-09,4.302581e-11
3.455120e+00,7.775222e-10,1.362652e-08,1.362652e-10,2.537484e-10,4.313835e-09,4.313835e-11
3.457257e+00,7.740062e-10,1.356371e-08,1.356371e-10,2.539944e-10,4.291089e-09,4.291089e-11
3.459394e+00,7.666698e-10,1.351093e-08,1.351093e-10,2.493039e-10,4.232982e-09,4.232982e-11
3.461530e+00,7.623383e-10,1.350968e-08,1.350968e-10,2.467692e-10,4.248254e-09,4.248254e-11
3.463667e+00,7.648096e-10,1.353913e-08,1.353913e-10,2.499572e-10,4.290227e-09,4.290227e-11
3.465804e+00,7.696430e-10,1.356747e-08,1.356747e-10,2.533506e-10,4.315391e-09,4.315391e-11
3.467941e+00,7.722342e-10,1.358555e-08,1.358555e-10,2.523162e-10,4.277269e-09,4.277269e-11
3.470077e+00,7.741907e-10,1.362180e-08,1.362180e-10,2.505491e-10,4.268459e-09,4.268459e-11
3.472214e+00,7.777367e-10,1.365856e-08,1.365856e-10,2.526632e-10,4.305026e-09,4.305026e-11
3.474351e+00,7.797797e-10,1.365541e-08,1.365541e-10,2.560132e-10,4.345506e-09,4.345506e-11
3.476488e+00,7.769890e-10,1.359191e-08,1.359191e-10,2.555925e-10,4.332356e-09,4.332356e-11
3.478624e+00,7.725417e-10,1.350652e-08,1.350652e-10,2.527795e-10,4.293790e-09,4.293790e-11
3.480761e+00,7.720075e-10,1.345348e-08,1.345348e-10,2.529966e-10,4.302759e-09,4.302759e-11
3.482898e+00,7.746023e-10,1.343962e-08,1.343962e-10,2.567010e-10,4.360147e-09,4.360147e-11
3.485035e+00,7.744172e-10,1.342520e-08,1.342520e-10,2.591622e-10,4.417667e-09,4.417667e-11
3.487171e+00,7.698503e-10,1.338642e-08,1.338642e-10,2.584555e-10,4.434936e-09,4.434936e-11
3.489308e+00,7.659974e-10,1.336604e-08,1.336604e-10,2.577551e-10,4.452835e-09,4.452835e-11
3.491445e+00,7.671812e-10,1.341340e-08,1.341340e-10,2.596498e-10,4.514414e-09,4.514414e-11
3.493581e+00,7.719556e-10,1.352282e-08,1.352282e-10,2.628527e-10,4.613015e-09,4.613015e-11
3.495718e+00,7.769669e-10,1.364197e-08,1.364197e-10,2.655072e-10,4.702595e-09,4.702595e-11
3.497855e+00,7.815614e-10,1.374799e-08,1.374799e-10,2.678765e-10,4.765280e-09,4.765280e-11
3.499992e+00,7.865539e-10,1.386425e-08,1.386425e-10,2.703379e-10,4.825646e-09,4.825646e-11
3.502128e+00,7.915335e-10,1.400931e-08,1.400931e-10,2.721982e-10,4.904029e-09,4.904029e-11
3.504265e+00,7.949828e-10,1.416217e-08,1.416217e-10,2.732906e-10,4.989299e-09,4.989299e-11
3.506402e+00,7.957667e-10,1.427962e-08,1.427962e-10,2.739863e-10,5.051099e-09,5.051099e-11
3.508539e+00,7.938395e-10,1.434480e-08,1.434480e-10,2.737697e-10,5.081543e-09,5.081543e-11
3.510675e+00,7.905902e-10,1.439197e-08,1.439197e-10,2.721213e-10,5.103572e-09,5.103572e-11
3.512812e+00,7.883552e-10,1.445775e-08,1.445775e-10,2.704486e-10,5.142112e-09,5.142112e-11
3.514949e+00,7.880163e-10,1.453243e-08,1.453243e-10,2.705792e-10,5.187807e-09,5.187807e-11
3.517086e+00,7.874480e-10,1.458004e-08,1.458004e-10,2.713379e-10,5.212627e-09,5.212627e-11
3.519222e+00,7.842471e-10,1.458621e-08,1.458621e-10,2.699595e-10,5.206668e-09,5.206668e-11
3.521359e+00,7.800772e-10,1.457342e-08,1.457342e-10,2.672194e-10,5.195040e-09,5.195040e-11
3.523496e+00,7.792287e-10,1.456389e-08,1.456389e-10,2.669144e-10,5.201712e-09,5.201712e-11
3.525633e+00,7.823243e-10,1.454814e-08,1.454814e-10,2.695831e-10,5.209878e-09,5.209878e-11
3.527769e+00,7.852404e-10,1.450117e-08,1.450117e-10,2.711728e-10,5.191291e-09,5.191291e-11
3.529906e+00,7.853115e-10,1.441810e-08,1.441810e-10,2.695179e-10,5.137832e-09,5.137832e-11
3.532043e+00,7.844569e-10,1.431486e-08,1.431486e-10,2.677183e-10,5.084348e-09,5.084348e-11
3.534180e+00,7.842882e-10,1.420140e-08,1.420140e-10,2.681695e-10,5.037209e-09,5.037209e-11
3.536316e+00,7.827806e-10,1.407334e-08,1.407334e-10,2.679861e-10,4.980611e-09,4.980611e-11
3.538453e+00,7.786343e-10,1.392280e-08,1.392280e-10,2.644152e-10,4.884338e-09,4.884338e-11
3.540590e+00,7.748800e-10,1.377313e-08,1.377313e-10,2.603031e-10,4.777879e-09,4.777879e-11
3.542727e+00,7.742395e-10,1.364947e-08,1.364947e-10,2.594328e-10,4.687565e-09,4.687565e-11
3.544863e+00,7.739692e-10,1.356258e-08,1.356258e-10,2.598331e-10,4.621545e-09,4.621545e-11
3.547000e+00,7.701711e-10,1.349225e-08,1.349225e-10,2.571861e-10,4.540548e-09,4.540548e-11
3.549137e+00,7.648906e-10,1.344062e-08,1.344062e-10,2.527232e-10,4.450136e-09,4.450136e-11
3.551274e+00,7.631919e-10,1.342650e-08,1.342650e-10,2.512487e-10,4.374559e-09,4.374559e-11
3.553410e+00,7.646698e-10,1.346624e-08,1.346624e-10,2.525455e-10,4.336896e-09,4.336896e-11
3.555547e+00,7.646329e-10,1.354883e-08,1.354883e-10,2.519031e-10,4.306957e-09,4.306957e-11
3.557684e+00,7.629913e-10,1.366263e-08,1.366263e-10,2.488017e-10,4.271158e-09,4.271158e-11
3.559821e+00,7.645832e-10,1.380892e-08,1.380892e-10,2.479364e-10,4.247726e-09,4.247726e-11
3.561957e+00,7.698537e-10,1.398467e-08,1.398467e-10,2.504687e-10,4.249149e-09,4.249149e-11
3.564094e+00,7.726121e-10,1.417985e-08,1.417985e-10,2.512592e-10,4.264743e-09,4.264743e-11
3.566231e+00,7.700937e-10,1.437327e-08,1.437327e-10,2.479480e-10,4.253533e-09,4.253533e-11
3.568368e+00,7.685249e-10,1.458048e-08,1.458048e-10,2.458799e-10,4.265305e-09,4.265305e-11
3.570504e+00,7.739494e-10,1.480251e-08,1.480251e-10,2.492411e-10,4.292730e-09,4.292730e-11
3.572641e+00,7.824948e-10,1.504132e-08,1.504132e-10,2.534984e-10,4.352035e-09,4.352035e-11
3.574778e+00,7.861438e-10,1.525504e-08,1.525504e-10,2.527839e-10,4.360431e-09,4.360431e-11
3.576915e+00,7.848529e-10,1.542331e-08,1.542331e-10,2.498640e-10,4.372848e-09,4.372848e-11
3.579051e+00,7.852422e-10,1.555358e-08,1.555358e-10,2.511710e-10,4.398175e-09,4.398175e-11
3.581188e+00,7.895446e-10,1.566751e-08,1.566751e-10,2.554143e-10,4.452486e-09,4.452486e-11
3.583325e+00,7.938333e-10,1.576321e-08,1.576321e-10,2.559544e-10,4.469873e-09,4.469873e-11
3.585462e+00,7.963475e-10,1.583336e-08,1.583336e-10,2.526951e-10,4.445802e-09,4.445802e-11
3.587598e+00,7.994149e-10,1.586526e-08,1.586526e-10,2.522251e-10,4.451632e-09,4.451632e-11
3.589735e+00,8.027417e-10,1.583134e-08,1.583134e-10,2.560795e-10,4.466648e-09,4.466648e-11
3.591872e+00,8.025136e-10,1.575215e-08,1.575215e-10,2.577826e-10,4.483465e-09,4.483465e-11
3.594009e+00,7.987786e-10,1.563636e-08,1.563636e-10,2.539580e-10,4.418943e-09,4.418943e-11
3.596145e+00,7.975018e-10,1.550833e-08,1.550833e-10,2.506189e-10,4.374007e-09,4.374007e-11
3.598282e+00,8.014878e-10,1.536409e-08,1.536409e-10,2.532998e-10,4.346113e-09,4.346113e-11
3.600419e+00,8.044573e-10,1.518918e-08,1.518918e-10,2.575162e-10,4.343897e-09,4.343897e-11
3.602556e+00,7.998615e-10,1.496657e-08,1.496657e-10,2.561038e-10,4.286940e-09,4.286940e-11
3.604692e+00,7.914464e-10,1.472437e-08,1.472437e-10,2.511007e-10,4.204770e-09,4.204770e-11
3.606829e+00,7.878353e-10,1.448511e-08,1.448511e-10,2.501465e-10,4.153270e-09,4.153270e-11
3.608966e+00,7.890761e-10,1.425068e-08,1.425068e-10,2.537036e-10,4.121908e-09,4.121908e-11
3.611103e+00,7.873855e-10,1.401556e-08,1.401556e-10,2.548395e-10,4.090482e-09,4.090482e-11
3.613239e+00,7.800903e-10,1.377171e-08,1.377171e-10,2.511638e-10,4.016090e-09,4.016090e-11
3.615376e+00,7.730331e-10,1.354212e-08,1.354212e-10,2.481809e-10,3.968896e-09,3.968896e-11
3.617513e+00,7.706145e-10,1.333000e-08,1.333000e-10,2.496231e-10,3.938530e-09,3.938530e-11
3.619650e+00,7.696942e-10,1.313677e-08,1.313677e-10,2.518115e-10,3.927730e-09,3.927730e-11
3.621786e+00,7.659540e-10,1.295596e-08,1.295596e-10,2.504073e-10,3.894760e-09,3.894760e-11
3.623923e+00,7.609044e-10,1.279886e-08,1.279886e-10,2.473688e-10,3.866157e-09,3.866157e-11
3.626060e+00,7.587538e-10,1.266937e-08,1.266937e-10,2.470710e-10,3.856653e-09,3.856653e-11
3.628197e+00,7.593926e-10,1.256729e-08,1.256729e-10,2.489915e-10,3.860417e-09,3.860417e-11
3.630333e+00,7.592795e-10,1.248053e-08,1.248053e-10,2.492749e-10,3.859910e-09,3.859910e-11
3.632470e+00,7.579128e-10,1.240705e-08,1.240705e-10,2.475391e-10,3.849710e-09,3.849710e-11
3.634607e+00,7.581184e-10,1.235475e-08,1.235475e-10,2.469099e-10,3.849586e-09,3.849586e-11
3.636744e+00,7.606473e-10,1.232931e-08,1.232931e-10,2.482792e-10,3.859785e-09,3.859785e-11
3.638880e+00,7.633118e-10,1.233269e-08,1.233269e-10,2.493049e-10,3.875890e-09,3.875890e-11
3.641017e+00,7.650975e-10,1.235563e-08,1.235563e-10,2.489166e-10,3.889695e-09,3.889695e-11
3.643154e+00,7.666611e-10,1.238487e-08,1.238487e-10,2.485185e-10,3.906304e-09,3.906304e-11
3.645291e+00,7.672833e-10,1.239608e-08,1.239608e-10,2.486116e-10,3.921408e-09,3.921408e-11
3.647427e+00,7.653783e-10,1.238709e-08,1.238709e-10,2.479866e-10,3.932481e-09,3.932481e-11
3.649564e+00,7.621304e-10,1.237905e-08,1.237905e-10,2.466144e-10,3.942437e-09,3.942437e-11
3.651701e+00,7.615172e-10,1.239606e-08,1.239606e-10,2.463915e-10,3.960756e-09,3.960756e-11
3.653838e+00,7.651128e-10,1.244614e-08,1.244614e-10,2.481538e-10,3.989754e-09,3.989754e-11
3.655974e+00,7.691289e-10,1.250386e-08,1.250386e-10,2.500841e-10,4.022297e-09,4.022297e-11
3.658111e+00,7.690341e-10,1.252613e-08,1.252613e-10,2.504661e-10,4.045930e-09,4.045930e-11
3.660248e+00,7.657447e-10,1.251384e-08,1.251384e-10,2.502779e-10,4.061427e-09,4.061427e-11
3.662385e+00,7.639672e-10,1.250039e-08,1.250039e-10,2.511118e-10,4.074361e-09,4.074361e-11
3.664521e+00,7.653999e-10,1.251809e-08,1.251809e-10,2.523086e-10,4.090298e-09,4.090298e-11
3.666658e+00,7.674657e-10,1.257134e-08,1.257134e-10,2.525212e-10,4.104704e-09,4.104704e-11
3.668795e+00,7.676514e-10,1.262363e-08,1.262363e-10,2.523516e-10,4.120605e-09,4.120605e-11
3.670931e+00,7.662103e-10,1.265445e-08,1.265445e-10,2.530598e-10,4.134781e-09,4.134781e-11
3.673068e+00,7.652492e-10,1.267863e-08,1.267863e-10,2.540903e-10,4.141089e-09,4.141089e-11
3.675205e+00,7.667362e-10,1.270651e-08,1.270651e-10,2.541936e-10,4.127682e-09,4.127682e-11
3.677342e+00,7.708075e-10,1.275369e-08,1.275369e-10,2.538151e-10,4.103003e-09,4.103003e-11
3.679478e+00,7.753836e-10,1.281430e-08,1.281430e-10,2.542737e-10,4.081297e-09,4.081297e-11
3.681615e+00,7.782523e-10,1.286063e-08,1.286063e-10,2.554383e-10,4.065470e-09,4.065470e-11
3.683752e+00,7.794329e-10,1.291885e-08,1.291885e-10,2.559369e-10,4.057760e-09,4.057760e-11
3.685889e+00,7.812630e-10,1.301609e-08,1.301609e-10,2.555091e-10,4.054244e-09,4.054244e-11
3.688025e+00,7.856034e-10,1.312641e-08,1.312641e-10,2.554291e-10,4.052388e-09,4.052388e-11
3.690162e+00,7.906515e-10,1.322464e-08,1.322464e-10,2.560711e-10,4.046657e-09,4.046657e-11
3.692299e+00,7.925510e-10,1.329891e-08,1.329891e-10,2.560191e-10,4.040756e-09,4.040756e-11
3.694436e+00,7.912414e-10,1.335957e-08,1.335957e-10,2.547427e-10,4.039079e-09,4.039079e-11
3.696572e+00,7.920049e-10,1.346143e-08,1.346143e-10,2.542238e-10,4.055348e-09,4.055348e-11
3.698709e+00,7.990047e-10,1.362959e-08,1.362959e-10,2.561823e-10,4.094229e-09,4.094229e-11
3.700846e+00,8.100845e-10,1.383175e-08,1.383175e-10,2.594263e-10,4.143605e-09,4.143605e-11
3.702983e+00,8.199497e-10,1.401670e-08,1.401670e-10,2.617047e-10,4.184038e-09,4.184038e-11
3.705119e+00,8.260190e-10,1.415625e-08,1.415625e-10,2.626048e-10,4.209915e-09,4.209915e-11
3.707256e+00,8.297774e-10,1.427439e-08,1.427439e-10,2.631180e-10,4.231903e-09,4.231903e-11
3.709393e+00,8.339137e-10,1.441867e-08,1.441867e-10,2.636668e-10,4.260264e-09,4.260264e-11
3.711530e+00,8.397532e-10,1.460794e-08,1.460794e-10,2.640979e-10,4.296822e-09,4.296822e-11
3.713666e+00,8.469559e-10,1.483366e-08,1.483366e-10,2.647432e-10,4.343087e-09,4.343087e-11
3.715803e+00,8.542105e-10,1.506371e-08,1.506371e-10,2.659354e-10,4.393794e-09,4.393794e-11
3.717940e+00,8.599044e-10,1.526690e-08,1.526690e-10,2.668457e-10,4.437306e-09,4.437306e-11
3.720077e+00,8.635498e-10,1.544948e-08,1.544948e-10,2.664620e-10,4.470081e-09,4.470081e-11
3.722213e+00,8.673808e-10,1.564667e-08,1.564667e-10,2.657325e-10,4.506364e-09,4.506364e-11
3.724350e+00,8.744611e-10,1.588499e-08,1.588499e-10,2.667597e-10,4.559070e-09,4.559070e-11
3.726487e+00,8.845487e-10,1.616041e-08,1.616041e-10,2.696225e-10,4.629082e-09,4.629082e-11
3.728624e+00,8.942324e-10,1.645262e-08,1.645262e-10,2.720607e-10,4.705333e-09,4.705333e-11
3.730760e+00,9.016788e-10,1.673793e-08,1.673793e-10,2.729455e-10,4.775979e-09,4.775979e-11
3.732897e+00,9.087090e-10,1.700166e-08,1.700166e-10,2.739326e-10,4.840928e-09,4.840928e-11
3.735034e+00,9.174478e-10,1.725279e-08,1.725279e-10,2.764744e-10,4.903811e-09,4.903811e-11
3.737171e+00,9.273799e-10,1.750751e-08,1.750751e-10,2.794429e-10,4.969565e-09,4.969565e-11
3.739307e+00,9.369975e-10,1.776519e-08,1.776519e-10,2.813888e-10,5.030550e-09,5.030550e-11
3.741444e+00,9.468842e-10,1.802348e-08,1.802348e-10,2.833204e-10,5.092392e-09,5.092392e-11
3.743581e+00,9.586364e-10,1.827443e-08,1.827443e-10,2.869873e-10,5.154523e-09,5.154523e-11
3.745718e+00,9.707872e-10,1.849798e-08,1.849798e-10,2.913198e-10,5.210544e-09,5.210544e-11
3.747854e+00,9.789190e-10,1.867940e-08,1.867940e-10,2.933641e-10,5.249967e-09,5.249967e-11
3.749991e+00,9.810843e-10,1.881683e-08,1.881683e-10,2.927812e-10,5.276348e-09,5.276348e-11
3.752128e+00,9.807433e-10,1.892850e-08,1.892850e-10,2.925994e-10,5.305655e-09,5.305655e-11
3.754265e+00,9.828905e-10,1.903826e-08,1.903826e-10,2.949617e-10,5.342792e-09,5.342792e-11
3.756401e+00,9.893526e-10,1.915116e-08,1.915116e-10,2.987154e-10,5.386904e-09,5.386904e-11
3.758538e+00,9.983460e-10,1.925568e-08,1.925568e-10,3.019861e-10,5.427096e-09,5.427096e-11
3.760675e+00,1.006559e-09,1.933051e-08,1.933051e-10,3.048606e-10,5.464385e-09,5.464385e-11
3.762812e+00,1.011474e-09,1.935785e-08,1.935785e-10,3.081558e-10,5.498279e-09,5.498279e-11
3.764948e+00,1.013185e-09,1.935389e-08,1.935389e-10,3.113275e-10,5.532300e-09,5.532300e-11
3.767085e+00,1.014407e-09,1.934362e-08,1.934362e-10,3.135076e-10,5.565218e-09,5.565218e-11
3.769222e+00,1.017489e-09,1.932994e-08,1.932994e-10,3.151711e-10,5.595984e-09,5.595984e-11
3.771359e+00,1.021033e-09,1.930348e-08,1.930348e-10,3.169836e-10,5.624473e-09,5.624473e-11
3.773495e+00,1.020650e-09,1.924626e-08,1.924626e-10,3.180970e-10,5.645109e-09,5.645109e-11
3.775632e+00,1.014002e-09,1.914438e-08,1.914438e-10,3.172370e-10,5.652392e-09,5.652392e-11
3.777769e+00,1.004011e-09,1.900992e-08,1.900992e-10,3.149045e-10,5.646978e-09,5.646978e-11
3.779906e+00,9.952395e-10,1.886133e-08,1.886133e-10,3.126836e-10,5.633075e-09,5.633075e-11
3.782042e+00,9.886209e-10,1.870238e-08,1.870238e-10,3.108737e-10,5.610447e-09,5.610447e-11
3.784179e+00,9.820559e-10,1.852627e-08,1.852627e-10,3.087507e-10,5.576843e-09,5.576843e-11
3.786316e+00,9.744977e-10,1.832335e-08,1.832335e-10,3.063674e-10,5.531320e-09,5.531320e-11
3.788453e+00,9.664077e-10,1.808655e-08,1.808655e-10,3.040378e-10,5.472829e-09,5.472829e-11
3.790589e+00,9.573950e-10,1.781811e-08,1.781811e-10,3.009070e-10,5.399939e-09,5.399939e-11
3.792726e+00,9.468903e-10,1.752388e-08,1.752388e-10,2.962355e-10,5.310506e-09,5.310506e-11
3.794863e+00,9.364876e-10,1.721016e-08,1.721016e-10,2.915808e-10,5.211206e-09,5.211206e-11
3.797000e+00,9.284687e-10,1.687875e-08,1.687875e-10,2.891175e-10,5.105825e-09,5.105825e-11
3.799136e+00,9.218570e-10,1.653055e-08,1.653055e-10,2.877087e-10,4.997838e-09,4.997838e-11
3.801273e+00,9.130993e-10,1.616311e-08,1.616311e-10,2.840810e-10,4.872881e-09,4.872881e-11
3.803410e+00,9.015026e-10,1.577831e-08,1.577831e-10,2.784097e-10,4.735928e-09,4.735928e-11
3.805547e+00,8.903563e-10,1.538863e-08,1.538863e-10,2.745227e-10,4.602643e-09,4.602643e-11
3.807683e+00,8.813599e-10,1.500603e-08,1.500603e-10,2.734767e-10,4.481578e-09,4.481578e-11
3.809820e+00,8.720299e-10,1.464040e-08,1.464040e-10,2.713824e-10,4.365623e-09,4.365623e-11
3.811957e+00,8.610113e-10,1.429264e-08,1.429264e-10,2.660230e-10,4.229300e-09,4.229300e-11
3.814094e+00,8.515827e-10,1.397411e-08,1.397411e-10,2.612815e-10,4.112253e-09,4.112253e-11
3.816230e+00,8.462260e-10,1.368702e-08,1.368702e-10,2.608543e-10,4.016388e-09,4.016388e-11
3.818367e+00,8.415120e-10,1.343435e-08,1.343435e-10,2.614479e-10,3.956628e-09,3.956628e-11
3.820504e+00,8.330965e-10,1.320766e-08,1.320766e-10,2.577838e-10,3.869364e-09,3.869364e-11
3.822641e+00,8.233229e-10,1.301714e-08,1.301714e-10,2.516450e-10,3.785191e-09,3.785191e-11
3.824777e+00,8.180478e-10,1.287170e-08,1.287170e-10,2.494229e-10,3.734990e-09,3.734990e-11
3.826914e+00,8.167094e-10,1.277408e-08,1.277408e-10,2.514269e-10,3.729115e-09,3.729115e-11
3.829051e+00,8.121127e-10,1.270508e-08,1.270508e-10,2.508995e-10,3.727117e-09,3.727117e-11
3.831188e+00,8.014975e-10,1.264012e-08,1.264012e-10,2.453319e-10,3.679444e-09,3.679444e-11
3.833324e+00,7.911456e-10,1.259544e-08,1.259544e-10,2.410023e-10,3.667687e-09,3.667687e-11
3.835461e+00,7.866097e-10,1.258151e-08,1.258151e-10,2.425516e-10,3.683022e-09,3.683022e-11
3.837598e+00,7.848355e-10,1.260624e-08,1.260624e-10,2.454594e-10,3.738625e-09,3.738625e-11
3.839735e+00,7.805665e-10,1.264419e-08,1.264419e-10,2.439965e-10,3.739887e-09,3.739887e-11
3.841871e+00,7.750015e-10,1.268953e-08,1.268953e-10,2.407341e-10,3.749924e-09,3.749924e-11
3.844008e+00,7.724383e-10,1.272915e-08,1.272915e-10,2.415818e-10,3.778331e-09,3.778331e-11
3.846145e+00,7.723050e-10,1.277834e-08,1.277834e-10,2.452853e-10,3.839728e-09,3.839728e-11
3.848282e+00,7.709072e-10,1.283323e-08,1.283323e-10,2.457959e-10,3.876831e-09,3.876831e-11
3.850418e+00,7.688565e-10,1.289378e-08,1.289378e-10,2.430279e-10,3.887242e-09,3.887242e-11
3.852555e+00,7.701100e-10,1.295136e-08,1.295136e-10,2.428500e-10,3.921396e-09,3.921396e-11
3.854692e+00,7.739703e-10,1.298862e-08,1.298862e-10,2.465952e-10,3.960412e-09,3.960412e-11
3.856828e+00,7.749929e-10,1.300512e-08,1.300512e-10,2.486973e-10,3.998983e-09,3.998983e-11
3.858965e+00,7.720178e-10,1.300131e-08,1.300131e-10,2.465612e-10,3.993655e-09,3.993655e-11
3.861102e+00,7.701493e-10,1.299521e-08,1.299521e-10,2.450497e-10,4.010164e-09,4.010164e-11
3.863239e+00,7.714096e-10,1.296680e-08,1.296680e-10,2.474265e-10,4.025546e-09,4.025546e-11
3.865375e+00,7.705225e-10,1.290885e-08,1.290885e-10,2.492448e-10,4.040498e-09,4.040498e-11
3.867512e+00,7.640753e-10,1.281671e-08,1.281671e-10,2.464172e-10,4.011567e-09,4.011567e-11
3.869649e+00,7.573623e-10,1.272715e-08,1.272715e-10,2.427795e-10,3.993865e-09,3.993865e-11
3.871786e+00,7.565304e-10,1.264513e-08,1.264513e-10,2.436497e-10,3.993457e-09,3.993457e-11
3.873922e+00,7.590285e-10,1.255988e-08,1.255988e-10,2.467467e-10,3.999190e-09,3.999190e-11
3.876059e+00,7.584229e-10,1.245438e-08,1.245438e-10,2.463420e-10,3.967137e-09,3.967137e-11
3.878196e+00,7.554022e-10,1.235026e-08,1.235026e-10,2.435270e-10,3.922732e-09,3.922732e-11
3.880333e+00,7.562080e-10,1.228166e-08,1.228166e-10,2.442268e-10,3.911181e-09,3.911181e-11
3.882469e+00,7.613080e-10,1.224587e-08,1.224587e-10,2.483516e-10,3.921147e-09,3.921147e-11
3.884606e+00,7.640349e-10,1.222495e-08,1.222495e-10,2.496538e-10,3.914976e-09,3.914976e-11
3.886743e+00,7.616241e-10,1.220836e-08,1.220836e-10,2.465310e-10,3.870711e-09,3.870711e-11
3.888880e+00,7.597480e-10,1.223326e-08,1.223326e-10,2.448248e-10,3.856753e-09,3.856753e-11
3.891016e+00,7.632629e-10,1.231412e-08,1.231412e-10,2.478213e-10,3.877019e-09,3.877019e-11
3.893153e+00,7.692677e-10,1.244634e-08,1.244634e-10,2.508179e-10,3.918997e-09,3.918997e-11
3.895290e+00,7.730556e-10,1.260287e-08,1.260287e-10,2.495603e-10,3.917946e-09,3.917946e-11
3.897427e+00,7.756427e-10,1.278888e-08,1.278888e-10,2.474977e-10,3.926463e-09,3.926463e-11
3.899563e+00,7.807851e-10,1.301125e-08,1.301125e-10,2.494626e-10,3.963068e-09,3.963068e-11
3.901700e+00,7.879739e-10,1.327256e-08,1.327256e-10,2.534217e-10,4.035497e-09,4.035497e-11
3.903837e+00,7.935227e-10,1.355440e-08,1.355440e-10,2.542108e-10,4.087573e-09,4.087573e-11
3.905974e+00,7.968901e-10,1.384004e-08,1.384004e-10,2.522052e-10,4.118050e-09,4.118050e-11
3.908110e+00,8.008886e-10,1.413149e-08,1.413149e-10,2.522621e-10,4.159880e-09,4.159880e-11
3.910247e+00,8.060329e-10,1.442613e-08,1.442613e-10,2.551953e-10,4.222318e-09,4.222318e-11
3.912384e+00,8.097775e-10,1.471484e-08,1.471484e-10,2.568058e-10,4.291040e-09,4.291040e-11
3.914521e+00,8.116681e-10,1.498156e-08,1.498156e-10,2.554784e-10,4.333617e-09,4.333617e-11
3.916657e+00,8.144558e-10,1.522079e-08,1.522079e-10,2.544993e-10,4.370274e-09,4.370274e-11
3.918794e+00,8.192690e-10,1.543256e-08,1.543256e-10,2.561668e-10,4.407113e-09,4.407113e-11
3.920931e+00,8.235416e-10,1.561552e-08,1.561552e-10,2.584007e-10,4.455456e-09,4.455456e-11
3.923068e+00,8.249167e-10,1.576061e-08,1.576061e-10,2.585617e-10,4.495103e-09,4.495103e-11
3.925204e+00,8.243019e-10,1.586073e-08,1.586073e-10,2.573354e-10,4.519526e-09,4.519526e-11
3.927341e+00,8.240221e-10,1.591645e-08,1.591645e-10,2.568548e-10,4.530609e-09,4.530609e-11
3.929478e+00,8.248110e-10,1.593713e-08,1.593713e-10,2.575119e-10,4.537515e-09,4.537515e-11
3.931615e+00,8.255313e-10,1.592570e-08,1.592570e-10,2.583826e-10,4.548659e-09,4.548659e-11
3.933751e+00,8.248535e-10,1.587375e-08,1.587375e-10,2.587050e-10,4.557000e-09,4.557000e-11
3.935888e+00,8.225157e-10,1.577939e-08,1.577939e-10,2.581255e-10,4.550529e-09,4.550529e-11
3.938025e+00,8.197833e-10,1.565270e-08,1.565270e-10,2.570392e-10,4.529193e-09,4.529193e-11
3.940162e+00,8.189162e-10,1.551039e-08,1.551039e-10,2.568820e-10,4.507432e-09,4.507432e-11
3.942298e+00,8.206935e-10,1.536130e-08,1.536130e-10,2.585564e-10,4.496965e-09,4.496965e-11
3.944435e+00,8.223100e-10,1.519666e-08,1.519666e-10,2.602256e-10,4.490139e-09,4.490139e-11
3.946572e+00,8.205233e-10,1.500760e-08,1.500760e-10,2.593496e-10,4.464975e-09,4.464975e-11
3.948709e+00,8.168629e-10,1.480789e-08,1.480789e-10,2.572814e-10,4.432363e-09,4.432363e-11
3.950845e+00,8.156134e-10,1.461523e-08,1.461523e-10,2.576020e-10,4.407407e-09,4.407407e-11
3.952982e+00,8.167636e-10,1.443970e-08,1.443970e-10,2.597898e-10,4.404245e-09,4.404245e-11
3.955119e+00,8.159410e-10,1.426999e-08,1.426999e-10,2.596912e-10,4.391307e-09,4.391307e-11
3.957256e+00,8.120909e-10,1.409637e-08,1.409637e-10,2.568878e-10,4.362657e-09,4.362657e-11
3.959392e+00,8.097504e-10,1.393334e-08,1.393334e-10,2.562010e-10,4.342830e-09,4.342830e-11
3.961529e+00,8.115994e-10,1.379657e-08,1.379657e-10,2.596507e-10,4.344017e-09,4.344017e-11
3.963666e+00,8.136146e-10,1.368453e-08,1.368453e-10,2.622758e-10,4.358155e-09,4.358155e-11
3.965803e+00,8.111581e-10,1.357714e-08,1.357714e-10,2.600888e-10,4.330412e-09,4.330412e-11
3.967939e+00,8.062804e-10,1.347493e-08,1.347493e-10,2.570095e-10,4.314802e-09,4.314802e-11
3.970076e+00,8.040962e-10,1.338322e-08,1.338322e-10,2.583211e-10,4.309241e-09,4.309241e-11
3.972213e+00,8.047060e-10,1.332181e-08,1.332181e-10,2.616436e-10,4.337479e-09,4.337479e-11
3.974350e+00,8.045342e-10,1.327664e-08,1.327664e-10,2.611396e-10,4.322065e-09,4.322065e-11
3.976486e+00,8.037059e-10,1.324354e-08,1.324354e-10,2.580226e-10,4.296930e-09,4.296930e-11
3.978623e+00,8.049701e-10,1.320755e-08,1.320755e-10,2.584795e-10,4.289783e-09,4.289783e-11
3.980760e+00,8.064017e-10,1.316632e-08,1.316632e-10,2.620345e-10,4.307088e-09,4.307088e-11
3.982897e+00,8.034348e-10,1.312035e-08,1.312035e-10,2.618705e-10,4.303906e-09,4.303906e-11
3.985033e+00,7.977730e-10,1.307939e-08,1.307939e-10,2.571493e-10,4.249905e-09,4.249905e-11
3.987170e+00,7.959812e-10,1.306567e-08,1.306567e-10,2.550424e-10,4.236112e-09,4.236112e-11
3.989307e+00,7.981637e-10,1.306808e-08,1.306808e-10,2.582848e-10,4.245012e-09,4.245012e-11
3.991444e+00,7.962757e-10,1.306248e-08,1.306248e-10,2.598969e-10,4.268934e-09,4.268934e-11
3.993580e+00,7.867973e-10,1.301522e-08,1.301522e-10,2.549897e-10,4.211301e-09,4.211301e-11
3.995717e+00,7.772974e-10,1.296783e-08,1.296783e-10,2.495305e-10,4.172628e-09,4.172628e-11
3.997854e+00,7.752039e-10,1.294285e-08,1.294285e-10,2.504139e-10,4.160548e-09,4.160548e-11
3.999991e+00,7.766493e-10,1.295532e-08,1.295532e-10,2.539236e-10,4.189997e-09,4.189997e-11
4.002127e+00,7.740263e-10,1.297160e-08,1.297160e-10,2.526210e-10,4.170160e-09,4.170160e-11
4.004264e+00,7.690697e-10,1.299635e-08,1.299635e-10,2.483257e-10,4.140728e-09,4.140728e-11
4.006401e+00,7.687447e-10,1.301927e-08,1.301927e-10,2.483974e-10,4.138441e-09,4.138441e-11
4.008538e+00,7.718965e-10,1.303235e-08,1.303235e-10,2.521120e-10,4.159942e-09,4.159942e-11
4.010674e+00,7.708236e-10,1.302972e-08,1.302972e-10,2.517527e-10,4.156593e-09,4.156593e-11
4.012811e+00,7.652565e-10,1.302459e-08,1.302459e-10,2.467667e-10,4.112472e-09,4.112472e-11
4.014948e+00,7.638650e-10,1.305999e-08,1.305999e-10,2.452928e-10,4.115508e-09,4.115508e-11
4.017085e+00,7.700719e-10,1.313223e-08,1.313223e-10,2.499943e-10,4.151333e-09,4.151333e-11
4.019221e+00,7.760475e-10,1.320955e-08,1.320955e-10,2.532402e-10,4.195710e-09,4.195710e-11
4.021358e+00,7.748077e-10,1.323226e-08,1.323226e-10,2.500452e-10,4.164442e-09,4.164442e-11
4.023495e+00,7.703119e-10,1.322237e-08,1.322237e-10,2.462817e-10,4.149320e-09,4.149320e-11
4.025632e+00,7.697670e-10,1.320791e-08,1.320791e-10,2.481763e-10,4.155187e-09,4.155187e-11
4.027768e+00,7.728121e-10,1.323695e-08,1.323695e-10,2.519414e-10,4.204062e-09,4.204062e-11
4.029905e+00,7.756208e-10,1.330075e-08,1.330075e-10,2.515212e-10,4.205783e-09,4.205783e-11
4.032042e+00,7.798934e-10,1.339480e-08,1.339480e-10,2.498264e-10,4.216558e-09,4.216558e-11
4.034179e+00,7.889178e-10,1.348172e-08,1.348172e-10,2.532755e-10,4.248082e-09,4.248082e-11
4.036315e+00,7.988213e-10,1.351510e-08,1.351510e-10,2.597845e-10,4.300315e-09,4.300315e-11
4.038452e+00,8.031063e-10,1.350296e-08,1.350296e-10,2.619428e-10,4.316960e-09,4.316960e-11
4.040589e+00,8.038770e-10,1.350122e-08,1.350122e-10,2.600332e-10,4.306715e-09,4.306715e-11
4.042725e+00,8.097357e-10,1.356128e-08,1.356128e-10,2.617911e-10,4.344874e-09,4.344874e-11
4.044862e+00,8.223123e-10,1.367468e-08,1.367468e-10,2.690757e-10,4.418150e-09,4.418150e-11
4.046999e+00,8.332579e-10,1.380113e-08,1.380113e-10,2.747149e-10,4.501984e-09,4.501984e-11
4.049136e+00,8.368906e-10,1.388564e-08,1.388564e-10,2.746153e-10,4.530444e-09,4.530444e-11
4.051272e+00,8.386699e-10,1.396006e-08,1.396006e-10,2.741702e-10,4.576500e-09,4.576500e-11
4.053409e+00,8.470643e-10,1.407802e-08,1.407802e-10,2.788799e-10,4.642452e-09,4.642452e-11
4.055546e+00,8.625628e-10,1.427687e-08,1.427687e-10,2.859663e-10,4.741830e-09,4.741830e-11
4.057683e+00,8.799024e-10,1.455171e-08,1.455171e-10,2.904391e-10,4.830845e-09,4.830845e-11
4.059819e+00,8.964857e-10,1.487230e-08,1.487230e-10,2.934495e-10,4.930135e-09,4.930135e-11
4.061956e+00,9.131374e-10,1.520388e-08,1.520388e-10,2.988883e-10,5.043773e-09,5.043773e-11
4.064093e+00,9.296650e-10,1.553722e-08,1.553722e-10,3.059581e-10,5.161315e-09,5.161315e-11
4.066230e+00,9.449226e-10,1.588134e-08,1.588134e-10,3.109039e-10,5.271311e-09,5.271311e-11
4.068366e+00,9.596198e-10,1.624770e-08,1.624770e-10,3.137459e-10,5.371476e-09,5.371476e-11
4.070503e+00,9.748395e-10,1.663381e-08,1.663381e-10,3.177732e-10,5.481378e-09,5.481378e-11
4.072640e+00,9.892678e-10,1.701631e-08,1.701631e-10,3.235280e-10,5.592071e-09,5.592071e-11
4.074777e+00,1.000924e-09,1.737877e-08,1.737877e-10,3.282847e-10,5.692953e-09,5.692953e-11
4.076913e+00,1.010671e-09,1.771689e-08,1.771689e-10,3.310756e-10,5.773847e-09,5.773847e-11
4.079050e+00,1.020838e-09,1.803678e-08,1.803678e-10,3.336777e-10,5.842736e-09,5.842736e-11
4.081187e+00,1.030842e-09,1.834269e-08,1.834269e-10,3.366443e-10,5.901994e-09,5.901994e-11
4.083324e+00,1.037774e-09,1.862558e-08,1.862558e-10,3.384687e-10,5.947163e-09,5.947163e-11
4.085460e+00,1.040967e-09,1.887122e-08,1.887122e-10,3.387215e-10,5.974832e-09,5.974832e-11
4.087597e+00,1.042581e-09,1.906926e-08,1.906926e-10,3.384286e-10,5.984052e-09,5.984052e-11
4.089734e+00,1.043548e-09,1.921167e-08,1.921167e-10,3.374434e-10,5.971124e-09,5.971124e-11
4.091871e+00,1.042726e-09,1.929722e-08,1.929722e-10,3.349883e-10,5.935390e-09,5.935390e-11
4.094007e+00,1.040154e-09,1.933100e-08,1.933100e-10,3.322406e-10,5.885392e-09,5.885392e-11
4.096144e+00,1.037227e-09,1.931641e-08,1.931641e-10,3.308041e-10,5.825990e-09,5.825990e-11
4.098281e+00,1.033534e-09,1.925106e-08,1.925106e-10,3.293840e-10,5.758588e-09,5.758588e-11
4.100418e+00,1.026608e-09,1.912106e-08,1.912106e-10,3.254025e-10,5.668556e-09,5.668556e-11
4.102554e+00,1.015325e-09,1.891154e-08,1.891154e-10,3.194761e-10,5.560811e-09,5.560811e-11
4.104691e+00,1.000838e-09,1.862165e-08,1.862165e-10,3.145074e-10,5.439457e-09,5.439457e-11
4.106828e+00,9.841424e-10,1.827695e-08,1.827695e-10,3.103852e-10,5.318491e-09,5.318491e-11
4.108965e+00,9.658011e-10,1.791424e-08,1.791424e-10,3.041719e-10,5.191670e-09,5.191670e-11
4.111101e+00,9.483010e-10,1.755688e-08,1.755688e-10,2.962342e-10,5.060924e-09,5.060924e-11
4.113238e+00,9.348671e-10,1.720439e-08,1.720439e-10,2.908838e-10,4.947366e-09,4.947366e-11
4.115375e+00,9.242663e-10,1.683214e-08,1.683214e-10,2.889746e-10,4.841437e-09,4.841437e-11
4.117512e+00,9.113126e-10,1.642068e-08,1.642068e-10,2.855262e-10,4.731602e-09,4.731602e-11
4.119648e+00,8.947511e-10,1.598415e-08,1.598415e-10,2.778910e-10,4.586902e-09,4.586902e-11
4.121785e+00,8.799300e-10,1.556853e-08,1.556853e-10,2.706709e-10,4.461148e-09,4.461148e-11
4.123922e+00,8.704455e-10,1.519702e-08,1.519702e-10,2.680470e-10,4.359499e-09,4.359499e-11
4.126059e+00,8.618323e-10,1.486525e-08,1.486525e-10,2.664771e-10,4.285706e-09,4.285706e-11
4.128195e+00,8.481281e-10,1.453918e-08,1.453918e-10,2.605895e-10,4.187911e-09,4.187911e-11
4.130332e+00,8.305372e-10,1.420187e-08,1.420187e-10,2.520493e-10,4.082585e-09,4.082585e-11
4.132469e+00,8.147999e-10,1.385939e-08,1.385939e-10,2.464561e-10,3.991303e-09,3.991303e-11
4.134606e+00,8.025315e-10,1.354079e-08,1.354079e-10,2.439893e-10,3.918981e-09,3.918981e-11
4.136742e+00,7.906883e-10,1.327148e-08,1.327148e-10,2.398586e-10,3.848692e-09,3.848692e-11
4.138879e+00,7.787276e-10,1.306236e-08,1.306236e-10,2.333674e-10,3.771282e-09,3.771282e-11
4.141016e+00,7.699078e-10,1.290884e-08,1.290884e-10,2.292828e-10,3.726850e-09,3.726850e-11
4.143153e+00,7.646143e-10,1.279437e-08,1.279437e-10,2.291528e-10,3.704871e-09,3.704871e-11
4.145289e+00,7.584735e-10,1.268890e-08,1.268890e-10,2.283457e-10,3.682330e-09,3.682330e-11
4.147426e+00,7.495846e-10,1.256976e-08,1.256976e-10,2.241449e-10,3.622814e-09,3.622814e-11
4.149563e+00,7.415697e-10,1.246214e-08,1.246214e-10,2.201493e-10,3.566851e-09,3.566851e-11
4.151700e+00,7.367426e-10,1.238536e-08,1.238536e-10,2.194604e-10,3.530358e-09,3.530358e-11
4.153836e+00,7.322329e-10,1.234274e-08,1.234274e-10,2.195119e-10,3.513595e-09,3.513595e-11
4.155973e+00,7.257936e-10,1.232016e-08,1.232016e-10,2.174471e-10,3.486646e-09,3.486646e-11
4.158110e+00,7.200988e-10,1.230257e-08,1.230257e-10,2.153195e-10,3.461225e-09,3.461225e-11
4.160247e+00,7.174079e-10,1.226861e-08,1.226861e-10,2.155841e-10,3.436502e-09,3.436502e-11
4.162383e+00,7.147206e-10,1.222131e-08,1.222131e-10,2.160797e-10,3.415827e-09,3.415827e-11
4.164520e+00,7.084907e-10,1.217174e-08,1.217174e-10,2.140105e-10,3.378246e-09,3.378246e-11
4.166657e+00,7.010564e-10,1.213989e-08,1.213989e-10,2.114065e-10,3.346535e-09,3.346535e-11
4.168794e+00,6.976359e-10,1.213249e-08,1.213249e-10,2.118148e-10,3.323445e-09,3.323445e-11
4.170930e+00,6.982445e-10,1.214823e-08,1.214823e-10,2.138296e-10,3.316311e-09,3.316311e-11
4.173067e+00,6.980401e-10,1.217152e-08,1.217152e-10,2.134291e-10,3.290004e-09,3.290004e-11
4.175204e+00,6.950399e-10,1.218644e-08,1.218644e-10,2.111749e-10,3.260875e-09,3.260875e-11
4.177341e+00,6.921190e-10,1.219233e-08,1.219233e-10,2.110087e-10,3.243014e-09,3.243014e-11
4.179477e+00,6.911188e-10,1.220460e-08,1.220460e-10,2.128344e-10,3.246309e-09,3.246309e-11
4.181614e+00,6.906568e-10,1.223835e-08,1.223835e-10,2.128449e-10,3.248166e-09,3.248166e-11
4.183751e+00,6.907127e-10,1.229775e-08,1.229775e-10,2.110980e-10,3.249280e-09,3.249280e-11
4.185888e+00,6.934052e-10,1.237997e-08,1.237997e-10,2.119403e-10,3.287938e-09,3.287938e-11
4.188024e+00,6.980145e-10,1.246428e-08,1.246428e-10,2.159285e-10,3.341570e-09,3.341570e-11
4.190161e+00,7.002997e-10,1.253881e-08,1.253881e-10,2.179933e-10,3.390110e-09,3.390110e-11
4.192298e+00,6.989594e-10,1.260701e-08,1.260701e-10,2.159518e-10,3.399429e-09,3.399429e-11
4.194435e+00,6.982277e-10,1.268795e-08,1.268795e-10,2.143786e-10,3.432380e-09,3.432380e-11
4.196571e+00,7.013420e-10,1.277874e-08,1.277874e-10,2.167132e-10,3.477863e-09,3.477863e-11
4.198708e+00,7.059945e-10,1.287106e-08,1.287106e-10,2.194964e-10,3.525615e-09,3.525615e-11
4.200845e+00,7.091859e-10,1.295630e-08,1.295630e-10,2.186363e-10,3.530796e-09,3.530796e-11
4.202982e+00,7.123505e-10,1.304192e-08,1.304192e-10,2.165238e-10,3.537665e-09,3.537665e-11
4.205118e+00,7.172979e-10,1.311955e-08,1.311955e-10,2.174397e-10,3.565119e-09,3.565119e-11
4.207255e+00,7.211826e-10,1.317450e-08,1.317450e-10,2.197173e-10,3.604930e-09,3.604930e-11
4.209392e+00,7.210628e-10,1.319948e-08,1.319948e-10,2.189705e-10,3.618242e-09,3.618242e-11
4.211529e+00,7.202921e-10,1.321320e-08,1.321320e-10,2.163979e-10,3.614912e-09,3.614912e-11
4.213665e+00,7.245291e-10,1.323414e-08,1.323414e-10,2.171290e-10,3.635659e-09,3.635659e-11
4.215802e+00,7.327264e-10,1.326204e-08,1.326204e-10,2.215130e-10,3.680107e-09,3.680107e-11
4.217939e+00,7.380888e-10,1.326915e-08,1.326915e-10,2.245498e-10,3.718238e-09,3.718238e-11
4.220075e+00,7.380879e-10,1.323231e-08,1.323231e-10,2.242703e-10,3.722599e-09,3.722599e-11
4.222212e+00,7.380446e-10,1.317735e-08,1.317735e-10,2.246016e-10,3.727366e-09,3.727366e-11
4.224349e+00,7.430570e-10,1.313882e-08,1.313882e-10,2.282270e-10,3.751845e-09,3.751845e-11
4.226486e+00,7.512612e-10,1.312635e-08,1.312635e-10,2.323364e-10,3.790972e-09,3.790972e-11
4.228622e+00,7.582725e-10,1.312041e-08,1.312041e-10,2.341359e-10,3.812259e-09,3.812259e-11
4.230759e+00,7.635919e-10,1.310886e-08,1.310886e-10,2.353524e-10,3.824196e-09,3.824196e-11
4.232896e+00,7.687662e-10,1.309747e-08,1.309747e-10,2.380995e-10,3.838064e-09,3.838064e-11
4.235033e+00,7.731254e-10,1.311625e-08,1.311625e-10,2.405988e-10,3.869647e-09,3.869647e-11
4.237169e+00,7.756031e-10,1.317219e-08,1.317219e-10,2.407476e-10,3.898181e-09,3.898181e-11
4.239306e+00,7.777758e-10,1.326066e-08,1.326066e-10,2.403971e-10,3.931698e-09,3.931698e-11
4.241443e+00,7.811512e-10,1.336928e-08,1.336928e-10,2.419755e-10,3.963851e-09,3.963851e-11
4.243580e+00,7.839134e-10,1.349531e-08,1.349531e-10,2.439299e-10,4.007424e-09,4.007424e-11
4.245716e+00,7.837315e-10,1.364804e-08,1.364804e-10,2.436241e-10,4.051533e-09,4.051533e-11
4.247853e+00,7.821458e-10,1.383394e-08,1.383394e-10,2.423416e-10,4.107741e-09,4.107741e-11
4.249990e+00,7.827900e-10,1.404521e-08,1.404521e-10,2.432819e-10,4.172582e-09,4.172582e-11
4.252127e+00,7.860258e-10,1.427112e-08,1.427112e-10,2.459897e-10,4.238336e-09,4.238336e-11
4.254263e+00,7.886795e-10,1.451023e-08,1.451023e-10,2.470668e-10,4.299563e-09,4.299563e-11
4.256400e+00,7.893062e-10,1.475717e-08,1.475717e-10,2.460894e-10,4.356514e-09,4.356514e-11
4.258537e+00,7.902131e-10,1.500751e-08,1.500751e-10,2.462645e-10,4.427059e-09,4.427059e-11
4.260674e+00,7.931248e-10,1.524668e-08,1.524668e-10,2.486939e-10,4.490463e-09,4.490463e-11
4.262810e+00,7.964673e-10,1.546621e-08,1.546621e-10,2.505306e-10,4.540539e-09,4.540539e-11
4.264947e+00,7.984802e-10,1.566516e-08,1.566516e-10,2.499513e-10,4.569510e-09,4.569510e-11
4.267084e+00,8.002016e-10,1.584373e-08,1.584373e-10,2.491268e-10,4.601382e-09,4.601382e-11
4.269221e+00,8.035672e-10,1.599321e-08,1.599321e-10,2.504669e-10,4.633628e-09,4.633628e-11
4.271357e+00,8.085789e-10,1.610183e-08,1.610183e-10,2.529148e-10,4.651230e-09,4.651230e-11
4.273494e+00,8.139049e-10,1.616784e-08,1.616784e-10,2.542029e-10,4.648697e-09,4.648697e-11
4.275631e+00,8.188141e-10,1.619605e-08,1.619605e-10,2.544750e-10,4.638159e-09,4.638159e-11
4.277768e+00,8.234659e-10,1.618835e-08,1.618835e-10,2.554512e-10,4.635788e-09,4.635788e-11
4.279904e+00,8.279248e-10,1.614057e-08,1.614057e-10,2.574802e-10,4.630348e-09,4.630348e-11
4.282041e+00,8.320917e-10,1.605096e-08,1.605096e-10,2.593906e-10,4.609412e-09,4.609412e-11
4.284178e+00,8.360524e-10,1.592946e-08,1.592946e-10,2.604914e-10,4.577191e-09,4.577191e-11
4.286315e+00,8.395433e-10,1.578796e-08,1.578796e-10,2.612494e-10,4.549510e-09,4.549510e-11
4.288451e+00,8.419821e-10,1.562644e-08,1.562644e-10,2.623582e-10,4.532739e-09,4.532739e-11
4.290588e+00,8.436280e-10,1.544034e-08,1.544034e-10,2.641238e-10,4.512223e-09,4.512223e-11
4.292725e+00,8.456600e-10,1.523499e-08,1.523499e-10,2.662814e-10,4.478124e-09,4.478124e-11
4.294862e+00,8.481465e-10,1.502694e-08,1.502694e-10,2.677704e-10,4.438906e-09,4.438906e-11
4.296998e+00,8.495984e-10,1.482638e-08,1.482638e-10,2.678604e-10,4.403507e-09,4.403507e-11
4.299135e+00,8.492837e-10,1.462591e-08,1.462591e-10,2.676307e-10,4.379528e-09,4.379528e-11
4.301272e+00,8.479957e-10,1.441115e-08,1.441115e-10,2.685253e-10,4.348045e-09,4.348045e-11
4.303409e+00,8.462524e-10,1.418681e-08,1.418681e-10,2.695632e-10,4.303988e-09,4.303988e-11
4.305545e+00,8.435311e-10,1.397234e-08,1.397234e-10,2.684164e-10,4.246639e-09,4.246639e-11
4.307682e+00,8.399371e-10,1.378239e-08,1.378239e-10,2.656265e-10,4.194823e-09,4.194823e-11
4.309819e+00,8.364578e-10,1.360809e-08,1.360809e-10,2.645221e-10,4.164321e-09,4.164321e-11
4.311956e+00,8.326216e-10,1.342660e-08,1.342660e-10,2.657270e-10,4.131989e-09,4.131989e-11
4.314092e+00,8.264579e-10,1.324386e-08,1.324386e-10,2.655104e-10,4.089459e-09,4.089459e-11
4.316229e+00,8.183270e-10,1.308488e-08,1.308488e-10,2.619955e-10,4.021752e-09,4.021752e-11
4.318366e+00,8.122413e-10,1.297632e-08,1.297632e-10,2.591785e-10,3.989803e-09,3.989803e-11
4.320503e+00,8.101630e-10,1.290860e-08,1.290860e-10,2.607685e-10,3.987703e-09,3.987703e-11
4.322639e+00,8.078687e-10,1.285625e-08,1.285625e-10,2.634636e-10,4.000502e-09,4.000502e-11
4.324776e+00,8.011924e-10,1.280452e-08,1.280452e-10,2.618878e-10,3.975123e-09,3.975123e-11
4.326913e+00,7.936226e-10,1.278227e-08,1.278227e-10,2.578310e-10,3.947011e-09,3.947011e-11
4.329050e+00,7.919367e-10,1.280876e-08,1.280876e-10,2.578676e-10,3.971230e-09,3.971230e-11
4.331186e+00,7.956735e-10,1.286938e-08,1.286938e-10,2.625159e-10,4.030200e-09,4.030200e-11
4.333323e+00,7.976431e-10,1.293234e-08,1.293234e-10,2.651711e-10,4.082950e-09,4.082950e-11
4.335460e+00,7.952067e-10,1.298419e-08,1.298419e-10,2.630169e-10,4.086835e-09,4.086835e-11
4.337597e+00,7.942196e-10,1.305467e-08,1.305467e-10,2.616940e-10,4.123825e-09,4.123825e-11
4.339733e+00,7.993996e-10,1.315052e-08,1.315052e-10,2.657773e-10,4.197017e-09,4.197017e-11
4.341870e+00,8.067357e-10,1.325906e-08,1.325906e-10,2.711103e-10,4.296176e-09,4.296176e-11
4.344007e+00,8.103176e-10,1.334890e-08,1.334890e-10,2.720128e-10,4.348552e-09,4.348552e-11
4.346144e+00,8.120115e-10,1.343546e-08,1.343546e-10,2.708809e-10,4.394342e-09,4.394342e-11
4.348280e+00,8.178041e-10,1.354200e-08,1.354200e-10,2.737736e-10,4.468172e-09,4.468172e-11
4.350417e+00,8.277788e-10,1.368077e-08,1.368077e-10,2.800479e-10,4.575993e-09,4.575993e-11
4.352554e+00,8.370387e-10,1.383087e-08,1.383087e-10,2.839697e-10,4.672291e-09,4.672291e-11
4.354691e+00,8.449689e-10,1.398645e-08,1.398645e-10,2.848984e-10,4.741590e-09,4.741590e-11
4.356827e+00,8.559232e-10,1.416317e-08,1.416317e-10,2.880835e-10,4.824264e-09,4.824264e-11
4.358964e+00,8.708251e-10,1.437227e-08,1.437227e-10,2.952118e-10,4.930537e-09,4.930537e-11
4.361101e+00,8.851137e-10,1.461427e-08,1.461427e-10,3.015183e-10,5.051148e-09,5.051148e-11
4.363238e+00,8.961777e-10,1.486616e-08,1.486616e-10,3.040586e-10,5.146474e-09,5.146474e-11
4.365374e+00,9.071183e-10,1.513078e-08,1.513078e-10,3.064118e-10,5.240580e-09,5.240580e-11
4.367511e+00,9.205048e-10,1.540834e-08,1.540834e-10,3.119617e-10,5.339717e-09,5.339717e-11
4.369648e+00,9.331614e-10,1.570266e-08,1.570266e-10,3.179481e-10,5.456132e-09,5.456132e-11
4.371785e+00,9.414789e-10,1.599795e-08,1.599795e-10,3.206136e-10,5.555839e-09,5.555839e-11
4.373921e+00,9.479844e-10,1.629174e-08,1.629174e-10,3.219025e-10,5.647546e-09,5.647546e-11
4.376058e+00,9.572232e-10,1.657983e-08,1.657983e-10,3.257305e-10,5.730059e-09,5.730059e-11
4.378195e+00,9.678108e-10,1.686178e-08,1.686178e-10,3.307811e-10,5.814029e-09,5.814029e-11
4.380332e+00,9.746716e-10,1.712841e-08,1.712841e-10,3.328497e-10,5.884642e-09,5.884642e-11
4.382468e+00,9.778015e-10,1.737105e-08,1.737105e-10,3.323367e-10,5.940413e-09,5.940413e-11
4.384605e+00,9.825067e-10,1.759117e-08,1.759117e-10,3.335524e-10,5.987594e-09,5.987594e-11
4.386742e+00,9.910774e-10,1.778639e-08,1.778639e-10,3.373487e-10,6.022222e-09,6.022222e-11
4.388879e+00,9.995363e-10,1.796034e-08,1.796034e-10,3.398578e-10,6.047804e-09,6.047804e-11
4.391015e+00,1.003937e-09,1.810345e-08,1.810345e-10,3.392109e-10,6.053329e-09,6.053329e-11
4.393152e+00,1.005728e-09,1.821280e-08,1.821280e-10,3.385317e-10,6.058356e-09,6.058356e-11
4.395289e+00,1.008223e-09,1.828608e-08,1.828608e-10,3.403058e-10,6.051973e-09,6.051973e-11
4.397426e+00,1.011168e-09,1.833120e-08,1.833120e-10,3.422459e-10,6.038724e-09,6.038724e-11
4.399562e+00,1.012104e-09,1.835451e-08,1.835451e-10,3.415496e-10,6.008369e-09,6.008369e-11
4.401699e+00,1.010983e-09,1.836120e-08,1.836120e-10,3.397789e-10,5.977731e-09,5.977731e-11
4.403836e+00,1.009926e-09,1.835446e-08,1.835446e-10,3.400017e-10,5.952353e-09,5.952353e-11
4.405972e+00,1.009527e-09,1.833527e-08,1.833527e-10,3.414641e-10,5.923213e-09,5.923213e-11
4.408109e+00,1.008602e-09,1.831148e-08,1.831148e-10,3.409555e-10,5.885610e-09,5.885610e-11
4.410246e+00,1.006665e-09,1.829167e-08,1.829167e-10,3.380314e-10,5.839003e-09,5.839003e-11
4.412383e+00,1.004550e-09,1.827748e-08,1.827748e-10,3.355207e-10,5.803379e-09,5.803379e-11
4.414519e+00,1.002892e-09,1.826220e-08,1.826220e-10,3.351561e-10,5.774603e-09,5.774603e-11
4.416656e+00,1.001210e-09,1.825125e-08,1.825125e-10,3.352115e-10,5.751179e-09,5.751179e-11
4.418793e+00,9.989965e-10,1.824839e-08,1.824839e-10,3.333981e-10,5.724538e-09,5.724538e-11
4.420930e+00,9.967676e-10,1.825260e-08,1.825260e-10,3.303775e-10,5.700751e-09,5.700751e-11
4.423066e+00,9.950078e-10,1.826257e-08,1.826257e-10,3.286176e-10,5.690578e-09,5.690578e-11
4.425203e+00,9.925639e-10,1.826573e-08,1.826573e-10,3.286200e-10,5.688351e-09,5.688351e-11
4.427340e+00,9.880208e-10,1.825660e-08,1.825660e-10,3.283339e-10,5.690523e-09,5.690523e-11
4.429477e+00,9.825334e-10,1.824627e-08,1.824627e-10,3.263322e-10,5.688298e-09,5.688298e-11
4.431613e+00,9.790718e-10,1.824140e-08,1.824140e-10,3.239568e-10,5.689147e-09,5.689147e-11
4.433750e+00,9.787498e-10,1.823922e-08,1.823922e-10,3.234987e-10,5.697909e-09,5.697909e-11
4.435887e+00,9.791248e-10,1.822847e-08,1.822847e-10,3.248303e-10,5.709895e-09,5.709895e-11
4.438024e+00,9.766799e-10,1.819737e-08,1.819737e-10,3.251158e-10,5.720901e-09,5.720901e-11
4.440160e+00,9.713561e-10,1.814894e-08,1.814894e-10,3.226735e-10,5.718159e-09,5.718159e-11
4.442297e+00,9.678052e-10,1.809522e-08,1.809522e-10,3.201061e-10,5.715901e-09,5.715901e-11
4.444434e+00,9.697723e-10,1.803735e-08,1.803735e-10,3.210076e-10,5.716552e-09,5.716552e-11
4.446571e+00,9.737895e-10,1.796886e-08,1.796886e-10,3.239493e-10,5.721112e-09,5.721112e-11
4.448707e+00,9.724879e-10,1.786467e-08,1.786467e-10,3.238553e-10,5.711365e-09,5.711365e-11
4.450844e+00,9.641201e-10,1.771198e-08,1.771198e-10,3.196184e-10,5.677388e-09,5.677388e-11
4.452981e+00,9.544642e-10,1.753029e-08,1.753029e-10,3.159185e-10,5.644656e-09,5.644656e-11
4.455118e+00,9.486115e-10,1.733375e-08,1.733375e-10,3.161202e-10,5.611586e-09,5.611586e-11
4.457254e+00,9.446713e-10,1.712902e-08,1.712902e-10,3.171063e-10,5.582651e-09,5.582651e-11
4.459391e+00,9.376082e-10,1.690763e-08,1.690763e-10,3.142463e-10,5.524248e-09,5.524248e-11
4.461528e+00,9.266125e-10,1.665922e-08,1.665922e-10,3.087194e-10,5.455324e-09,5.455324e-11
4.463665e+00,9.151717e-10,1.638383e-08,1.638383e-10,3.052353e-10,5.386703e-09,5.386703e-11
4.465801e+00,9.048691e-10,1.610258e-08,1.610258e-10,3.040009e-10,5.322952e-09,5.322952e-11
4.467938e+00,8.937205e-10,1.582567e-08,1.582567e-10,3.004282e-10,5.247676e-09,5.247676e-11
4.470075e+00,8.813807e-10,1.555260e-08,1.555260e-10,2.932356e-10,5.143500e-09,5.143500e-11
4.472212e+00,8.709851e-10,1.528283e-08,1.528283e-10,2.871317e-10,5.048393e-09,5.048393e-11
4.474348e+00,8.636526e-10,1.501214e-08,1.501214e-10,2.849651e-10,4.957158e-09,4.957158e-11
4.476485e+00,8.558134e-10,1.474548e-08,1.474548e-10,2.828413e-10,4.873297e-09,4.873297e-11
4.478622e+00,8.447352e-10,1.447717e-08,1.447717e-10,2.767624e-10,4.756773e-09,4.756773e-11
4.480759e+00,8.327597e-10,1.421394e-08,1.421394e-10,2.691990e-10,4.638250e-09,4.638250e-11
4.482895e+00,8.231743e-10,1.394953e-08,1.394953e-10,2.647651e-10,4.528664e-09,4.528664e-11
4.485032e+00,8.149272e-10,1.369126e-08,1.369126e-10,2.626893e-10,4.432706e-09,4.432706e-11
4.487169e+00,8.052223e-10,1.344605e-08,1.344605e-10,2.586297e-10,4.327133e-09,4.327133e-11
4.489306e+00,7.952532e-10,1.322251e-08,1.322251e-10,2.524371e-10,4.208187e-09,4.208187e-11
4.491442e+00,7.883028e-10,1.302170e-08,1.302170e-10,2.482141e-10,4.106882e-09,4.106882e-11
4.493579e+00,7.829071e-10,1.282621e-08,1.282621e-10,2.467134e-10,4.017378e-09,4.017378e-11
4.495716e+00,7.739244e-10,1.262420e-08,1.262420e-10,2.438960e-10,3.934365e-09,3.934365e-11
4.497853e+00,7.614667e-10,1.242509e-08,1.242509e-10,2.382661e-10,3.834237e-09,3.834237e-11
4.499989e+00,7.522732e-10,1.225868e-08,1.225868e-10,2.338846e-10,3.752562e-09,3.752562e-11
4.502126e+00,7.498192e-10,1.212381e-08,1.212381e-10,2.335543e-10,3.689410e-09,3.689410e-11
4.504263e+00,7.488422e-10,1.201541e-08,1.201541e-10,2.338770e-10,3.644244e-09,3.644244e-11
4.506400e+00,7.430209e-10,1.191178e-08,1.191178e-10,2.308753e-10,3.584277e-09,3.584277e-11
4.508536e+00,7.339388e-10,1.182250e-08,1.182250e-10,2.264215e-10,3.530033e-09,3.530033e-11
4.510673e+00,7.280175e-10,1.176736e-08,1.176736e-10,2.246623e-10,3.495766e-09,3.495766e-11
4.512810e+00,7.269704e-10,1.175216e-08,1.175216e-10,2.251191e-10,3.483481e-09,3.483481e-11
4.514947e+00,7.264103e-10,1.176951e-08,1.176951e-10,2.239344e-10,3.470013e-09,3.470013e-11
4.517083e+00,7.237523e-10,1.180986e-08,1.180986e-10,2.208136e-10,3.453525e-09,3.453525e-11
4.519220e+00,7.220949e-10,1.187439e-08,1.187439e-10,2.197168e-10,3.458546e-09,3.458546e-11
4.521357e+00,7.243062e-10,1.196094e-08,1.196094e-10,2.219903e-10,3.483634e-09,3.483634e-11
4.523494e+00,7.285530e-10,1.206520e-08,1.206520e-10,2.242009e-10,3.517299e-09,3.517299e-11
4.525630e+00,7.323600e-10,1.217400e-08,1.217400e-10,2.243520e-10,3.534626e-09,3.534626e-11
4.527767e+00,7.366048e-10,1.229164e-08,1.229164e-10,2.252475e-10,3.566044e-09,3.566044e-11
4.529904e+00,7.425607e-10,1.241143e-08,1.241143e-10,2.293393e-10,3.612928e-09,3.612928e-11
4.532041e+00,7.484767e-10,1.253199e-08,1.253199e-10,2.341468e-10,3.677597e-09,3.677597e-11
4.534177e+00,7.521597e-10,1.264774e-08,1.264774e-10,2.361243e-10,3.725928e-09,3.725928e-11
4.536314e+00,7.545964e-10,1.275768e-08,1.275768e-10,2.363521e-10,3.768646e-09,3.768646e-11
4.538451e+00,7.583083e-10,1.286694e-08,1.286694e-10,2.384476e-10,3.818726e-09,3.818726e-11
4.540588e+00,7.630165e-10,1.297011e-08,1.297011e-10,2.424594e-10,3.876976e-09,3.876976e-11
4.542724e+00,7.660126e-10,1.306329e-08,1.306329e-10,2.449322e-10,3.927398e-09,3.927398e-11
4.544861e+00,7.671841e-10,1.314643e-08,1.314643e-10,2.446906e-10,3.951932e-09,3.951932e-11
4.546998e+00,7.699320e-10,1.322615e-08,1.322615e-10,2.447526e-10,3.971814e-09,3.971814e-11
4.549135e+00,7.756714e-10,1.330573e-08,1.330573e-10,2.472885e-10,3.989359e-09,3.989359e-11
4.551271e+00,7.809897e-10,1.337810e-08,1.337810e-10,2.500358e-10,4.011340e-09,4.011340e-11
4.553408e+00,7.826715e-10,1.342927e-08,1.342927e-10,2.501267e-10,4.015891e-09,4.015891e-11
4.555545e+00,7.825735e-10,1.346995e-08,1.346995e-10,2.486310e-10,4.013824e-09,4.013824e-11
4.557682e+00,7.849191e-10,1.351510e-08,1.351510e-10,2.486899e-10,4.016095e-09,4.016095e-11
4.559818e+00,7.904824e-10,1.357312e-08,1.357312e-10,2.508137e-10,4.029008e-09,4.029008e-11
4.561955e+00,7.957593e-10,1.363998e-08,1.363998e-10,2.524235e-10,4.050637e-09,4.050637e-11
4.564092e+00,7.977783e-10,1.369277e-08,1.369277e-10,2.519001e-10,4.065903e-09,4.065903e-11
4.566229e+00,7.977946e-10,1.372912e-08,1.372912e-10,2.507864e-10,4.081927e-09,4.081927e-11
4.568365e+00,7.994207e-10,1.377202e-08,1.377202e-10,2.511987e-10,4.098577e-09,4.098577e-11
4.570502e+00,8.042920e-10,1.383795e-08,1.383795e-10,2.529797e-10,4.122640e-09,4.122640e-11
4.572639e+00,8.109404e-10,1.392621e-08,1.392621e-10,2.545041e-10,4.148754e-09,4.148754e-11
4.574776e+00,8.170553e-10,1.401782e-08,1.401782e-10,2.550818e-10,4.171158e-09,4.171158e-11
4.576912e+00,8.215741e-10,1.409477e-08,1.409477e-10,2.554438e-10,4.186920e-09,4.186920e-11
4.579049e+00,8.256433e-10,1.417056e-08,1.417056e-10,2.564289e-10,4.196252e-09,4.196252e-11
4.581186e+00,8.318110e-10,1.426809e-08,1.426809e-10,2.581194e-10,4.208947e-09,4.208947e-11
4.583323e+00,8.412691e-10,1.439281e-08,1.439281e-10,2.600752e-10,4.225287e-09,4.225287e-11
4.585459e+00,8.520025e-10,1.453207e-08,1.453207e-10,2.617797e-10,4.242363e-09,4.242363e-11
4.587596e+00,8.607506e-10,1.466642e-08,1.466642e-10,2.630438e-10,4.254591e-09,4.254591e-11
4.589733e+00,8.666642e-10,1.479780e-08,1.479780e-10,2.641266e-10,4.264256e-09,4.264256e-11
4.591869e+00,8.718648e-10,1.494136e-08,1.494136e-10,2.653012e-10,4.281938e-09,4.281938e-11
4.594006e+00,8.784429e-10,1.510195e-08,1.510195e-10,2.665023e-10,4.309658e-09,4.309658e-11
4.596143e+00,8.856774e-10,1.527322e-08,1.527322e-10,2.674265e-10,4.342552e-09,4.342552e-11
4.598280e+00,8.914432e-10,1.544218e-08,1.544218e-10,2.681808e-10,4.375708e-09,4.375708e-11
4.600416e+00,8.958046e-10,1.560720e-08,1.560720e-10,2.695824e-10,4.413194e-09,4.413194e-11
4.602553e+00,9.009384e-10,1.577872e-08,1.577872e-10,2.719870e-10,4.463985e-09,4.463985e-11
4.604690e+00,9.075329e-10,1.595460e-08,1.595460e-10,2.743645e-10,4.522828e-09,4.522828e-11
4.606827e+00,9.134594e-10,1.612202e-08,1.612202e-10,2.755635e-10,4.578070e-09,4.578070e-11
4.608963e+00,9.167934e-10,1.626994e-08,1.626994e-10,2.759953e-10,4.625964e-09,4.625964e-11
4.611100e+00,9.182040e-10,1.639617e-08,1.639617e-10,2.769205e-10,4.670708e-09,4.670708e-11
4.613237e+00,9.197285e-10,1.650718e-08,1.650718e-10,2.784113e-10,4.718642e-09,4.718642e-11
4.615374e+00,9.222494e-10,1.660288e-08,1.660288e-10,2.793048e-10,4.761060e-09,4.761060e-11
4.617510e+00,9.245474e-10,1.667271e-08,1.667271e-10,2.791642e-10,4.790959e-09,4.790959e-11
4.619647e+00,9.247303e-10,1.670065e-08,1.670065e-10,2.789886e-10,4.807026e-09,4.807026e-11
4.621784e+00,9.220005e-10,1.667485e-08,1.667485e-10,2.794604e-10,4.814311e-09,4.814311e-11
4.623921e+00,9.172023e-10,1.660349e-08,1.660349e-10,2.796917e-10,4.819460e-09,4.819460e-11
4.626057e+00,9.124115e-10,1.649829e-08,1.649829e-10,2.788193e-10,4.815176e-09,4.815176e-11
4.628194e+00,9.097303e-10,1.636405e-08,1.636405e-10,2.779794e-10,4.803904e-09,4.803904e-11
4.630331e+00,9.089349e-10,1.620267e-08,1.620267e-10,2.787722e-10,4.786430e-09,4.786430e-11
4.632468e+00,9.066573e-10,1.600129e-08,1.600129e-10,2.802620e-10,4.768285e-09,4.768285e-11
4.634604e+00,9.001259e-10,1.574925e-08,1.574925e-10,2.799839e-10,4.742391e-09,4.742391e-11
4.636741e+00,8.910131e-10,1.546630e-08,1.546630e-10,2.776942e-10,4.703452e-09,4.703452e-11
4.638878e+00,8.835663e-10,1.517677e-08,1.517677e-10,2.757549e-10,4.655355e-09,4.655355e-11
4.641015e+00,8.792742e-10,1.490006e-08,1.490006e-10,2.755356e-10,4.599313e-09,4.599313e-11
4.643151e+00,8.752197e-10,1.464095e-08,1.464095e-10,2.754375e-10,4.543657e-09,4.543657e-11
4.645288e+00,8.678305e-10,1.437696e-08,1.437696e-10,2.733457e-10,4.479452e-09,4.479452e-11
4.647425e+00,8.569075e-10,1.410195e-08,1.410195e-10,2.695270e-10,4.406597e-09,4.406597e-11
4.649562e+00,8.453179e-10,1.383534e-08,1.383534e-10,2.657415e-10,4.320681e-09,4.320681e-11
4.651698e+00,8.351469e-10,1.359655e-08,1.359655e-10,2.623903e-10,4.227874e-09,4.227874e-11
4.653835e+00,8.259937e-10,1.339731e-08,1.339731e-10,2.584332e-10,4.138159e-09,4.138159e-11
4.655972e+00,8.170025e-10,1.322320e-08,1.322320e-10,2.537899e-10,4.055187e-09,4.055187e-11
4.658109e+00,8.083267e-10,1.305180e-08,1.305180e-10,2.497400e-10,3.979428e-09,3.979428e-11
4.660245e+00,8.003462e-10,1.289494e-08,1.289494e-10,2.467760e-10,3.904886e-09,3.904886e-11
4.662382e+00,7.931260e-10,1.277058e-08,1.277058e-10,2.439913e-10,3.837463e-09,3.837463e-11
4.664519e+00,7.864828e-10,1.267143e-08,1.267143e-10,2.407658e-10,3.780467e-09,3.780467e-11
4.666656e+00,7.791172e-10,1.257507e-08,1.257507e-10,2.372533e-10,3.734465e-09,3.734465e-11
4.668792e+00,7.691372e-10,1.245744e-08,1.245744e-10,2.334077e-10,3.688032e-09,3.688032e-11
4.670929e+00,7.568154e-10,1.233333e-08,1.233333e-10,2.291411e-10,3.638765e-09,3.638765e-11
4.673066e+00,7.456271e-10,1.225125e-08,1.225125e-10,2.253285e-10,3.607233e-09,3.607233e-11
4.675203e+00,7.390484e-10,1.223246e-08,1.223246e-10,2.231476e-10,3.609985e-09,3.609985e-11
4.677339e+00,7.364511e-10,1.224585e-08,1.224585e-10,2.222040e-10,3.631567e-09,3.631567e-11
4.679476e+00,7.339551e-10,1.223917e-08,1.223917e-10,2.208609e-10,3.636909e-09,3.636909e-11
4.681613e+00,7.295960e-10,1.220040e-08,1.220040e-10,2.187718e-10,3.620866e-09,3.620866e-11
4.683750e+00,7.260495e-10,1.217854e-08,1.217854e-10,2.175818e-10,3.616980e-09,3.616980e-11
4.685886e+00,7.268890e-10,1.222027e-08,1.222027e-10,2.183704e-10,3.649552e-09,3.649552e-11
4.688023e+00,7.317622e-10,1.232291e-08,1.232291e-10,2.199507e-10,3.701887e-09,3.701887e-11
4.690160e+00,7.374275e-10,1.245173e-08,1.245173e-10,2.209291e-10,3.742903e-09,3.742903e-11
4.692297e+00,7.418590e-10,1.257614e-08,1.257614e-10,2.218117e-10,3.768992e-09,3.768992e-11
4.694433e+00,7.454316e-10,1.269265e-08,1.269265e-10,2.235410e-10,3.802393e-09,3.802393e-11
4.696570e+00,7.492143e-10,1.282030e-08,1.282030e-10,2.254338e-10,3.855190e-09,3.855190e-11
4.698707e+00,7.540901e-10,1.297567e-08,1.297567e-10,2.265553e-10,3.909165e-09,3.909165e-11
4.700844e+00,7.608096e-10,1.316653e-08,1.316653e-10,2.279083e-10,3.952339e-09,3.952339e-11
4.702980e+00,7.693060e-10,1.340510e-08,1.340510e-10,2.310113e-10,4.000800e-09,4.000800e-11
4.705117e+00,7.782649e-10,1.369341e-08,1.369341e-10,2.351524e-10,4.082038e-09,4.082038e-11
4.707254e+00,7.860409e-10,1.399265e-08,1.399265e-10,2.382207e-10,4.179081e-09,4.179081e-11
4.709391e+00,7.921538e-10,1.425129e-08,1.425129e-10,2.398419e-10,4.257106e-09,4.257106e-11
4.711527e+00,7.971942e-10,1.446325e-08,1.446325e-10,2.414595e-10,4.298901e-09,4.298901e-11
4.713664e+00,8.017780e-10,1.467658e-08,1.467658e-10,2.436703e-10,4.336163e-09,4.336163e-11
4.715801e+00,8.068915e-10,1.493759e-08,1.493759e-10,2.459013e-10,4.407269e-09,4.407269e-11
4.717938e+00,8.142211e-10,1.524475e-08,1.524475e-10,2.483738e-10,4.513232e-09,4.513232e-11
4.720074e+00,8.238640e-10,1.554240e-08,1.554240e-10,2.517781e-10,4.612930e-09,4.612930e-11
4.722211e+00,8.323818e-10,1.577709e-08,1.577709e-10,2.550751e-10,4.668956e-09,4.668956e-11
4.724348e+00,8.363759e-10,1.595174e-08,1.595174e-10,2.564343e-10,4.700794e-09,4.700794e-11
4.726485e+00,8.373962e-10,1.611375e-08,1.611375e-10,2.565177e-10,4.750293e-09,4.750293e-11
4.728621e+00,8.400021e-10,1.629348e-08,1.629348e-10,2.579251e-10,4.828825e-09,4.828825e-11
4.730758e+00,8.454410e-10,1.647879e-08,1.647879e-10,2.609496e-10,4.900519e-09,4.900519e-11
4.732895e+00,8.506264e-10,1.664882e-08,1.664882e-10,2.629792e-10,4.941284e-09,4.941284e-11
4.735032e+00,8.536394e-10,1.679728e-08,1.679728e-10,2.631652e-10,4.969854e-09,4.969854e-11
4.737168e+00,8.563343e-10,1.692052e-08,1.692052e-10,2.641677e-10,5.018957e-09,5.018957e-11
4.739305e+00,8.601440e-10,1.700748e-08,1.700748e-10,2.672568e-10,5.077046e-09,5.077046e-11
4.741442e+00,8.633209e-10,1.705692e-08,1.705692e-10,2.695344e-10,5.107842e-09,5.107842e-11
4.743579e+00,8.651520e-10,1.708350e-08,1.708350e-10,2.691933e-10,5.095890e-09,5.095890e-11
4.745715e+00,8.689529e-10,1.712455e-08,1.712455e-10,2.696310e-10,5.095841e-09,5.095841e-11
4.747852e+00,8.764008e-10,1.718178e-08,1.718178e-10,2.738517e-10,5.132266e-09,5.132266e-11
4.749989e+00,8.823848e-10,1.721111e-08,1.721111e-10,2.782918e-10,5.179283e-09,5.179283e-11
4.752126e+00,8.813017e-10,1.716490e-08,1.716490e-10,2.779068e-10,5.166971e-09,5.166971e-11
4.754262e+00,8.760865e-10,1.706531e-08,1.706531e-10,2.748026e-10,5.114732e-09,5.114732e-11
4.756399e+00,8.744604e-10,1.697297e-08,1.697297e-10,2.752735e-10,5.079589e-09,5.079589e-11
4.758536e+00,8.775797e-10,1.691713e-08,1.691713e-10,2.795159e-10,5.096161e-09,5.096161e-11
4.760673e+00,8.792251e-10,1.686265e-08,1.686265e-10,2.814054e-10,5.107091e-09,5.107091e-11
4.762809e+00,8.765453e-10,1.675985e-08,1.675985e-10,2.790834e-10,5.059816e-09,5.059816e-11
4.764946e+00,8.744356e-10,1.661770e-08,1.661770e-10,2.782713e-10,4.995803e-09,4.995803e-11
4.767083e+00,8.765676e-10,1.647973e-08,1.647973e-10,2.822697e-10,4.961981e-09,4.961981e-11
4.769220e+00,8.789197e-10,1.637426e-08,1.637426e-10,2.859075e-10,4.972962e-09,4.972962e-11
4.771356e+00,8.768071e-10,1.626991e-08,1.626991e-10,2.843568e-10,4.941105e-09,4.941105e-11
4.773493e+00,8.727753e-10,1.614768e-08,1.614768e-10,2.815766e-10,4.893351e-09,4.893351e-11
4.775630e+00,8.714078e-10,1.600806e-08,1.600806e-10,2.832575e-10,4.842548e-09,4.842548e-11
4.777766e+00,8.707510e-10,1.587597e-08,1.587597e-10,2.866671e-10,4.841323e-09,4.841323e-11
4.779903e+00,8.660808e-10,1.574496e-08,1.574496e-10,2.854906e-10,4.819127e-09,4.819127e-11
4.782040e+00,8.591499e-10,1.560781e-08,1.560781e-10,2.811587e-10,4.777637e-09,4.777637e-11
4.784177e+00,8.561993e-10,1.546263e-08,1.546263e-10,2.807285e-10,4.732733e-09,4.732733e-11
4.786313e+00,8.577316e-10,1.532825e-08,1.532825e-10,2.848699e-10,4.709004e-09,4.709004e-11
4.788450e+00,8.578471e-10,1.521508e-08,1.521508e-10,2.868615e-10,4.704453e-09,4.704453e-11
4.790587e+00,8.541627e-10,1.510088e-08,1.510088e-10,2.841556e-10,4.672562e-09,4.672562e-11
4.792724e+00,8.510881e-10,1.496943e-08,1.496943e-10,2.823319e-10,4.659072e-09,4.659072e-11
4.794860e+00,8.515970e-10,1.481442e-08,1.481442e-10,2.850752e-10,4.633975e-09,4.633975e-11
4.796997e+00,8.524621e-10,1.467072e-08,1.467072e-10,2.880254e-10,4.633192e-09,4.633192e-11
4.799134e+00,8.510591e-10,1.455209e-08,1.455209e-10,2.870459e-10,4.618450e-09,4.618450e-11
4.801271e+00,8.503923e-10,1.445974e-08,1.445974e-10,2.856829e-10,4.641017e-09,4.641017e-11
4.803407e+00,8.527805e-10,1.434910e-08,1.434910e-10,2.883883e-10,4.670151e-09,4.670151e-11
4.805544e+00,8.541558e-10,1.419944e-08,1.419944e-10,2.920942e-10,4.689395e-09,4.689395e-11
4.807681e+00,8.501341e-10,1.402507e-08,1.402507e-10,2.914537e-10,4.682497e-09,4.682497e-11
4.809818e+00,8.436771e-10,1.386830e-08,1.386830e-10,2.881787e-10,4.682585e-09,4.682585e-11
4.811954e+00,8.403225e-10,1.373801e-08,1.373801e-10,2.877953e-10,4.711847e-09,4.711847e-11
4.814091e+00,8.389042e-10,1.360801e-08,1.360801e-10,2.898510e-10,4.731142e-09,4.731142e-11
4.816228e+00,8.337695e-10,1.346266e-08,1.346266e-10,2.888345e-10,4.718781e-09,4.718781e-11
4.818365e+00,8.245592e-10,1.331178e-08,1.331178e-10,2.838131e-10,4.676137e-09,4.676137e-11
4.820501e+00,8.167055e-10,1.318290e-08,1.318290e-10,2.796635e-10,4.647575e-09,4.647575e-11
4.822638e+00,8.120611e-10,1.307313e-08,1.307313e-10,2.782709e-10,4.622641e-09,4.622641e-11
4.824775e+00,8.064092e-10,1.296703e-08,1.296703e-10,2.758282e-10,4.583073e-09,4.583073e-11
4.826912e+00,7.976987e-10,1.285831e-08,1.285831e-10,2.704102e-10,4.514502e-09,4.514502e-11
4.829048e+00,7.900527e-10,1.277666e-08,1.277666e-10,2.657157e-10,4.455352e-09,4.455352e-11
4.831185e+00,7.867546e-10,1.273189e-08,1.273189e-10,2.644941e-10,4.415641e-09,4.415641e-11
4.833322e+00,7.846013e-10,1.270922e-08,1.270922e-10,2.637431e-10,4.382121e-09,4.382121e-11
4.835459e+00,7.791439e-10,1.268452e-08,1.268452e-10,2.603221e-10,4.327948e-09,4.327948e-11
4.837595e+00,7.715562e-10,1.265819e-08,1.265819e-10,2.564372e-10,4.271766e-09,4.271766e-11
4.839732e+00,7.663108e-10,1.265134e-08,1.265134e-10,2.553652e-10,4.233254e-09,4.233254e-11
4.841869e+00,7.646986e-10,1.268220e-08,1.268220e-10,2.559019e-10,4.216624e-09,4.216624e-11
4.844006e+00,7.645354e-10,1.274446e-08,1.274446e-10,2.551195e-10,4.199619e-09,4.199619e-11
4.846142e+00,7.645365e-10,1.282035e-08,1.282035e-10,2.535860e-10,4.182071e-09,4.182071e-11
4.848279e+00,7.652075e-10,1.289932e-08,1.289932e-10,2.535967e-10,4.172139e-09,4.172139e-11
4.850416e+00,7.666469e-10,1.298497e-08,1.298497e-10,2.544465e-10,4.178970e-09,4.178970e-11
4.852553e+00,7.689699e-10,1.308815e-08,1.308815e-10,2.540839e-10,4.190692e-09,4.190692e-11
4.854689e+00,7.737958e-10,1.321288e-08,1.321288e-10,2.535285e-10,4.207762e-09,4.207762e-11
4.856826e+00,7.820130e-10,1.335479e-08,1.335479e-10,2.550947e-10,4.232040e-09,4.232040e-11
4.858963e+00,7.913705e-10,1.350895e-08,1.350895e-10,2.579762e-10,4.268898e-09,4.268898e-11
4.861100e+00,7.992702e-10,1.367352e-08,1.367352e-10,2.596948e-10,4.312452e-09,4.312452e-11
4.863236e+00,8.065894e-10,1.385741e-08,1.385741e-10,2.606995e-10,4.364784e-09,4.364784e-11
4.865373e+00,8.158669e-10,1.407079e-08,1.407079e-10,2.634647e-10,4.428260e-09,4.428260e-11
4.867510e+00,8.270460e-10,1.432111e-08,1.432111e-10,2.677066e-10,4.503210e-09,4.503210e-11
4.869647e+00,8.382413e-10,1.461031e-08,1.461031e-10,2.710957e-10,4.584867e-09,4.584867e-11
4.871783e+00,8.497114e-10,1.493805e-08,1.493805e-10,2.741586e-10,4.679161e-09,4.679161e-11
4.873920e+00,8.633291e-10,1.530146e-08,1.530146e-10,2.793722e-10,4.790158e-09,4.790158e-11
4.876057e+00,8.784441e-10,1.570075e-08,1.570075e-10,2.859532e-10,4.914405e-09,4.914405e-11
4.878194e+00,8.926805e-10,1.612817e-08,1.612817e-10,2.907696e-10,5.039654e-09,5.039654e-11
4.880330e+00,9.066756e-10,1.658212e-08,1.658212e-10,2.943144e-10,5.171621e-09,5.171621e-11
4.882467e+00,9.227858e-10,1.705616e-08,1.705616e-10,3.001932e-10,5.319270e-09,5.319270e-11
4.884604e+00,9.390640e-10,1.753832e-08,1.753832e-10,3.078461e-10,5.480015e-09,5.480015e-11
4.886741e+00,9.506936e-10,1.801424e-08,1.801424e-10,3.123944e-10,5.632259e-09,5.632259e-11
4.888877e+00,9.583145e-10,1.847539e-08,1.847539e-10,3.134374e-10,5.770692e-09,5.770692e-11
4.891014e+00,9.679881e-10,1.892358e-08,1.892358e-10,3.165647e-10,5.917727e-09,5.917727e-11
4.893151e+00,9.811812e-10,1.935024e-08,1.935024e-10,3.236841e-10,6.072099e-09,6.072099e-11
4.895288e+00,9.919016e-10,1.974253e-08,1.974253e-10,3.290942e-10,6.220772e-09,6.220772e-11
4.897424e+00,9.969520e-10,2.008282e-08,2.008282e-10,3.291988e-10,6.326009e-09,6.326009e-11
4.899561e+00,1.002378e-09,2.038118e-08,2.038118e-10,3.295707e-10,6.433433e-09,6.433433e-11
4.901698e+00,1.013978e-09,2.063338e-08,2.063338e-10,3.357263e-10,6.541736e-09,6.541736e-11
4.903835e+00,1.026855e-09,2.083605e-08,2.083605e-10,3.428242e-10,6.659488e-09,6.659488e-11
4.905971e+00,1.032404e-09,2.096136e-08,2.096136e-10,3.433792e-10,6.715672e-09,6.715672e-11
4.908108e+00,1.032249e-09,2.101341e-08,2.101341e-10,3.403827e-10,6.753461e-09,6.753461e-11
4.910245e+00,1.035523e-09,2.100886e-08,2.100886e-10,3.426092e-10,6.797215e-09,6.797215e-11
4.912382e+00,1.043699e-09,2.095899e-08,2.095899e-10,3.495262e-10,6.862218e-09,6.862218e-11
4.914518e+00,1.049000e-09,2.085585e-08,2.085585e-10,3.520523e-10,6.890022e-09,6.890022e-11
4.916655e+00,1.048190e-09,2.069446e-08,2.069446e-10,3.484492e-10,6.863956e-09,6.863956e-11
4.918792e+00,1.047234e-09,2.049328e-08,2.049328e-10,3.474290e-10,6.862334e-09,6.862334e-11
4.920929e+00,1.049899e-09,2.026146e-08,2.026146e-10,3.527614e-10,6.880792e-09,6.880792e-11
4.923065e+00,1.051291e-09,2.001146e-08,2.001146e-10,3.566125e-10,6.911204e-09,6.911204e-11
4.925202e+00,1.046957e-09,1.973195e-08,1.973195e-10,3.530531e-10,6.867362e-09,6.867362e-11
4.927339e+00,1.040433e-09,1.944632e-08,1.944632e-10,3.480954e-10,6.843635e-09,6.843635e-11
4.929476e+00,1.036153e-09,1.915415e-08,1.915415e-10,3.491133e-10,6.842870e-09,6.842870e-11
4.931612e+00,1.031288e-09,1.886726e-08,1.886726e-10,3.521076e-10,6.876898e-09,6.876898e-11
4.933749e+00,1.021982e-09,1.857989e-08,1.857989e-10,3.492763e-10,6.862400e-09,6.862400e-11
4.935886e+00,1.012477e-09,1.831157e-08,1.831157e-10,3.432588e-10,6.835753e-09,6.835753e-11
4.938023e+00,1.008762e-09,1.807226e-08,1.807226e-10,3.423693e-10,6.839406e-09,6.839406e-11
4.940159e+00,1.006964e-09,1.784852e-08,1.784852e-10,3.457369e-10,6.864375e-09,6.864375e-11
4.942296e+00,9.983343e-10,1.761912e-08,1.761912e-10,3.447733e-10,6.875027e-09,6.875027e-11
4.944433e+00,9.836638e-10,1.739177e-08,1.739177e-10,3.379520e-10,6.845861e-09,6.845861e-11
4.946570e+00,9.722545e-10,1.719254e-08,1.719254e-10,3.330896e-10,6.836689e-09,6.836689e-11
4.948706e+00,9.670225e-10,1.701766e-08,1.701766e-10,3.336489e-10,6.833140e-09,6.833140e-11
4.950843e+00,9.605246e-10,1.685768e-08,1.685768e-10,3.333995e-10,6.830108e-09,6.830108e-11
4.952980e+00,9.476163e-10,1.668697e-08,1.668697e-10,3.279982e-10,6.787638e-09,6.787638e-11
4.955116e+00,9.334670e-10,1.652448e-08,1.652448e-10,3.221882e-10,6.746580e-09,6.746580e-11
4.957253e+00,9.247623e-10,1.638115e-08,1.638115e-10,3.208907e-10,6.703535e-09,6.703535e-11
4.959390e+00,9.196086e-10,1.625830e-08,1.625830e-10,3.208483e-10,6.659317e-09,6.659317e-11
4.961527e+00,9.122185e-10,1.614092e-08,1.614092e-10,3.170772e-10,6.586605e-09,6.586605e-11
4.963663e+00,9.026646e-10,1.602539e-08,1.602539e-10,3.118189e-10,6.503796e-09,6.503796e-11
4.965800e+00,8.945959e-10,1.590728e-08,1.590728e-10,3.096212e-10,6.417337e-09,6.417337e-11
4.967937e+00,8.874394e-10,1.579669e-08,1.579669e-10,3.085446e-10,6.327485e-09,6.327485e-11
4.970074e+00,8.786613e-10,1.568684e-08,1.568684e-10,3.043350e-10,6.216094e-09,6.216094e-11
4.972210e+00,8.700053e-10,1.557907e-08,1.557907e-10,2.987489e-10,6.093344e-09,6.093344e-11
4.974347e+00,8.641332e-10,1.547377e-08,1.547377e-10,2.961305e-10,5.969799e-09,5.969799e-11
4.976484e+00,8.584285e-10,1.535143e-08,1.535143e-10,2.951915e-10,5.846641e-09,5.846641e-11
4.978621e+00,8.491727e-10,1.521187e-08,1.521187e-10,2.914484e-10,5.708495e-09,5.708495e-11
4.980757e+00,8.389497e-10,1.506827e-08,1.506827e-10,2.858073e-10,5.560623e-09,5.560623e-11
4.982894e+00,8.331877e-10,1.492634e-08,1.492634e-10,2.831049e-10,5.418578e-09,5.418578e-11
4.985031e+00,8.308242e-10,1.478694e-08,1.478694e-10,2.829498e-10,5.285245e-09,5.285245e-11
4.987168e+00,8.247180e-10,1.463716e-08,1.463716e-10,2.798778e-10,5.143816e-09,5.143816e-11
4.989304e+00,8.123056e-10,1.446152e-08,1.446152e-10,2.728600e-10,4.986934e-09,4.986934e-11
4.991441e+00,7.996640e-10,1.428106e-08,1.428106e-10,2.672072e-10,4.841380e-09,4.841380e-11
4.993578e+00,7.920747e-10,1.410987e-08,1.410987e-10,2.653276e-10,4.709145e-09,4.709145e-11
4.995715e+00,7.865660e-10,1.395014e-08,1.395014e-10,2.626097e-10,4.582941e-09,4.582941e-11
4.997851e+00,7.782890e-10,1.378679e-08,1.378679e-10,2.560824e-10,4.433756e-09,4.433756e-11
4.999988e+00,7.686067e-10,1.360633e-08,1.360633e-10,2.500369e-10,4.301245e-09,4.301245e-11
5.002125e+00,7.614425e-10,1.341775e-08,1.341775e-10,2.481662e-10,4.185839e-09,4.185839e-11
5.004262e+00,7.569357e-10,1.324612e-08,1.324612e-10,2.472061e-10,4.094444e-09,4.094444e-11
5.006398e+00,7.535687e-10,1.309476e-08,1.309476e-10,2.434293e-10,3.986852e-09,3.986852e-11
5.008535e+00,7.518480e-10,1.296289e-08,1.296289e-10,2.394127e-10,3.900249e-09,3.900249e-11
5.010672e+00,7.516228e-10,1.282024e-08,1.282024e-10,2.389674e-10,3.838267e-09,3.838267e-11
5.012809e+00,7.498742e-10,1.265779e-08,1.265779e-10,2.398127e-10,3.805034e-09,3.805034e-11
5.014945e+00,7.455222e-10,1.250114e-08,1.250114e-10,2.376685e-10,3.763812e-09,3.763812e-11
5.017082e+00,7.429188e-10,1.238112e-08,1.238112e-10,2.343550e-10,3.730441e-09,3.730441e-11
5.019219e+00,7.457768e-10,1.229950e-08,1.229950e-10,2.346641e-10,3.720791e-09,3.720791e-11
5.021356e+00,7.498987e-10,1.222948e-08,1.222948e-10,2.374575e-10,3.724156e-09,3.724156e-11
5.023492e+00,7.481204e-10,1.213234e-08,1.213234e-10,2.372450e-10,3.708170e-09,3.708170e-11
5.025629e+00,7.415377e-10,1.202598e-08,1.202598e-10,2.336507e-10,3.668234e-09,3.668234e-11
5.027766e+00,7.383122e-10,1.195887e-08,1.195887e-10,2.319494e-10,3.637751e-09,3.637751e-11
5.029903e+00,7.412262e-10,1.195216e-08,1.195216e-10,2.337242e-10,3.623391e-09,3.623391e-11
5.032039e+00,7.442614e-10,1.199104e-08,1.199104e-10,2.345397e-10,3.613952e-09,3.613952e-11
5.034176e+00,7.430048e-10,1.203941e-08,1.203941e-10,2.324416e-10,3.594942e-09,3.594942e-11
5.036313e+00,7.407799e-10,1.209997e-08,1.209997e-10,2.311550e-10,3.594601e-09,3.594601e-11
5.038450e+00,7.420671e-10,1.219178e-08,1.219178e-10,2.328730e-10,3.611905e-09,3.611905e-11
5.040586e+00,7.462257e-10,1.233183e-08,1.233183e-10,2.346351e-10,3.646043e-09,3.646043e-11
5.042723e+00,7.505674e-10,1.251844e-08,1.251844e-10,2.343788e-10,3.674322e-09,3.674322e-11
5.044860e+00,7.552232e-10,1.274019e-08,1.274019e-10,2.350815e-10,3.728887e-09,3.728887e-11
5.046997e+00,7.611390e-10,1.297176e-08,1.297176e-10,2.390240e-10,3.799797e-09,3.799797e-11
5.049133e+00,7.665090e-10,1.322027e-08,1.322027e-10,2.427990e-10,3.886774e-09,3.886774e-11
5.051270e+00,7.697739e-10,1.347030e-08,1.347030e-10,2.431440e-10,3.944892e-09,3.944892e-11
5.053407e+00,7.736229e-10,1.371819e-08,1.371819e-10,2.431701e-10,4.010756e-09,4.010756e-11
5.055544e+00,7.809364e-10,1.397150e-08,1.397150e-10,2.469471e-10,4.086738e-09,4.086738e-11
5.057680e+00,7.890470e-10,1.423021e-08,1.423021e-10,2.519088e-10,4.178196e-09,4.178196e-11
5.059817e+00,7.941432e-10,1.449507e-08,1.449507e-10,2.533039e-10,4.249246e-09,4.249246e-11
5.061954e+00,7.985598e-10,1.477572e-08,1.477572e-10,2.529745e-10,4.326263e-09,4.326263e-11
5.064091e+00,8.068588e-10,1.504996e-08,1.504996e-10,2.561652e-10,4.426455e-09,4.426455e-11
5.066227e+00,8.171376e-10,1.528342e-08,1.528342e-10,2.617921e-10,4.528716e-09,4.528716e-11
5.068364e+00,8.233826e-10,1.547227e-08,1.547227e-10,2.639529e-10,4.607243e-09,4.607243e-11
5.070501e+00,8.256481e-10,1.564401e-08,1.564401e-10,2.623471e-10,4.664002e-09,4.664002e-11
5.072638e+00,8.308731e-10,1.583819e-08,1.583819e-10,2.633103e-10,4.756977e-09,4.756977e-11
5.074774e+00,8.425794e-10,1.605546e-08,1.605546e-10,2.694749e-10,4.878042e-09,4.878042e-11
5.076911e+00,8.554806e-10,1.626042e-08,1.626042e-10,2.753873e-10,5.000807e-09,5.000807e-11
5.079048e+00,8.631923e-10,1.640657e-08,1.640657e-10,2.764004e-10,5.074251e-09,5.074251e-11
5.081185e+00,8.668382e-10,1.649334e-08,1.649334e-10,2.758323e-10,5.135887e-09,5.135887e-11
5.083321e+00,8.717595e-10,1.656298e-08,1.656298e-10,2.786739e-10,5.212407e-09,5.212407e-11
5.085458e+00,8.797186e-10,1.665176e-08,1.665176e-10,2.836113e-10,5.311823e-09,5.311823e-11
5.087595e+00,8.890778e-10,1.675527e-08,1.675527e-10,2.866879e-10,5.397753e-09,5.397753e-11
5.089732e+00,8.991665e-10,1.685784e-08,1.685784e-10,2.884722e-10,5.465404e-09,5.465404e-11
5.091868e+00,9.094367e-10,1.693307e-08,1.693307e-10,2.919168e-10,5.527036e-09,5.527036e-11
5.094005e+00,9.173129e-10,1.696032e-08,1.696032e-10,2.963058e-10,5.589357e-09,5.589357e-11
5.096142e+00,9.215691e-10,1.694178e-08,1.694178e-10,2.988480e-10,5.642287e-09,5.642287e-11
5.098279e+00,9.252434e-10,1.689918e-08,1.689918e-10,2.999847e-10,5.675473e-09,5.675473e-11
5.100415e+00,9.314667e-10,1.685828e-08,1.685828e-10,3.022611e-10,5.692002e-09,5.692002e-11
5.102552e+00,9.383776e-10,1.683886e-08,1.683886e-10,3.055282e-10,5.712150e-09,5.712150e-11
5.104689e+00,9.418008e-10,1.683114e-08,1.683114e-10,3.074866e-10,5.743182e-09,5.743182e-11
5.106826e+00,9.414767e-10,1.679260e-08,1.679260e-10,3.079781e-10,5.767461e-09,5.767461e-11
5.108962e+00,9.406458e-10,1.668134e-08,1.668134e-10,3.087001e-10,5.755522e-09,5.755522e-11
5.111099e+00,9.403427e-10,1.651774e-08,1.651774e-10,3.092432e-10,5.710131e-09,5.710131e-11
5.113236e+00,9.387752e-10,1.636393e-08,1.636393e-10,3.079258e-10,5.656331e-09,5.656331e-11
5.115373e+00,9.366196e-10,1.625821e-08,1.625821e-10,3.063478e-10,5.625706e-09,5.625706e-11
5.117509e+00,9.370992e-10,1.619710e-08,1.619710e-10,3.076841e-10,5.614350e-09,5.614350e-11
5.119646e+00,9.397162e-10,1.613750e-08,1.613750e-10,3.103587e-10,5.592864e-09,5.592864e-11
5.121783e+00,9.397213e-10,1.603073e-08,1.603073e-10,3.094463e-10,5.528913e-09,5.528913e-11
5.123920e+00,9.351682e-10,1.587820e-08,1.587820e-10,3.049299e-10,5.443670e-09,5.443670e-11
5.126056e+00,9.292957e-10,1.572303e-08,1.572303e-10,3.021498e-10,5.386524e-09,5.386524e-11
5.128193e+00,9.244012e-10,1.558822e-08,1.558822e-10,3.026645e-10,5.351028e-09,5.351028e-11
5.130330e+00,9.188607e-10,1.548712e-08,1.548712e-10,3.016220e-10,5.311205e-09,5.311205e-11
5.132467e+00,9.121213e-10,1.542473e-08,1.542473e-10,2.967270e-10,5.242886e-09,5.242886e-11
5.134603e+00,9.073177e-10,1.539901e-08,1.539901e-10,2.929681e-10,5.213928e-09,5.213928e-11
5.136740e+00,9.054959e-10,1.536299e-08,1.536299e-10,2.942061e-10,5.213337e-09,5.213337e-11
5.138877e+00,9.017093e-10,1.527834e-08,1.527834e-10,2.958141e-10,5.218098e-09,5.218098e-11
5.141013e+00,8.923357e-10,1.515385e-08,1.515385e-10,2.919555e-10,5.159832e-09,5.159832e-11
5.143150e+00,8.827325e-10,1.506485e-08,1.506485e-10,2.860371e-10,5.101161e-09,5.101161e-11
5.145287e+00,8.807810e-10,1.506997e-08,1.506997e-10,2.859000e-10,5.108064e-09,5.108064e-11
5.147424e+00,8.846930e-10,1.515213e-08,1.515213e-10,2.908185e-10,5.178409e-09,5.178409e-11
5.149560e+00,8.850851e-10,1.521884e-08,1.521884e-10,2.923359e-10,5.227275e-09,5.227275e-11
5.151697e+00,8.787995e-10,1.520064e-08,1.520064e-10,2.878324e-10,5.195652e-09,5.195652e-11
5.153834e+00,8.724502e-10,1.513352e-08,1.513352e-10,2.842038e-10,5.164098e-09,5.164098e-11
5.155971e+00,8.711639e-10,1.508875e-08,1.508875e-10,2.861077e-10,5.170952e-09,5.170952e-11
5.158107e+00,8.713499e-10,1.509878e-08,1.509878e-10,2.888818e-10,5.221017e-09,5.221017e-11
5.160244e+00,8.680803e-10,1.512517e-08,1.512517e-10,2.872693e-10,5.232538e-09,5.232538e-11
5.162381e+00,8.632713e-10,1.514180e-08,1.514180e-10,2.839672e-10,5.221915e-09,5.221915e-11
5.164518e+00,8.612544e-10,1.513655e-08,1.513655e-10,2.840341e-10,5.206909e-09,5.206909e-11
5.166654e+00,8.606936e-10,1.511489e-08,1.511489e-10,2.860841e-10,5.214224e-09,5.214224e-11
5.168791e+00,8.572771e-10,1.507145e-08,1.507145e-10,2.851801e-10,5.211014e-09,5.211014e-11
5.170928e+00,8.521439e-10,1.501415e-08,1.501415e-10,2.816222e-10,5.183461e-09,5.183461e-11
5.173065e+00,8.509916e-10,1.496359e-08,1.496359e-10,2.803233e-10,5.144045e-09,5.144045e-11
5.175201e+00,8.558071e-10,1.495524e-08,1.495524e-10,2.825730e-10,5.120559e-09,5.120559e-11
5.177338e+00,8.630568e-10,1.499620e-08,1.499620e-10,2.847326e-10,5.123253e-09,5.123253e-11
5.179475e+00,8.695904e-10,1.504681e-08,1.504681e-10,2.849034e-10,5.125279e-09,5.125279e-11
5.181612e+00,8.752908e-10,1.506231e-08,1.506231e-10,2.851547e-10,5.114547e-09,5.114547e-11
5.183748e+00,8.798620e-10,1.502843e-08,1.502843e-10,2.865597e-10,5.081512e-09,5.081512e-11
5.185885e+00,8.820654e-10,1.499678e-08,1.499678e-10,2.871316e-10,5.054947e-09,5.054947e-11
5.188022e+00,8.833874e-10,1.501417e-08,1.501417e-10,2.863351e-10,5.044169e-09,5.044169e-11
5.190159e+00,8.882927e-10,1.509271e-08,1.509271e-10,2.871355e-10,5.061250e-09,5.061250e-11
5.192295e+00,8.978797e-10,1.520231e-08,1.520231e-10,2.908435e-10,5.080446e-09,5.080446e-11
5.194432e+00,9.067508e-10,1.530937e-08,1.530937e-10,2.941298e-10,5.091016e-09,5.091016e-11
5.196569e+00,9.100084e-10,1.539885e-08,1.539885e-10,2.942298e-10,5.089233e-09,5.089233e-11
5.198706e+00,9.104793e-10,1.550492e-08,1.550492e-10,2.934697e-10,5.101669e-09,5.101669e-11
5.200842e+00,9.147454e-10,1.566193e-08,1.566193e-10,2.954126e-10,5.132443e-09,5.132443e-11
5.202979e+00,9.239018e-10,1.587012e-08,1.587012e-10,2.990121e-10,5.170844e-09,5.170844e-11
5.205116e+00,9.331605e-10,1.611731e-08,1.611731e-10,3.005754e-10,5.203291e-09,5.203291e-11
5.207253e+00,9.392041e-10,1.638220e-08,1.638220e-10,2.999645e-10,5.235362e-09,5.235362e-11
5.209389e+00,9.432725e-10,1.664784e-08,1.664784e-10,3.002866e-10,5.280560e-09,5.280560e-11
5.211526e+00,9.472221e-10,1.690565e-08,1.690565e-10,3.022051e-10,5.328241e-09,5.328241e-11
5.213663e+00,9.503426e-10,1.715999e-08,1.715999e-10,3.028589e-10,5.369400e-09,5.369400e-11
5.215800e+00,9.515841e-10,1.741233e-08,1.741233e-10,3.008587e-10,5.395045e-09,5.395045e-11
5.217936e+00,9.520290e-10,1.766250e-08,1.766250e-10,2.988372e-10,5.425935e-09,5.425935e-11
5.220073e+00,9.530741e-10,1.789920e-08,1.789920e-10,2.992488e-10,5.462222e-09,5.462222e-11
5.222210e+00,9.536357e-10,1.810736e-08,1.810736e-10,3.003334e-10,5.495233e-09,5.495233e-11
5.224347e+00,9.515997e-10,1.827912e-08,1.827912e-10,2.990029e-10,5.509434e-09,5.509434e-11
5.226483e+00,9.475416e-10,1.841514e-08,1.841514e-10,2.956917e-10,5.508604e-09,5.508604e-11
5.228620e+00,9.443547e-10,1.851947e-08,1.851947e-10,2.935204e-10,5.508396e-09,5.508396e-11
5.230757e+00,9.433259e-10,1.858806e-08,1.858806e-10,2.936234e-10,5.506217e-09,5.506217e-11
5.232894e+00,9.423192e-10,1.861348e-08,1.861348e-10,2.935239e-10,5.496428e-09,5.496428e-11
5.235030e+00,9.384552e-10,1.858824e-08,1.858824e-10,2.907684e-10,5.465245e-09,5.465245e-11
5.237167e+00,9.314480e-10,1.851107e-08,1.851107e-10,2.864189e-10,5.420915e-09,5.420915e-11
5.239304e+00,9.232526e-10,1.838543e-08,1.838543e-10,2.833174e-10,5.372959e-09,5.372959e-11
5.241441e+00,9.152430e-10,1.821414e-08,1.821414e-10,2.820741e-10,5.321058e-09,5.321058e-11
5.243577e+00,9.068703e-10,1.799993e-08,1.799993e-10,2.804645e-10,5.261370e-09,5.261370e-11
5.245714e+00,8.972807e-10,1.774583e-08,1.774583e-10,2.768980e-10,5.183950e-09,5.183950e-11
5.247851e+00,8.868646e-10,1.745866e-08,1.745866e-10,2.729354e-10,5.102730e-09,5.102730e-11
5.249988e+00,8.765160e-10,1.714279e-08,1.714279e-10,2.709568e-10,5.024081e-09,5.024081e-11
5.252124e+00,8.662302e-10,1.680374e-08,1.680374e-10,2.704514e-10,4.949436e-09,4.949436e-11
5.254261e+00,8.553833e-10,1.645099e-08,1.645099e-10,2.686399e-10,4.872018e-09,4.872018e-11
5.256398e+00,8.446587e-10,1.609214e-08,1.609214e-10,2.647499e-10,4.784055e-09,4.784055e-11
5.258535e+00,8.362960e-10,1.573720e-08,1.573720e-10,2.617152e-10,4.707366e-09,4.707366e-11
5.260671e+00,8.309858e-10,1.538983e-08,1.538983e-10,2.619923e-10,4.643582e-09,4.643582e-11
5.262808e+00,8.256460e-10,1.504743e-08,1.504743e-10,2.632702e-10,4.594217e-09,4.594217e-11
5.264945e+00,8.170450e-10,1.470807e-08,1.470807e-10,2.616430e-10,4.535665e-09,4.535665e-11
5.267082e+00,8.068717e-10,1.438241e-08,1.438241e-10,2.578404e-10,4.472939e-09,4.472939e-11
5.269218e+00,7.997220e-10,1.408287e-08,1.408287e-10,2.562775e-10,4.427601e-09,4.427601e-11
5.271355e+00,7.963549e-10,1.381255e-08,1.381255e-10,2.581695e-10,4.397595e-09,4.397595e-11
5.273492e+00,7.924272e-10,1.356509e-08,1.356509e-10,2.594599e-10,4.377296e-09,4.377296e-11
5.275629e+00,7.847737e-10,1.333015e-08,1.333015e-10,2.570825e-10,4.336652e-09,4.336652e-11
5.277765e+00,7.758961e-10,1.311729e-08,1.311729e-10,2.537533e-10,4.304073e-09,4.304073e-11
5.279902e+00,7.701676e-10,1.293453e-08,1.293453e-10,2.535525e-10,4.284875e-09,4.284875e-11
5.282039e+00,7.674900e-10,1.278627e-08,1.278627e-10,2.554741e-10,4.283551e-09,4.283551e-11
5.284176e+00,7.640110e-10,1.266437e-08,1.266437e-10,2.552291e-10,4.275412e-09,4.275412e-11
5.286312e+00,7.587372e-10,1.255717e-08,1.255717e-10,2.523879e-10,4.255298e-09,4.255298e-11
5.288449e+00,7.552601e-10,1.246662e-08,1.246662e-10,2.513363e-10,4.252907e-09,4.252907e-11
5.290586e+00,7.558200e-10,1.239993e-08,1.239993e-10,2.542000e-10,4.265691e-09,4.265691e-11
5.292723e+00,7.576301e-10,1.235473e-08,1.235473e-10,2.573267e-10,4.290296e-09,4.290296e-11
5.294859e+00,7.573850e-10,1.231504e-08,1.231504e-10,2.571860e-10,4.292876e-09,4.292876e-11
5.296996e+00,7.558992e-10,1.227827e-08,1.227827e-10,2.556892e-10,4.296249e-09,4.296249e-11
5.299133e+00,7.555386e-10,1.223958e-08,1.223958e-10,2.565075e-10,4.306979e-09,4.306979e-11
5.301270e+00,7.557919e-10,1.220239e-08,1.220239e-10,2.589874e-10,4.326763e-09,4.326763e-11
5.303406e+00,7.544853e-10,1.216494e-08,1.216494e-10,2.594636e-10,4.334967e-09,4.334967e-11
5.305543e+00,7.521168e-10,1.212857e-08,1.212857e-10,2.574570e-10,4.324762e-09,4.324762e-11
5.307680e+00,7.513897e-10,1.209590e-08,1.209590e-10,2.563527e-10,4.317780e-09,4.317780e-11
5.309817e+00,7.524727e-10,1.206430e-08,1.206430e-10,2.576623e-10,4.312792e-09,4.312792e-11
5.311953e+00,7.522204e-10,1.203237e-08,1.203237e-10,2.586491e-10,4.308446e-09,4.308446e-11
5.314090e+00,7.492862e-10,1.199673e-08,1.199673e-10,2.569954e-10,4.283746e-09,4.283746e-11
5.316227e+00,7.467788e-10,1.196641e-08,1.196641e-10,2.546635e-10,4.254343e-09,4.254343e-11
5.318364e+00,7.474724e-10,1.194387e-08,1.194387e-10,2.546931e-10,4.228482e-09,4.228482e-11
5.320500e+00,7.492729e-10,1.193239e-08,1.193239e-10,2.562563e-10,4.211975e-09,4.211975e-11
5.322637e+00,7.482723e-10,1.192084e-08,1.192084e-10,2.560872e-10,4.189824e-09,4.189824e-11
5.324774e+00,7.445223e-10,1.190090e-08,1.190090e-10,2.537030e-10,4.156162e-09,4.156162e-11
5.326910e+00,7.414902e-10,1.187248e-08,1.187248e-10,2.517950e-10,4.121948e-09,4.121948e-11
5.329047e+00,7.404791e-10,1.184273e-08,1.184273e-10,2.516864e-10,4.094583e-09,4.094583e-11
5.331184e+00,7.394407e-10,1.181586e-08,1.181586e-10,2.516127e-10,4.074436e-09,4.074436e-11
5.333321e+00,7.377004e-10,1.179006e-08,1.179006e-10,2.502980e-10,4.048966e-09,4.048966e-11
5.335457e+00,7.379408e-10,1.177215e-08,1.177215e-10,2.492974e-10,4.026144e-09,4.026144e-11
5.337594e+00,7.413843e-10,1.175582e-08,1.175582e-10,2.499209e-10,4.003200e-09,4.003200e-11
5.339731e+00,7.444763e-10,1.173420e-08,1.173420e-10,2.504725e-10,3.982131e-09,3.982131e-11
5.341868e+00,7.435538e-10,1.169745e-08,1.169745e-10,2.489187e-10,3.950914e-09,3.950914e-11
5.344004e+00,7.407316e-10,1.166227e-08,1.166227e-10,2.465043e-10,3.920229e-09,3.920229e-11
5.346141e+00,7.418612e-10,1.165101e-08,1.165101e-10,2.462044e-10,3.896032e-09,3.896032e-11
5.348278e+00,7.491483e-10,1.167901e-08,1.167901e-10,2.483067e-10,3.882931e-09,3.882931e-11
5.350415e+00,7.588305e-10,1.174882e-08,1.174882e-10,2.502378e-10,3.876269e-09,3.876269e-11
5.352551e+00,7.664740e-10,1.182968e-08,1.182968e-10,2.508411e-10,3.869650e-09,3.869650e-11
5.354688e+00,7.719049e-10,1.189163e-08,1.189163e-10,2.519208e-10,3.870507e-09,3.870507e-11
5.356825e+00,7.775045e-10,1.194350e-08,1.194350e-10,2.545604e-10,3.875331e-09,3.875331e-11
5.358962e+00,7.842670e-10,1.202334e-08,1.202334e-10,2.569370e-10,3.889725e-09,3.889725e-11
5.361098e+00,7.920734e-10,1.214812e-08,1.214812e-10,2.578001e-10,3.902042e-09,3.902042e-11
5.363235e+00,8.013585e-10,1.232138e-08,1.232138e-10,2.592437e-10,3.935471e-09,3.935471e-11
5.365372e+00,8.114497e-10,1.250710e-08,1.250710e-10,2.631444e-10,3.984325e-09,3.984325e-11
5.367509e+00,8.191944e-10,1.266891e-08,1.266891e-10,2.671815e-10,4.037791e-09,4.037791e-11
5.369645e+00,8.227088e-10,1.281693e-08,1.281693e-10,2.679912e-10,4.072726e-09,4.072726e-11
5.371782e+00,8.251864e-10,1.298509e-08,1.298509e-10,2.667374e-10,4.098802e-09,4.098802e-11
5.373919e+00,8.317515e-10,1.320288e-08,1.320288e-10,2.677636e-10,4.143129e-09,4.143129e-11
5.376056e+00,8.427730e-10,1.346855e-08,1.346855e-10,2.719861e-10,4.204907e-09,4.204907e-11
5.378192e+00,8.532504e-10,1.375916e-08,1.375916e-10,2.753837e-10,4.277523e-09,4.277523e-11
5.380329e+00,8.599037e-10,1.406057e-08,1.406057e-10,2.753444e-10,4.337001e-09,4.337001e-11
5.382466e+00,8.655649e-10,1.438056e-08,1.438056e-10,2.747654e-10,4.406811e-09,4.406811e-11
5.384603e+00,8.742590e-10,1.471569e-08,1.471569e-10,2.771503e-10,4.484145e-09,4.484145e-11
5.386739e+00,8.848113e-10,1.506509e-08,1.506509e-10,2.808032e-10,4.572226e-09,4.572226e-11
5.388876e+00,8.931881e-10,1.542465e-08,1.542465e-10,2.818804e-10,4.651643e-09,4.651643e-11
5.391013e+00,8.993010e-10,1.579115e-08,1.579115e-10,2.810893e-10,4.729730e-09,4.729730e-11
5.393150e+00,9.066482e-10,1.616796e-08,1.616796e-10,2.825109e-10,4.822969e-09,4.822969e-11
5.395286e+00,9.160434e-10,1.654417e-08,1.654417e-10,2.867356e-10,4.921864e-09,4.921864e-11
5.397423e+00,9.237531e-10,1.689232e-08,1.689232e-10,2.897761e-10,5.012358e-09,5.012358e-11
5.399560e+00,9.264458e-10,1.718876e-08,1.718876e-10,2.891420e-10,5.073428e-09,5.073428e-11
5.401697e+00,9.250441e-10,1.743244e-08,1.743244e-10,2.871676e-10,5.122647e-09,5.122647e-11
5.403833e+00,9.224453e-10,1.763561e-08,1.763561e-10,2.868657e-10,5.164754e-09,5.164754e-11
5.405970e+00,9.198019e-10,1.781101e-08,1.781101e-10,2.875182e-10,5.204065e-09,5.204065e-11
5.408107e+00,9.165240e-10,1.795582e-08,1.795582e-10,2.866078e-10,5.229256e-09,5.229256e-11
5.410244e+00,9.124626e-10,1.805585e-08,1.805585e-10,2.841183e-10,5.237830e-09,5.237830e-11
5.412380e+00,9.078567e-10,1.809260e-08,1.809260e-10,2.820965e-10,5.232700e-09,5.232700e-11
5.414517e+00,9.020873e-10,1.805749e-08,1.805749e-10,2.809545e-10,5.210088e-09,5.210088e-11
5.416654e+00,8.946505e-10,1.795824e-08,1.795824e-10,2.790876e-10,5.169932e-09,5.169932e-11
5.418791e+00,8.864821e-10,1.780879e-08,1.780879e-10,2.758685e-10,5.111960e-09,5.111960e-11
5.420927e+00,8.787013e-10,1.761700e-08,1.761700e-10,2.725348e-10,5.044959e-09,5.044959e-11
5.423064e+00,8.706387e-10,1.737963e-08,1.737963e-10,2.699942e-10,4.971051e-09,4.971051e-11
5.425201e+00,8.607263e-10,1.708778e-08,1.708778e-10,2.677334e-10,4.886673e-09,4.886673e-11
5.427338e+00,8.486919e-10,1.673500e-08,1.673500e-10,2.649611e-10,4.788165e-09,4.788165e-11
5.429474e+00,8.355172e-10,1.632700e-08,1.632700e-10,2.614846e-10,4.675572e-09,4.675572e-11
5.431611e+00,8.216701e-10,1.588230e-08,1.588230e-10,2.574984e-10,4.554907e-09,4.554907e-11
5.433748e+00,8.067525e-10,1.542046e-08,1.542046e-10,2.534200e-10,4.435135e-09,4.435135e-11
5.435885e+00,7.912571e-10,1.495694e-08,1.495694e-10,2.499294e-10,4.323365e-09,4.323365e-11
5.438021e+00,7.769377e-10,1.450389e-08,1.450389e-10,2.472333e-10,4.222869e-09,4.222869e-11
5.440158e+00,7.647367e-10,1.406541e-08,1.406541e-10,2.445222e-10,4.129813e-09,4.129813e-11
5.442295e+00,7.537630e-10,1.364349e-08,1.364349e-10,2.412294e-10,4.042228e-09,4.042228e-11
5.444432e+00,7.429455e-10,1.324332e-08,1.324332e-10,2.383381e-10,3.969089e-09,3.969089e-11
5.446568e+00,7.323375e-10,1.287289e-08,1.287289e-10,2.370784e-10,3.916058e-09,3.916058e-11
5.448705e+00,7.224768e-10,1.254631e-08,1.254631e-10,2.367948e-10,3.886446e-09,3.886446e-11
5.450842e+00,7.138706e-10,1.227249e-08,1.227249e-10,2.358878e-10,3.867211e-09,3.867211e-11
5.452979e+00,7.067196e-10,1.204644e-08,1.204644e-10,2.345355e-10,3.858578e-09,3.858578e-11
5.455115e+00,7.000971e-10,1.185482e-08,1.185482e-10,2.342974e-10,3.864920e-09,3.864920e-11
5.457252e+00,6.920857e-10,1.168048e-08,1.168048e-10,2.350331e-10,3.882784e-09,3.882784e-11
5.459389e+00,6.819528e-10,1.152555e-08,1.152555e-10,2.346900e-10,3.904507e-09,3.904507e-11
5.461526e+00,6.718977e-10,1.141360e-08,1.141360e-10,2.327334e-10,3.920316e-09,3.920316e-11
5.463662e+00,6.653577e-10,1.135801e-08,1.135801e-10,2.314630e-10,3.946265e-09,3.946265e-11
5.465799e+00,6.631444e-10,1.135170e-08,1.135170e-10,2.325398e-10,3.980906e-09,3.980906e-11
5.467936e+00,6.623436e-10,1.137622e-08,1.137622e-10,2.342042e-10,4.020158e-09,4.020158e-11
5.470073e+00,6.603717e-10,1.141046e-08,1.141046e-10,2.341214e-10,4.048123e-09,4.048123e-11
5.472209e+00,6.586537e-10,1.146050e-08,1.146050e-10,2.332064e-10,4.071986e-09,4.071986e-11
5.474346e+00,6.602385e-10,1.154270e-08,1.154270e-10,2.340179e-10,4.103519e-09,4.103519e-11
5.476483e+00,6.651434e-10,1.165389e-08,1.165389e-10,2.365904e-10,4.139101e-09,4.139101e-11
5.478620e+00,6.705624e-10,1.177636e-08,1.177636e-10,2.385827e-10,4.168798e-09,4.168798e-11
5.480756e+00,6.746624e-10,1.189027e-08,1.189027e-10,2.390061e-10,4.182719e-09,4.182719e-11
5.482893e+00,6.776002e-10,1.198531e-08,1.198531e-10,2.391059e-10,4.187737e-09,4.187737e-11
5.485030e+00,6.799111e-10,1.206702e-08,1.206702e-10,2.396919e-10,4.185702e-09,4.185702e-11
5.487167e+00,6.818497e-10,1.214465e-08,1.214465e-10,2.400113e-10,4.175770e-09,4.175770e-11
5.489303e+00,6.838708e-10,1.222339e-08,1.222339e-10,2.395624e-10,4.158234e-09,4.158234e-11
5.491440e+00,6.863172e-10,1.230350e-08,1.230350e-10,2.390137e-10,4.140241e-09,4.140241e-11
5.493577e+00,6.885403e-10,1.237868e-08,1.237868e-10,2.387792e-10,4.126069e-09,4.126069e-11
5.495714e+00,6.897168e-10,1.244407e-08,1.244407e-10,2.383187e-10,4.113223e-09,4.113223e-11
5.497850e+00,6.906712e-10,1.250132e-08,1.250132e-10,2.375403e-10,4.100721e-09,4.100721e-11
5.499987e+00,6.935905e-10,1.256015e-08,1.256015e-10,2.374497e-10,4.094292e-09,4.094292e-11
5.502124e+00,6.990839e-10,1.262725e-08,1.262725e-10,2.384302e-10,4.097431e-09,4.097431e-11
5.504260e+00,7.052899e-10,1.269874e-08,1.269874e-10,2.395459e-10,4.105269e-09,4.105269e-11
5.506397e+00,7.107914e-10,1.276746e-08,1.276746e-10,2.402957e-10,4.112242e-09,4.112242e-11
5.508534e+00,7.159706e-10,1.282879e-08,1.282879e-10,2.411569e-10,4.114268e-09,4.114268e-11
5.510671e+00,7.209926e-10,1.288431e-08,1.288431e-10,2.419687e-10,4.112364e-09,4.112364e-11
5.512807e+00,7.247264e-10,1.294066e-08,1.294066e-10,2.415818e-10,4.104995e-09,4.104995e-11
5.514944e+00,7.266861e-10,1.300084e-08,1.300084e-10,2.398931e-10,4.093280e-09,4.093280e-11
5.517081e+00,7.282486e-10,1.306775e-08,1.306775e-10,2.384494e-10,4.081741e-09,4.081741e-11
5.519218e+00,7.309637e-10,1.314983e-08,1.314983e-10,2.379827e-10,4.071334e-09,4.071334e-11
5.521354e+00,7.349306e-10,1.325677e-08,1.325677e-10,2.372256e-10,4.065139e-09,4.065139e-11
5.523491e+00,7.393430e-10,1.338996e-08,1.338996e-10,2.353305e-10,4.060350e-09,4.060350e-11
5.525628e+00,7.439486e-10,1.353897e-08,1.353897e-10,2.337098e-10,4.067976e-09,4.067976e-11
5.527765e+00,7.490426e-10,1.369691e-08,1.369691e-10,2.338101e-10,4.086124e-09,4.086124e-11
5.529901e+00,7.549598e-10,1.387415e-08,1.387415e-10,2.347039e-10,4.113988e-09,4.113988e-11
5.532038e+00,7.627506e-10,1.408332e-08,1.408332e-10,2.351378e-10,4.146601e-09,4.146601e-11
5.534175e+00,7.736814e-10,1.432851e-08,1.432851e-10,2.362828e-10,4.195433e-09,4.195433e-11
5.536312e+00,7.864618e-10,1.459297e-08,1.459297e-10,2.395626e-10,4.263081e-09,4.263081e-11
5.538448e+00,7.969889e-10,1.485131e-08,1.485131e-10,2.433198e-10,4.338112e-09,4.338112e-11
5.540585e+00,8.036141e-10,1.510121e-08,1.510121e-10,2.451382e-10,4.408858e-09,4.408858e-11
5.542722e+00,8.103101e-10,1.536539e-08,1.536539e-10,2.461585e-10,4.483950e-09,4.483950e-11
5.544859e+00,8.213811e-10,1.565299e-08,1.565299e-10,2.494647e-10,4.576324e-09,4.576324e-11
5.546995e+00,8.351535e-10,1.595149e-08,1.595149e-10,2.549066e-10,4.680058e-09,4.680058e-11
5.549132e+00,8.464244e-10,1.623712e-08,1.623712e-10,2.592367e-10,4.778073e-09,4.778073e-11
5.551269e+00,8.542766e-10,1.650553e-08,1.650553e-10,2.616157e-10,4.865343e-09,4.865343e-11
5.553406e+00,8.630750e-10,1.677296e-08,1.677296e-10,2.648996e-10,4.956104e-09,4.956104e-11
5.555542e+00,8.750533e-10,1.704870e-08,1.704870e-10,2.703112e-10,5.053823e-09,5.053823e-11
5.557679e+00,8.864850e-10,1.732255e-08,1.732255e-10,2.750059e-10,5.147057e-09,5.147057e-11
5.559816e+00,8.937495e-10,1.756954e-08,1.756954e-10,2.770964e-10,5.223124e-09,5.223124e-11
5.561953e+00,8.991278e-10,1.778562e-08,1.778562e-10,2.792120e-10,5.296264e-09,5.296264e-11
5.564089e+00,9.065333e-10,1.798671e-08,1.798671e-10,2.837964e-10,5.376646e-09,5.376646e-11
5.566226e+00,9.151343e-10,1.818360e-08,1.818360e-10,2.885186e-10,5.464335e-09,5.464335e-11
5.568363e+00,9.215100e-10,1.836395e-08,1.836395e-10,2.904042e-10,5.538322e-09,5.538322e-11
5.570500e+00,9.251540e-10,1.851786e-08,1.851786e-10,2.911857e-10,5.612677e-09,5.612677e-11
5.572636e+00,9.276006e-10,1.862788e-08,1.862788e-10,2.939628e-10,5.686864e-09,5.686864e-11
5.574773e+00,9.283100e-10,1.869226e-08,1.869226e-10,2.972256e-10,5.762164e-09,5.762164e-11
5.576910e+00,9.258509e-10,1.871442e-08,1.871442e-10,2.972675e-10,5.804288e-09,5.804288e-11
5.579047e+00,9.219739e-10,1.868959e-08,1.868959e-10,2.949588e-10,5.812396e-09,5.812396e-11
5.581183e+00,9.200366e-10,1.861255e-08,1.861255e-10,2.946366e-10,5.791773e-09,5.791773e-11
5.583320e+00,9.190491e-10,1.847708e-08,1.847708e-10,2.964001e-10,5.744251e-09,5.744251e-11
5.585457e+00,9.140133e-10,1.827977e-08,1.827977e-10,2.953713e-10,5.659634e-09,5.659634e-11
5.587594e+00,9.040012e-10,1.802605e-08,1.802605e-10,2.900329e-10,5.525372e-09,5.525372e-11
5.589730e+00,8.949548e-10,1.773698e-08,1.773698e-10,2.854320e-10,5.387047e-09,5.387047e-11
5.591867e+00,8.912980e-10,1.742078e-08,1.742078e-10,2.851820e-10,5.249623e-09,5.249623e-11
5.594004e+00,8.894497e-10,1.708973e-08,1.708973e-10,2.856807e-10,5.131673e-09,5.131673e-11
5.596141e+00,8.838297e-10,1.674310e-08,1.674310e-10,2.824774e-10,4.997707e-09,4.997707e-11
5.598277e+00,8.751467e-10,1.638978e-08,1.638978e-10,2.778030e-10,4.880908e-09,4.880908e-11
5.600414e+00,8.681560e-10,1.603902e-08,1.603902e-10,2.765377e-10,4.789435e-09,4.789435e-11
5.602551e+00,8.640548e-10,1.569809e-08,1.569809e-10,2.779592e-10,4.724360e-09,4.724360e-11
5.604688e+00,8.598729e-10,1.537030e-08,1.537030e-10,2.773796e-10,4.660211e-09,4.660211e-11
5.606824e+00,8.541359e-10,1.505421e-08,1.505421e-10,2.741948e-10,4.583611e-09,4.583611e-11
5.608961e+00,8.484726e-10,1.474731e-08,1.474731e-10,2.723515e-10,4.522401e-09,4.522401e-11
5.611098e+00,8.434407e-10,1.444411e-08,1.444411e-10,2.730384e-10,4.457947e-09,4.457947e-11
5.613235e+00,8.366412e-10,1.414724e-08,1.414724e-10,2.723768e-10,4.388139e-09,4.388139e-11
5.615371e+00,8.266319e-10,1.385804e-08,1.385804e-10,2.678360e-10,4.286122e-09,4.286122e-11
5.617508e+00,8.155664e-10,1.358863e-08,1.358863e-10,2.622477e-10,4.187204e-09,4.187204e-11
5.619645e+00,8.058577e-10,1.334182e-08,1.334182e-10,2.589791e-10,4.100237e-09,4.100237e-11
5.621782e+00,7.970583e-10,1.312157e-08,1.312157e-10,2.569644e-10,4.026676e-09,4.026676e-11
5.623918e+00,7.878848e-10,1.293485e-08,1.293485e-10,2.534100e-10,3.959251e-09,3.959251e-11
5.626055e+00,7.790368e-10,1.278792e-08,1.278792e-10,2.487263e-10,3.901782e-09,3.901782e-11
5.628192e+00,7.718648e-10,1.267496e-08,1.267496e-10,2.455783e-10,3.871567e-09,3.871567e-11
5.630329e+00,7.660162e-10,1.258218e-08,1.258218e-10,2.445421e-10,3.856153e-09,3.856153e-11
5.632465e+00,7.605882e-10,1.250765e-08,1.250765e-10,2.437657e-10,3.847215e-09,3.847215e-11
5.634602e+00,7.565271e-10,1.245725e-08,1.245725e-10,2.424240e-10,3.837859e-09,3.837859e-11
5.636739e+00,7.557848e-10,1.243647e-08,1.243647e-10,2.418516e-10,3.838237e-09,3.838237e-11
5.638876e+00,7.579121e-10,1.243330e-08,1.243330e-10,2.430145e-10,3.851454e-09,3.851454e-11
5.641012e+00,7.597886e-10,1.242341e-08,1.242341e-10,2.449690e-10,3.865624e-09,3.865624e-11
5.643149e+00,7.594052e-10,1.240067e-08,1.240067e-10,2.461868e-10,3.873870e-09,3.873870e-11
5.645286e+00,7.581996e-10,1.238025e-08,1.238025e-10,2.462705e-10,3.876416e-09,3.876416e-11
5.647423e+00,7.590857e-10,1.237622e-08,1.237622e-10,2.462566e-10,3.882599e-09,3.882599e-11
5.649559e+00,7.628628e-10,1.239004e-08,1.239004e-10,2.474852e-10,3.899021e-09,3.899021e-11
5.651696e+00,7.670964e-10,1.240688e-08,1.240688e-10,2.499348e-10,3.919387e-09,3.919387e-11
5.653833e+00,7.686507e-10,1.241305e-08,1.241305e-10,2.518422e-10,3.939458e-09,3.939458e-11
5.655970e+00,7.677226e-10,1.241830e-08,1.241830e-10,2.520630e-10,3.954744e-09,3.954744e-11
5.658106e+00,7.681968e-10,1.243495e-08,1.243495e-10,2.522581e-10,3.977605e-09,3.977605e-11
5.660243e+00,7.724529e-10,1.245851e-08,1.245851e-10,2.546788e-10,4.010801e-09,4.010801e-11
5.662380e+00,7.776998e-10,1.248381e-08,1.248381e-10,2.584278e-10,4.048353e-09,4.048353e-11
5.664517e+00,7.798379e-10,1.250226e-08,1.250226e-10,2.605333e-10,4.079457e-09,4.079457e-11
5.666653e+00,7.795991e-10,1.252326e-08,1.252326e-10,2.607523e-10,4.105156e-09,4.105156e-11
5.668790e+00,7.815504e-10,1.256093e-08,1.256093e-10,2.623273e-10,4.146045e-09,4.146045e-11
5.670927e+00,7.871083e-10,1.261009e-08,1.261009e-10,2.666680e-10,4.195923e-09,4.195923e-11
5.673064e+00,7.921447e-10,1.265990e-08,1.265990e-10,2.704568e-10,4.244289e-09,4.244289e-11
5.675200e+00,7.932871e-10,1.270533e-08,1.270533e-10,2.708923e-10,4.270710e-09,4.270710e-11
5.677337e+00,7.934254e-10,1.276044e-08,1.276044e-10,2.707429e-10,4.303874e-09,4.303874e-11
5.679474e+00,7.971051e-10,1.283511e-08,1.283511e-10,2.739107e-10,4.351247e-09,4.351247e-11
5.681611e+00,8.031896e-10,1.293096e-08,1.293096e-10,2.786157e-10,4.410467e-09,4.410467e-11
5.683747e+00,8.075033e-10,1.302685e-08,1.302685e-10,2.804316e-10,4.447914e-09,4.447914e-11
5.685884e+00,8.106372e-10,1.312645e-08,1.312645e-10,2.802502e-10,4.476227e-09,4.476227e-11
5.688021e+00,8.166603e-10,1.323578e-08,1.323578e-10,2.828144e-10,4.515124e-09,4.515124e-11
5.690157e+00,8.252658e-10,1.336028e-08,1.336028e-10,2.881035e-10,4.569146e-09,4.569146e-11
5.692294e+00,8.320136e-10,1.349472e-08,1.349472e-10,2.911138e-10,4.613439e-09,4.613439e-11
5.694431e+00,8.364108e-10,1.363455e-08,1.363455e-10,2.907039e-10,4.635362e-09,4.635362e-11
5.696568e+00,8.432320e-10,1.379033e-08,1.379033e-10,2.918326e-10,4.668676e-09,4.668676e-11
5.698704e+00,8.540665e-10,1.395644e-08,1.395644e-10,2.968325e-10,4.715914e-09,4.715914e-11
5.700841e+00,8.638358e-10,1.413022e-08,1.413022e-10,3.008648e-10,4.772561e-09,4.772561e-11
5.702978e+00,8.692687e-10,1.430033e-08,1.430033e-10,3.002247e-10,4.793428e-09,4.793428e-11
5.705115e+00,8.750902e-10,1.449174e-08,1.449174e-10,2.993134e-10,4.828590e-09,4.828590e-11
5.707251e+00,8.862800e-10,1.470855e-08,1.470855e-10,3.032489e-10,4.881123e-09,4.881123e-11
5.709388e+00,8.989383e-10,1.494386e-08,1.494386e-10,3.086087e-10,4.963899e-09,4.963899e-11
5.711525e+00,9.062220e-10,1.516663e-08,1.516663e-10,3.090950e-10,5.008164e-09,5.008164e-11
5.713662e+00,9.097433e-10,1.538435e-08,1.538435e-10,3.066013e-10,5.044795e-09,5.044795e-11
5.715798e+00,9.168114e-10,1.561877e-08,1.561877e-10,3.081128e-10,5.099759e-09,5.099759e-11
5.717935e+00,9.281029e-10,1.588012e-08,1.588012e-10,3.135550e-10,5.184281e-09,5.184281e-11
5.720072e+00,9.365375e-10,1.615420e-08,1.615420e-10,3.158506e-10,5.256684e-09,5.256684e-11
5.722209e+00,9.388393e-10,1.641751e-08,1.641751e-10,3.130880e-10,5.290296e-09,5.290296e-11
5.724345e+00,9.401648e-10,1.667824e-08,1.667824e-10,3.115217e-10,5.346418e-09,5.346418e-11
5.726482e+00,9.447502e-10,1.693635e-08,1.693635e-10,3.143826e-10,5.411873e-09,5.411873e-11
5.728619e+00,9.488611e-10,1.720208e-08,1.720208e-10,3.160755e-10,5.488945e-09,5.488945e-11
5.730756e+00,9.479564e-10,1.746518e-08,1.746518e-10,3.120645e-10,5.512013e-09,5.512013e-11
5.732892e+00,9.451154e-10,1.773402e-08,1.773402e-10,3.072766e-10,5.552914e-09,5.552914e-11
5.735029e+00,9.458324e-10,1.801034e-08,1.801034e-10,3.079603e-10,5.614363e-09,5.614363e-11
5.737166e+00,9.490748e-10,1.829554e-08,1.829554e-10,3.111512e-10,5.699836e-09,5.699836e-11
5.739303e+00,9.502651e-10,1.856458e-08,1.856458e-10,3.101624e-10,5.745874e-09,5.745874e-11
5.741439e+00,9.496361e-10,1.880860e-08,1.880860e-10,3.061177e-10,5.767796e-09,5.767796e-11
5.743576e+00,9.505637e-10,1.902865e-08,1.902865e-10,3.054282e-10,5.806895e-09,5.806895e-11
5.745713e+00,9.521580e-10,1.921955e-08,1.921955e-10,3.083879e-10,5.856651e-09,5.856651e-11
5.747850e+00,9.504731e-10,1.938810e-08,1.938810e-10,3.089460e-10,5.904154e-09,5.904154e-11
5.749986e+00,9.457842e-10,1.953060e-08,1.953060e-10,3.052605e-10,5.919196e-09,5.919196e-11
5.752123e+00,9.424688e-10,1.962808e-08,1.962808e-10,3.024081e-10,5.941355e-09,5.941355e-11
5.754260e+00,9.411254e-10,1.964691e-08,1.964691e-10,3.032517e-10,5.952239e-09,5.952239e-11
5.756397e+00,9.367808e-10,1.958184e-08,1.958184e-10,3.037181e-10,5.953028e-09,5.953028e-11
5.758533e+00,9.273215e-10,1.945285e-08,1.945285e-10,3.001806e-10,5.923936e-09,5.923936e-11
5.760670e+00,9.183697e-10,1.930147e-08,1.930147e-10,2.958492e-10,5.891959e-09,5.891959e-11
5.762807e+00,9.157762e-10,1.914631e-08,1.914631e-10,2.954415e-10,5.869976e-09,5.869976e-11
5.764944e+00,9.172682e-10,1.897367e-08,1.897367e-10,2.976450e-10,5.850076e-09,5.850076e-11
5.767080e+00,9.163207e-10,1.874611e-08,1.874611e-10,2.978253e-10,5.811622e-09,5.811622e-11
5.769217e+00,9.111460e-10,1.844362e-08,1.844362e-10,2.951983e-10,5.744278e-09,5.744278e-11
5.771354e+00,9.053393e-10,1.809202e-08,1.809202e-10,2.926852e-10,5.666379e-09,5.666379e-11
5.773491e+00,9.018488e-10,1.773516e-08,1.773516e-10,2.917508e-10,5.589933e-09,5.589933e-11
5.775627e+00,9.001215e-10,1.739897e-08,1.739897e-10,2.913614e-10,5.519658e-09,5.519658e-11
5.777764e+00,8.980367e-10,1.707901e-08,1.707901e-10,2.906802e-10,5.453668e-09,5.453668e-11
5.779901e+00,8.936755e-10,1.674301e-08,1.674301e-10,2.894942e-10,5.385025e-09,5.385025e-11
5.782038e+00,8.856617e-10,1.634782e-08,1.634782e-10,2.870819e-10,5.298249e-09,5.298249e-11
5.784174e+00,8.739892e-10,1.588565e-08,1.588565e-10,2.832995e-10,5.188906e-09,5.188906e-11
5.786311e+00,8.606792e-10,1.540360e-08,1.540360e-10,2.796545e-10,5.073262e-09,5.073262e-11
5.788448e+00,8.480955e-10,1.496249e-08,1.496249e-10,2.771894e-10,4.969025e-09,4.969025e-11
5.790585e+00,8.369349e-10,1.459525e-08,1.459525e-10,2.747811e-10,4.879059e-09,4.879059e-11
5.792721e+00,8.271957e-10,1.430237e-08,1.430237e-10,2.715933e-10,4.798278e-09,4.798278e-11
5.794858e+00,8.195787e-10,1.404903e-08,1.404903e-10,2.692545e-10,4.725581e-09,4.725581e-11
5.796995e+00,8.136686e-10,1.378734e-08,1.378734e-10,2.688402e-10,4.646623e-09,4.646623e-11
5.799132e+00,8.067870e-10,1.351313e-08,1.351313e-10,2.679461e-10,4.561846e-09,4.561846e-11
5.801268e+00,7.979956e-10,1.326648e-08,1.326648e-10,2.644862e-10,4.468660e-09,4.468660e-11
5.803405e+00,7.911047e-10,1.309050e-08,1.309050e-10,2.612288e-10,4.397174e-09,4.397174e-11
5.805542e+00,7.899945e-10,1.299570e-08,1.299570e-10,2.621217e-10,4.356972e-09,4.356972e-11
5.807679e+00,7.925101e-10,1.295693e-08,1.295693e-10,2.655938e-10,4.347073e-09,4.347073e-11
5.809815e+00,7.927130e-10,1.291148e-08,1.291148e-10,2.665316e-10,4.326941e-09,4.326941e-11
5.811952e+00,7.882946e-10,1.281064e-08,1.281064e-10,2.642879e-10,4.286274e-09,4.286274e-11
5.814089e+00,7.820404e-10,1.266266e-08,1.266266e-10,2.631286e-10,4.250176e-09,4.250176e-11
5.816226e+00,7.766913e-10,1.253346e-08,1.253346e-10,2.645988e-10,4.235626e-09,4.235626e-11
5.818362e+00,7.725837e-10,1.247056e-08,1.247056e-10,2.654740e-10,4.239175e-09,4.239175e-11
5.820499e+00,7.707327e-10,1.248153e-08,1.248153e-10,2.645381e-10,4.245658e-09,4.245658e-11
5.822636e+00,7.729267e-10,1.254677e-08,1.254677e-10,2.651238e-10,4.279201e-09,4.279201e-11
5.824773e+00,7.767338e-10,1.261258e-08,1.261258e-10,2.682803e-10,4.322999e-09,4.322999e-11
5.826909e+00,7.762918e-10,1.264628e-08,1.264628e-10,2.696406e-10,4.365122e-09,4.365122e-11
5.829046e+00,7.710180e-10,1.266689e-08,1.266689e-10,2.668628e-10,4.385943e-09,4.385943e-11
5.831183e+00,7.679167e-10,1.272754e-08,1.272754e-10,2.643962e-10,4.429946e-09,4.429946e-11
5.833320e+00,7.714589e-10,1.283655e-08,1.283655e-10,2.662472e-10,4.499851e-09,4.499851e-11
5.835456e+00,7.767455e-10,1.297800e-08,1.297800e-10,2.691823e-10,4.595862e-09,4.595862e-11
5.837593e+00,7.773895e-10,1.310971e-08,1.310971e-10,2.685660e-10,4.672989e-09,4.672989e-11
5.839730e+00,7.750537e-10,1.322011e-08,1.322011e-10,2.666151e-10,4.751769e-09,4.751769e-11
5.841867e+00,7.753613e-10,1.330743e-08,1.330743e-10,2.682081e-10,4.835085e-09,4.835085e-11
5.844003e+00,7.779343e-10,1.339141e-08,1.339141e-10,2.716970e-10,4.933549e-09,4.933549e-11
5.846140e+00,7.780690e-10,1.347663e-08,1.347663e-10,2.718302e-10,5.009876e-09,5.009876e-11
5.848277e+00,7.767092e-10,1.356819e-08,1.356819e-10,2.698989e-10,5.077980e-09,5.077980e-11
5.850414e+00,7.801595e-10,1.367507e-08,1.367507e-10,2.721960e-10,5.161990e-09,5.161990e-11
5.852550e+00,7.892483e-10,1.378964e-08,1.378964e-10,2.786101e-10,5.261500e-09,5.261500e-11
5.854687e+00,7.972304e-10,1.389210e-08,1.389210e-10,2.819554e-10,5.342129e-09,5.342129e-11
5.856824e+00,8.007748e-10,1.396808e-08,1.396808e-10,2.802597e-10,5.378592e-09,5.378592e-11
5.858961e+00,8.047551e-10,1.404111e-08,1.404111e-10,2.802850e-10,5.429461e-09,5.429461e-11
5.861097e+00,8.129675e-10,1.411655e-08,1.411655e-10,2.856204e-10,5.489174e-09,5.489174e-11
5.863234e+00,8.217823e-10,1.419799e-08,1.419799e-10,2.904070e-10,5.556003e-09,5.556003e-11
5.865371e+00,8.272307e-10,1.426610e-08,1.426610e-10,2.897323e-10,5.564596e-09,5.564596e-11
5.867508e+00,8.318251e-10,1.433300e-08,1.433300e-10,2.882608e-10,5.579318e-09,5.579318e-11
5.869644e+00,8.389197e-10,1.439347e-08,1.439347e-10,2.918551e-10,5.600688e-09,5.600688e-11
5.871781e+00,8.456221e-10,1.444983e-08,1.444983e-10,2.969256e-10,5.639188e-09,5.639188e-11
5.873918e+00,8.479733e-10,1.449660e-08,1.449660e-10,2.966122e-10,5.631706e-09,5.631706e-11
5.876054e+00,8.495108e-10,1.454896e-08,1.454896e-10,2.931181e-10,5.607324e-09,5.607324e-11
5.878191e+00,8.565320e-10,1.462033e-08,1.462033e-10,2.941182e-10,5.602978e-09,5.602978e-11
5.880328e+00,8.669631e-10,1.470726e-08,1.470726e-10,2.994076e-10,5.617206e-09,5.617206e-11
5.882465e+00,8.729348e-10,1.479281e-08,1.479281e-10,3.012921e-10,5.619854e-09,5.619854e-11
5.884601e+00,8.736378e-10,1.487750e-08,1.487750e-10,2.979374e-10,5.587269e-09,5.587269e-11
5.886738e+00,8.764845e-10,1.498454e-08,1.498454e-10,2.962610e-10,5.577739e-09,5.577739e-11
5.888875e+00,8.846225e-10,1.511713e-08,1.511713e-10,2.997230e-10,5.582200e-09,5.582200e-11
5.891012e+00,8.922661e-10,1.527035e-08,1.527035e-10,3.029241e-10,5.598514e-09,5.598514e-11
5.893148e+00,8.948776e-10,1.541923e-08,1.541923e-10,3.017131e-10,5.585258e-09,5.585258e-11
5.895285e+00,8.963578e-10,1.556936e-08,1.556936e-10,3.001719e-10,5.583733e-09,5.583733e-11
5.897422e+00,9.021024e-10,1.573317e-08,1.573317e-10,3.029561e-10,5.594928e-09,5.594928e-11
5.899559e+00,9.106282e-10,1.592237e-08,1.592237e-10,3.073643e-10,5.621339e-09,5.621339e-11
5.901695e+00,9.172889e-10,1.612423e-08,1.612423e-10,3.087608e-10,5.633580e-09,5.633580e-11
5.903832e+00,9.219021e-10,1.632532e-08,1.632532e-10,3.086869e-10,5.649067e-09,5.649067e-11
5.905969e+00,9.270798e-10,1.650800e-08,1.650800e-10,3.110597e-10,5.673827e-09,5.673827e-11
5.908106e+00,9.323592e-10,1.668386e-08,1.668386e-10,3.145557e-10,5.708928e-09,5.708928e-11
5.910242e+00,9.362709e-10,1.686249e-08,1.686249e-10,3.156908e-10,5.736392e-09,5.736392e-11
5.912379e+00,9.411999e-10,1.704971e-08,1.704971e-10,3.159701e-10,5.765241e-09,5.765241e-11
5.914516e+00,9.494023e-10,1.723247e-08,1.723247e-10,3.190191e-10,5.802336e-09,5.802336e-11
5.916653e+00,9.570688e-10,1.737986e-08,1.737986e-10,3.231423e-10,5.844144e-09,5.844144e-11
5.918789e+00,9.589862e-10,1.748026e-08,1.748026e-10,3.238096e-10,5.870714e-09,5.870714e-11
5.920926e+00,9.571870e-10,1.755305e-08,1.755305e-10,3.220949e-10,5.888105e-09,5.888105e-11
5.923063e+00,9.579654e-10,1.760943e-08,1.760943e-10,3.229893e-10,5.909133e-09,5.909133e-11
5.925200e+00,9.611089e-10,1.763866e-08,1.763866e-10,3.259855e-10,5.932699e-09,5.932699e-11
5.927336e+00,9.593522e-10,1.761913e-08,1.761913e-10,3.252874e-10,5.938311e-09,5.938311e-11
5.929473e+00,9.495976e-10,1.752971e-08,1.752971e-10,3.198768e-10,5.916284e-09,5.916284e-11
5.931610e+00,9.380154e-10,1.738963e-08,1.738963e-10,3.157281e-10,5.896132e-09,5.896132e-11
5.933747e+00,9.305839e-10,1.721798e-08,1.721798e-10,3.156923e-10,5.877867e-09,5.877867e-11
5.935883e+00,9.250336e-10,1.701930e-08,1.701930e-10,3.147566e-10,5.855198e-09,5.855198e-11
5.938020e+00,9.167886e-10,1.678245e-08,1.678245e-10,3.093929e-10,5.794112e-09,5.794112e-11
5.940157e+00,9.068264e-10,1.650887e-08,1.650887e-10,3.040944e-10,5.737256e-09,5.737256e-11
5.942294e+00,8.980508e-10,1.619919e-08,1.619919e-10,3.032153e-10,5.682748e-09,5.682748e-11
5.944430e+00,8.887491e-10,1.586606e-08,1.586606e-10,3.029866e-10,5.637792e-09,5.637792e-11
5.946567e+00,8.759861e-10,1.551033e-08,1.551033e-10,2.980324e-10,5.554847e-09,5.554847e-11
5.948704e+00,8.617430e-10,1.514584e-08,1.514584e-10,2.908462e-10,5.464473e-09,5.464473e-11
5.950841e+00,8.499746e-10,1.478395e-08,1.478395e-10,2.876742e-10,5.387480e-09,5.387480e-11
5.952977e+00,8.400001e-10,1.443171e-08,1.443171e-10,2.879237e-10,5.328215e-09,5.328215e-11
5.955114e+00,8.283186e-10,1.409447e-08,1.409447e-10,2.856150e-10,5.258466e-09,5.258466e-11
5.957251e+00,8.158175e-10,1.377736e-08,1.377736e-10,2.800321e-10,5.167601e-09,5.167601e-11
5.959388e+00,8.070317e-10,1.349233e-08,1.349233e-10,2.766870e-10,5.095502e-09,5.095502e-11
5.961524e+00,8.021336e-10,1.324368e-08,1.324368e-10,2.774887e-10,5.037725e-09,5.037725e-11
5.963661e+00,7.957931e-10,1.302899e-08,1.302899e-10,2.775039e-10,4.990709e-09,4.990709e-11
5.965798e+00,7.857930e-10,1.284185e-08,1.284185e-10,2.735817e-10,4.923983e-09,4.923983e-11
5.967935e+00,7.765093e-10,1.269073e-08,1.269073e-10,2.693399e-10,4.867638e-09,4.867638e-11
5.970071e+00,7.710354e-10,1.256880e-08,1.256880e-10,2.681863e-10,4.819446e-09,4.819446e-11
5.972208e+00,7.661451e-10,1.246628e-08,1.246628e-10,2.676837e-10,4.778782e-09,4.778782e-11
5.974345e+00,7.584540e-10,1.236706e-08,1.236706e-10,2.646532e-10,4.723675e-09,4.723675e-11
5.976482e+00,7.507009e-10,1.227924e-08,1.227924e-10,2.608211e-10,4.665637e-09,4.665637e-11
5.978618e+00,7.478839e-10,1.221820e-08,1.221820e-10,2.595656e-10,4.613512e-09,4.613512e-11
5.980755e+00,7.501855e-10,1.219497e-08,1.219497e-10,2.604165e-10,4.570539e-09,4.570539e-11
5.982892e+00,7.532739e-10,1.219606e-08,1.219606e-10,2.604794e-10,4.526337e-09,4.526337e-11
5.985029e+00,7.539338e-10,1.218297e-08,1.218297e-10,2.592447e-10,4.474481e-09,4.474481e-11
5.987165e+00,7.524140e-10,1.212463e-08,1.212463e-10,2.581103e-10,4.412404e-09,4.412404e-11
5.989302e+00,7.501135e-10,1.204187e-08,1.204187e-10,2.568267e-10,4.342791e-09,4.342791e-11
5.991439e+00,7.486543e-10,1.198173e-08,1.198173e-10,2.547008e-10,4.271798e-09,4.271798e-11
5.993576e+00,7.505005e-10,1.198166e-08,1.198166e-10,2.535169e-10,4.216441e-09,4.216441e-11
5.995712e+00,7.563588e-10,1.204374e-08,1.204374e-10,2.550193e-10,4.183400e-09,4.183400e-11
5.997849e+00,7.624740e-10,1.212203e-08,1.212203e-10,2.570582e-10,4.159397e-09,4.159397e-11
5.999986e+00,7.646018e-10,1.216867e-08,1.216867e-10,2.564939e-10,4.118620e-09,4.118620e-11
6.002123e+00,7.640166e-10,1.218392e-08,1.218392e-10,2.546693e-10,4.070382e-09,4.070382e-11
6.004259e+00,7.652415e-10,1.220927e-08,1.220927e-10,2.551505e-10,4.036298e-09,4.036298e-11
6.006396e+00,7.691948e-10,1.228970e-08,1.228970e-10,2.574502e-10,4.028711e-09,4.028711e-11
6.008533e+00,7.729110e-10,1.243887e-08,1.243887e-10,2.582150e-10,4.034924e-09,4.034924e-11
6.010670e+00,7.750905e-10,1.264375e-08,1.264375e-10,2.574235e-10,4.058455e-09,4.058455e-11
6.012806e+00,7.776399e-10,1.286644e-08,1.286644e-10,2.583445e-10,4.105022e-09,4.105022e-11
6.014943e+00,7.812721e-10,1.304397e-08,1.304397e-10,2.613999e-10,4.153303e-09,4.153303e-11
6.017080e+00,7.837386e-10,1.314818e-08,1.314818e-10,2.628790e-10,4.181096e-09,4.181096e-11
6.019217e+00,7.842072e-10,1.322000e-08,1.322000e-10,2.613916e-10,4.185324e-09,4.185324e-11
6.021353e+00,7.861266e-10,1.332497e-08,1.332497e-10,2.609808e-10,4.210393e-09,4.210393e-11
6.023490e+00,7.926547e-10,1.350479e-08,1.350479e-10,2.647408e-10,4.272299e-09,4.272299e-11
6.025627e+00,8.018563e-10,1.374644e-08,1.374644e-10,2.697843e-10,4.362792e-09,4.362792e-11
6.027764e+00,8.098610e-10,1.396240e-08,1.396240e-10,2.722563e-10,4.428128e-09,4.428128e-11
6.029900e+00,8.157997e-10,1.406550e-08,1.406550e-10,2.731752e-10,4.452079e-09,4.452079e-11
6.032037e+00,8.205590e-10,1.405821e-08,1.405821e-10,2.752844e-10,4.443026e-09,4.443026e-11
6.034174e+00,8.242282e-10,1.403321e-08,1.403321e-10,2.778145e-10,4.438822e-09,4.438822e-11
6.036311e+00,8.283785e-10,1.407689e-08,1.407689e-10,2.790800e-10,4.450957e-09,4.450957e-11
6.038447e+00,8.370131e-10,1.422097e-08,1.422097e-10,2.809730e-10,4.496597e-09,4.496597e-11
6.040584e+00,8.509250e-10,1.442247e-08,1.442247e-10,2.856891e-10,4.564960e-09,4.564960e-11
6.042721e+00,8.642582e-10,1.458541e-08,1.458541e-10,2.908392e-10,4.629360e-09,4.629360e-11
6.044858e+00,8.710055e-10,1.462738e-08,1.462738e-10,2.927523e-10,4.655026e-09,4.655026e-11
6.046994e+00,8.732005e-10,1.458242e-08,1.458242e-10,2.926745e-10,4.659667e-09,4.659667e-11
6.049131e+00,8.781179e-10,1.455659e-08,1.455659e-10,2.949836e-10,4.677322e-09,4.677322e-11
6.051268e+00,8.882429e-10,1.463221e-08,1.463221e-10,3.000603e-10,4.730529e-09,4.730529e-11
6.053405e+00,8.992800e-10,1.481982e-08,1.481982e-10,3.041101e-10,4.809515e-09,4.809515e-11
6.055541e+00,9.080188e-10,1.505874e-08,1.505874e-10,3.062359e-10,4.898817e-09,4.898817e-11
6.057678e+00,9.159194e-10,1.524528e-08,1.524528e-10,3.095135e-10,4.976395e-09,4.976395e-11
6.059815e+00,9.234997e-10,1.531615e-08,1.531615e-10,3.139578e-10,5.017914e-09,5.017914e-11
6.061951e+00,9.282203e-10,1.532313e-08,1.532313e-10,3.152726e-10,5.025604e-09,5.025604e-11
6.064088e+00,9.309399e-10,1.536666e-08,1.536666e-10,3.129528e-10,5.014820e-09,5.014820e-11
6.066225e+00,9.378296e-10,1.552053e-08,1.552053e-10,3.129326e-10,5.043683e-09,5.043683e-11
6.068362e+00,9.514496e-10,1.576960e-08,1.576960e-10,3.181583e-10,5.105190e-09,5.105190e-11
6.070498e+00,9.652449e-10,1.604122e-08,1.604122e-10,3.227673e-10,5.176087e-09,5.176087e-11
6.072635e+00,9.720283e-10,1.623120e-08,1.623120e-10,3.211461e-10,5.175355e-09,5.175355e-11
6.074772e+00,9.736636e-10,1.632496e-08,1.632496e-10,3.170325e-10,5.146668e-09,5.146668e-11
6.076909e+00,9.767519e-10,1.638715e-08,1.638715e-10,3.170195e-10,5.119771e-09,5.119771e-11
6.079045e+00,9.820420e-10,1.649634e-08,1.649634e-10,3.195606e-10,5.132786e-09,5.132786e-11
6.081182e+00,9.852000e-10,1.667502e-08,1.667502e-10,3.181479e-10,5.135496e-09,5.135496e-11
6.083319e+00,9.863079e-10,1.690646e-08,1.690646e-10,3.131274e-10,5.130941e-09,5.130941e-11
6.085456e+00,9.901951e-10,1.714435e-08,1.714435e-10,3.115262e-10,5.157628e-09,5.157628e-11
6.087592e+00,9.966974e-10,1.731758e-08,1.731758e-10,3.146058e-10,5.189500e-09,5.189500e-11
6.089729e+00,9.989787e-10,1.740741e-08,1.740741e-10,3.148544e-10,5.203154e-09,5.203154e-11
6.091866e+00,9.947353e-10,1.744791e-08,1.744791e-10,3.085204e-10,5.142916e-09,5.142916e-11
6.094003e+00,9.914462e-10,1.751639e-08,1.751639e-10,3.025224e-10,5.115531e-09,5.115531e-11
6.096139e+00,9.954300e-10,1.763287e-08,1.763287e-10,3.035237e-10,5.127057e-09,5.127057e-11
6.098276e+00,1.001646e-09,1.776980e-08,1.776980e-10,3.070252e-10,5.180782e-09,5.180782e-11
6.100413e+00,1.000794e-09,1.785183e-08,1.785183e-10,3.046530e-10,5.174980e-09,5.174980e-11
6.102550e+00,9.925601e-10,1.784465e-08,1.784465e-10,2.974749e-10,5.128302e-09,5.128302e-11
6.104686e+00,9.843025e-10,1.776868e-08,1.776868e-10,2.933732e-10,5.089652e-09,5.089652e-11
6.106823e+00,9.789701e-10,1.766723e-08,1.766723e-10,2.939454e-10,5.069647e-09,5.069647e-11
6.108960e+00,9.723945e-10,1.756513e-08,1.756513e-10,2.929730e-10,5.054681e-09,5.054681e-11
6.111097e+00,9.625537e-10,1.745614e-08,1.745614e-10,2.876865e-10,5.000012e-09,5.000012e-11
6.113233e+00,9.536625e-10,1.733825e-08,1.733825e-10,2.833181e-10,4.970047e-09,4.970047e-11
6.115370e+00,9.485154e-10,1.718835e-08,1.718835e-10,2.839034e-10,4.946726e-09,4.946726e-11
6.117507e+00,9.433589e-10,1.699947e-08,1.699947e-10,2.854604e-10,4.934605e-09,4.934605e-11
6.119644e+00,9.341823e-10,1.677036e-08,1.677036e-10,2.828151e-10,4.880985e-09,4.880985e-11
6.121780e+00,9.234889e-10,1.653239e-08,1.653239e-10,2.780455e-10,4.822678e-09,4.822678e-11
6.123917e+00,9.162237e-10,1.630590e-08,1.630590e-10,2.766417e-10,4.785131e-09,4.785131e-11
6.126054e+00,9.119442e-10,1.609857e-08,1.609857e-10,2.785000e-10,4.766053e-09,4.766053e-11
6.128191e+00,9.063604e-10,1.589738e-08,1.589738e-10,2.787568e-10,4.743317e-09,4.743317e-11
6.130327e+00,8.988349e-10,1.568507e-08,1.568507e-10,2.761551e-10,4.694770e-09,4.694770e-11
6.132464e+00,8.927882e-10,1.546366e-08,1.546366e-10,2.744738e-10,4.652610e-09,4.652610e-11
6.134601e+00,8.889468e-10,1.523838e-08,1.523838e-10,2.755515e-10,4.612139e-09,4.612139e-11
6.136738e+00,8.835566e-10,1.502392e-08,1.502392e-10,2.763470e-10,4.579804e-09,4.579804e-11
6.138874e+00,8.744965e-10,1.482266e-08,1.482266e-10,2.742324e-10,4.536256e-09,4.536256e-11
6.141011e+00,8.645303e-10,1.464092e-08,1.464092e-10,2.709797e-10,4.496537e-09,4.496537e-11
6.143148e+00,8.564780e-10,1.447127e-08,1.447127e-10,2.692622e-10,4.463675e-09,4.463675e-11
6.145285e+00,8.487742e-10,1.430936e-08,1.430936e-10,2.682032e-10,4.435283e-09,4.435283e-11
6.147421e+00,8.387018e-10,1.415400e-08,1.415400e-10,2.653392e-10,4.403269e-09,4.403269e-11
6.149558e+00,8.276063e-10,1.401192e-08,1.401192e-10,2.611128e-10,4.367267e-09,4.367267e-11
6.151695e+00,8.194950e-10,1.389229e-08,1.389229e-10,2.582873e-10,4.339654e-09,4.339654e-11
6.153832e+00,8.154909e-10,1.379365e-08,1.379365e-10,2.576530e-10,4.318735e-09,4.318735e-11
6.155968e+00,8.127944e-10,1.371183e-08,1.371183e-10,2.571680e-10,4.299768e-09,4.299768e-11
6.158105e+00,8.091274e-10,1.363772e-08,1.363772e-10,2.555100e-10,4.274041e-09,4.274041e-11
6.160242e+00,8.052005e-10,1.356856e-08,1.356856e-10,2.537920e-10,4.247404e-09,4.247404e-11
6.162379e+00,8.019416e-10,1.349883e-08,1.349883e-10,2.530218e-10,4.219777e-09,4.219777e-11
6.164515e+00,7.978999e-10,1.342609e-08,1.342609e-10,2.521829e-10,4.190342e-09,4.190342e-11
6.166652e+00,7.912500e-10,1.335210e-08,1.335210e-10,2.499044e-10,4.155457e-09,4.155457e-11
6.168789e+00,7.831679e-10,1.328516e-08,1.328516e-10,2.467305e-10,4.117722e-09,4.117722e-11
6.170926e+00,7.770894e-10,1.323597e-08,1.323597e-10,2.444953e-10,4.083429e-09,4.083429e-11
6.173062e+00,7.745273e-10,1.320908e-08,1.320908e-10,2.437244e-10,4.053598e-09,4.053598e-11
6.175199e+00,7.733198e-10,1.320333e-08,1.320333e-10,2.430606e-10,4.026855e-09,4.026855e-11
6.177336e+00,7.707523e-10,1.321048e-08,1.321048e-10,2.414460e-10,4.000519e-09,4.000519e-11
6.179473e+00,7.670810e-10,1.323372e-08,1.323372e-10,2.395901e-10,3.980416e-09,3.980416e-11
6.181609e+00,7.649031e-10,1.328248e-08,1.328248e-10,2.388117e-10,3.969901e-09,3.969901e-11
6.183746e+00,7.656754e-10,1.335855e-08,1.335855e-10,2.390672e-10,3.969317e-09,3.969317e-11
6.185883e+00,7.677868e-10,1.346058e-08,1.346058e-10,2.389944e-10,3.974360e-09,3.974360e-11
6.188020e+00,7.684918e-10,1.357815e-08,1.357815e-10,2.379477e-10,3.984896e-09,3.984896e-11
6.190156e+00,7.674883e-10,1.369614e-08,1.369614e-10,2.370303e-10,4.006662e-09,4.006662e-11
6.192293e+00,7.675281e-10,1.381931e-08,1.381931e-10,2.377198e-10,4.040062e-09,4.040062e-11
6.194430e+00,7.710161e-10,1.396419e-08,1.396419e-10,2.398434e-10,4.085751e-09,4.085751e-11
6.196567e+00,7.774619e-10,1.412868e-08,1.412868e-10,2.418462e-10,4.131613e-09,4.131613e-11
6.198703e+00,7.849827e-10,1.430436e-08,1.430436e-10,2.433363e-10,4.177428e-09,4.177428e-11
6.200840e+00,7.923880e-10,1.448004e-08,1.448004e-10,2.455586e-10,4.227647e-09,4.227647e-11
6.202977e+00,7.989674e-10,1.463846e-08,1.463846e-10,2.488028e-10,4.279290e-09,4.279290e-11
6.205114e+00,8.040060e-10,1.478408e-08,1.478408e-10,2.513850e-10,4.330044e-09,4.330044e-11
6.207250e+00,8.078589e-10,1.492527e-08,1.492527e-10,2.521811e-10,4.369249e-09,4.369249e-11
6.209387e+00,8.125202e-10,1.506357e-08,1.506357e-10,2.528754e-10,4.410315e-09,4.410315e-11
6.211524e+00,8.195523e-10,1.519574e-08,1.519574e-10,2.558715e-10,4.455312e-09,4.455312e-11
6.213661e+00,8.274902e-10,1.531703e-08,1.531703e-10,2.603272e-10,4.507820e-09,4.507820e-11
6.215797e+00,8.330199e-10,1.542453e-08,1.542453e-10,2.630044e-10,4.550347e-09,4.550347e-11
6.217934e+00,8.357998e-10,1.552258e-08,1.552258e-10,2.633893e-10,4.581168e-09,4.581168e-11
6.220071e+00,8.396594e-10,1.562108e-08,1.562108e-10,2.648007e-10,4.621121e-09,4.621121e-11
6.222208e+00,8.468369e-10,1.571997e-08,1.571997e-10,2.690661e-10,4.666387e-09,4.666387e-11
6.224344e+00,8.538923e-10,1.582102e-08,1.582102e-10,2.729458e-10,4.720244e-09,4.720244e-11
6.226481e+00,8.566617e-10,1.591750e-08,1.591750e-10,2.728856e-10,4.747657e-09,4.747657e-11
6.228618e+00,8.568454e-10,1.601618e-08,1.601618e-10,2.710186e-10,4.776721e-09,4.776721e-11
6.230755e+00,8.595558e-10,1.612153e-08,1.612153e-10,2.720211e-10,4.816223e-09,4.816223e-11
6.232891e+00,8.658353e-10,1.623463e-08,1.623463e-10,2.757427e-10,4.870603e-09,4.870603e-11
6.235028e+00,8.718506e-10,1.635163e-08,1.635163e-10,2.776971e-10,4.919455e-09,4.919455e-11
6.237165e+00,8.756160e-10,1.646580e-08,1.646580e-10,2.766294e-10,4.946531e-09,4.946531e-11
6.239301e+00,8.801147e-10,1.658201e-08,1.658201e-10,2.769104e-10,4.992610e-09,4.992610e-11
6.241438e+00,8.873058e-10,1.669516e-08,1.669516e-10,2.811121e-10,5.047369e-09,5.047369e-11
6.243575e+00,8.931931e-10,1.680273e-08,1.680273e-10,2.849242e-10,5.113604e-09,5.113604e-11
6.245712e+00,8.931835e-10,1.689210e-08,1.689210e-10,2.837936e-10,5.142813e-09,5.142813e-11
6.247848e+00,8.894471e-10,1.696905e-08,1.696905e-10,2.804175e-10,5.169505e-09,5.169505e-11
6.249985e+00,8.879432e-10,1.703838e-08,1.703838e-10,2.804714e-10,5.204390e-09,5.204390e-11
6.252122e+00,8.900149e-10,1.710416e-08,1.710416e-10,2.835997e-10,5.246173e-09,5.246173e-11
6.254259e+00,8.918472e-10,1.716425e-08,1.716425e-10,2.843125e-10,5.269323e-09,5.269323e-11
6.256395e+00,8.911941e-10,1.721229e-08,1.721229e-10,2.812653e-10,5.259646e-09,5.259646e-11
6.258532e+00,8.899102e-10,1.723700e-08,1.723700e-10,2.793386e-10,5.263430e-09,5.263430e-11
6.260669e+00,8.893401e-10,1.723224e-08,1.723224e-10,2.810194e-10,5.268649e-09,5.268649e-11
6.262806e+00,8.878388e-10,1.721403e-08,1.721403e-10,2.821588e-10,5.276709e-09,5.276709e-11
6.264942e+00,8.851109e-10,1.718584e-08,1.718584e-10,2.793915e-10,5.248538e-09,5.248538e-11
6.267079e+00,8.844982e-10,1.716157e-08,1.716157e-10,2.763371e-10,5.225830e-09,5.225830e-11
6.269216e+00,8.868610e-10,1.712138e-08,1.712138e-10,2.775569e-10,5.215153e-09,5.215153e-11
6.271353e+00,8.864348e-10,1.703191e-08,1.703191e-10,2.801994e-10,5.209023e-09,5.209023e-11
6.273489e+00,8.786467e-10,1.689170e-08,1.689170e-10,2.783959e-10,5.173173e-09,5.173173e-11
6.275626e+00,8.683462e-10,1.674052e-08,1.674052e-10,2.732404e-10,5.115558e-09,5.115558e-11
6.277763e+00,8.634126e-10,1.660295e-08,1.660295e-10,2.708467e-10,5.073579e-09,5.073579e-11
6.279900e+00,8.628825e-10,1.647343e-08,1.647343e-10,2.721648e-10,5.041151e-09,5.041151e-11
6.282036e+00,8.586161e-10,1.631307e-08,1.631307e-10,2.717633e-10,5.002347e-09,5.002347e-11
6.284173e+00,8.478051e-10,1.610307e-08,1.610307e-10,2.670118e-10,4.930828e-09,4.930828e-11
6.286310e+00,8.371465e-10,1.589113e-08,1.589113e-10,2.623778e-10,4.866849e-09,4.866849e-11
6.288447e+00,8.329879e-10,1.570834e-08,1.570834e-10,2.619149e-10,4.821456e-09,4.821456e-11
6.290583e+00,8.325136e-10,1.555696e-08,1.555696e-10,2.627829e-10,4.794853e-09,4.794853e-11
6.292720e+00,8.289756e-10,1.540854e-08,1.540854e-10,2.606406e-10,4.753669e-09,4.753669e-11
6.294857e+00,8.220154e-10,1.523993e-08,1.523993e-10,2.570805e-10,4.707641e-09,4.707641e-11
6.296994e+00,8.167843e-10,1.507015e-08,1.507015e-10,2.564517e-10,4.673021e-09,4.673021e-11
6.299130e+00,8.151149e-10,1.493942e-08,1.493942e-10,2.582968e-10,4.665564e-09,4.665564e-11
6.301267e+00,8.140555e-10,1.483988e-08,1.483988e-10,2.586770e-10,4.661832e-09,4.661832e-11
6.303404e+00,8.117733e-10,1.475340e-08,1.475340e-10,2.572944e-10,4.654282e-09,4.654282e-11
6.305541e+00,8.088416e-10,1.466350e-08,1.466350e-10,2.571125e-10,4.647125e-09,4.647125e-11
6.307677e+00,8.050805e-10,1.456615e-08,1.456615e-10,2.581751e-10,4.651948e-09,4.651948e-11
6.309814e+00,8.003690e-10,1.448360e-08,1.448360e-10,2.579680e-10,4.664869e-09,4.664869e-11
6.311951e+00,7.974012e-10,1.442074e-08,1.442074e-10,2.569269e-10,4.679540e-09,4.679540e-11
6.314088e+00,7.990978e-10,1.436847e-08,1.436847e-10,2.582122e-10,4.698672e-09,4.698672e-11
6.316224e+00,8.034608e-10,1.431428e-08,1.431428e-10,2.619197e-10,4.717964e-09,4.717964e-11
6.318361e+00,8.049487e-10,1.425091e-08,1.425091e-10,2.640995e-10,4.738990e-09,4.738990e-11
6.320498e+00,8.021207e-10,1.418000e-08,1.418000e-10,2.632483e-10,4.750606e-09,4.750606e-11
6.322635e+00,8.003967e-10,1.411663e-08,1.411663e-10,2.632828e-10,4.775442e-09,4.775442e-11
6.324771e+00,8.044441e-10,1.405980e-08,1.405980e-10,2.670354e-10,4.801135e-09,4.801135e-11
6.326908e+00,8.115465e-10,1.401637e-08,1.401637e-10,2.714572e-10,4.832959e-09,4.832959e-11
6.329045e+00,8.166897e-10,1.398331e-08,1.398331e-10,2.730885e-10,4.855536e-09,4.855536e-11
6.331182e+00,8.204027e-10,1.396235e-08,1.396235e-10,2.740751e-10,4.893978e-09,4.893978e-11
6.333318e+00,8.266135e-10,1.395479e-08,1.395479e-10,2.781086e-10,4.944136e-09,4.944136e-11
6.335455e+00,8.358421e-10,1.396066e-08,1.396066e-10,2.836987e-10,4.997467e-09,4.997467e-11
6.337592e+00,8.455055e-10,1.399219e-08,1.399219e-10,2.870045e-10,5.040006e-09,5.040006e-11
6.339729e+00,8.545632e-10,1.405929e-08,1.405929e-10,2.887288e-10,5.084572e-09,5.084572e-11
6.341865e+00,8.636868e-10,1.414983e-08,1.414983e-10,2.924133e-10,5.144127e-09,5.144127e-11
6.344002e+00,8.723467e-10,1.425602e-08,1.425602e-10,2.977330e-10,5.201370e-09,5.201370e-11
6.346139e+00,8.791612e-10,1.437505e-08,1.437505e-10,3.008742e-10,5.241025e-09,5.241025e-11
6.348276e+00,8.847863e-10,1.450895e-08,1.450895e-10,3.010778e-10,5.260516e-09,5.260516e-11
6.350412e+00,8.911532e-10,1.466700e-08,1.466700e-10,3.018977e-10,5.289494e-09,5.289494e-11
6.352549e+00,8.975855e-10,1.483698e-08,1.483698e-10,3.049806e-10,5.327325e-09,5.327325e-11
6.354686e+00,9.013895e-10,1.500755e-08,1.500755e-10,3.074348e-10,5.363767e-09,5.363767e-11
6.356823e+00,9.033765e-10,1.518484e-08,1.518484e-10,3.075705e-10,5.387726e-09,5.387726e-11
6.358959e+00,9.080555e-10,1.537896e-08,1.537896e-10,3.082477e-10,5.419736e-09,5.419736e-11
6.361096e+00,9.161941e-10,1.558174e-08,1.558174e-10,3.116051e-10,5.467359e-09,5.467359e-11
6.363233e+00,9.225652e-10,1.576520e-08,1.576520e-10,3.150920e-10,5.519819e-09,5.519819e-11
6.365370e+00,9.238534e-10,1.590450e-08,1.590450e-10,3.160054e-10,5.554624e-09,5.554624e-11
6.367506e+00,9.240265e-10,1.601339e-08,1.601339e-10,3.162536e-10,5.575634e-09,5.575634e-11
6.369643e+00,9.283246e-10,1.610968e-08,1.610968e-10,3.187896e-10,5.594922e-09,5.594922e-11
6.371780e+00,9.355620e-10,1.619213e-08,1.619213e-10,3.223365e-10,5.613237e-09,5.613237e-11
6.373917e+00,9.402121e-10,1.623385e-08,1.623385e-10,3.237851e-10,5.609682e-09,5.609682e-11
6.376053e+00,9.399276e-10,1.620612e-08,1.620612e-10,3.232676e-10,5.572386e-09,5.572386e-11
6.378190e+00,9.372252e-10,1.611292e-08,1.611292e-10,3.229052e-10,5.504153e-09,5.504153e-11
6.380327e+00,9.343153e-10,1.598488e-08,1.598488e-10,3.224045e-10,5.424166e-09,5.424166e-11
6.382464e+00,9.305273e-10,1.583709e-08,1.583709e-10,3.199145e-10,5.332901e-09,5.332901e-11
6.384600e+00,9.251314e-10,1.566826e-08,1.566826e-10,3.161553e-10,5.234296e-09,5.234296e-11
6.386737e+00,9.186097e-10,1.546745e-08,1.546745e-10,3.133981e-10,5.122058e-09,5.122058e-11
6.388874e+00,9.107870e-10,1.523885e-08,1.523885e-10,3.109362e-10,5.006194e-09,5.006194e-11
6.391011e+00,9.014652e-10,1.500283e-08,1.500283e-10,3.062663e-10,4.888426e-09,4.888426e-11
6.393147e+00,8.928908e-10,1.477121e-08,1.477121e-10,3.004139e-10,4.777658e-09,4.777658e-11
6.395284e+00,8.874389e-10,1.454554e-08,1.454554e-10,2.969489e-10,4.678551e-09,4.678551e-11
6.397421e+00,8.833474e-10,1.431947e-08,1.431947e-10,2.957103e-10,4.580849e-09,4.580849e-11
6.399558e+00,8.767903e-10,1.409822e-08,1.409822e-10,2.926947e-10,4.484448e-09,4.484448e-11
6.401694e+00,8.679894e-10,1.389726e-08,1.389726e-10,2.870375e-10,4.389595e-09,4.389595e-11
6.403831e+00,8.613028e-10,1.372134e-08,1.372134e-10,2.829119e-10,4.328372e-09,4.328372e-11
6.405968e+00,8.581892e-10,1.355705e-08,1.355705e-10,2.823456e-10,4.282036e-09,4.282036e-11
6.408105e+00,8.542506e-10,1.340073e-08,1.340073e-10,2.813996e-10,4.242750e-09,4.242750e-11
6.410241e+00,8.459133e-10,1.325505e-08,1.325505e-10,2.768541e-10,4.192790e-09,4.192790e-11
6.412378e+00,8.365191e-10,1.314182e-08,1.314182e-10,2.718876e-10,4.175080e-09,4.175080e-11
6.414515e+00,8.314759e-10,1.306548e-08,1.306548e-10,2.707596e-10,4.191749e-09,4.191749e-11
6.416652e+00,8.304168e-10,1.301000e-08,1.301000e-10,2.717950e-10,4.222911e-09,4.222911e-11
6.418788e+00,8.292977e-10,1.297047e-08,1.297047e-10,2.707759e-10,4.242601e-09,4.242601e-11
6.420925e+00,8.273724e-10,1.295608e-08,1.295608e-10,2.683555e-10,4.270785e-09,4.270785e-11
6.423062e+00,8.269809e-10,1.297226e-08,1.297226e-10,2.684304e-10,4.335094e-09,4.335094e-11
6.425198e+00,8.285569e-10,1.302041e-08,1.302041e-10,2.710388e-10,4.421799e-09,4.421799e-11
6.427335e+00,8.306830e-10,1.308151e-08,1.308151e-10,2.726755e-10,4.499521e-09,4.499521e-11
6.429472e+00,8.333873e-10,1.314805e-08,1.314805e-10,2.726613e-10,4.560291e-09,4.560291e-11
6.431609e+00,8.371892e-10,1.322511e-08,1.322511e-10,2.737594e-10,4.632746e-09,4.632746e-11
6.433745e+00,8.400987e-10,1.329664e-08,1.329664e-10,2.765142e-10,4.721305e-09,4.721305e-11
6.435882e+00,8.396532e-10,1.335265e-08,1.335265e-10,2.781810e-10,4.803762e-09,4.803762e-11
6.438019e+00,8.379799e-10,1.340073e-08,1.340073e-10,2.782464e-10,4.861312e-09,4.861312e-11
6.440156e+00,8.400717e-10,1.345313e-08,1.345313e-10,2.796884e-10,4.908764e-09,4.908764e-11
6.442292e+00,8.459652e-10,1.351631e-08,1.351631e-10,2.832029e-10,4.963812e-09,4.963812e-11
6.444429e+00,8.496530e-10,1.356372e-08,1.356372e-10,2.854867e-10,5.016024e-09,5.016024e-11
6.446566e+00,8.480541e-10,1.355731e-08,1.355731e-10,2.852477e-10,5.045149e-09,5.045149e-11
6.448703e+00,8.459183e-10,1.351310e-08,1.351310e-10,2.857896e-10,5.052661e-09,5.052661e-11
6.450839e+00,8.484809e-10,1.347700e-08,1.347700e-10,2.891637e-10,5.060778e-09,5.060778e-11
6.452976e+00,8.545106e-10,1.347608e-08,1.347608e-10,2.927429e-10,5.081711e-09,5.081711e-11
6.455113e+00,8.599164e-10,1.348924e-08,1.348924e-10,2.944473e-10,5.099797e-09,5.099797e-11
6.457250e+00,8.636992e-10,1.346931e-08,1.346931e-10,2.965978e-10,5.110028e-09,5.110028e-11
6.459386e+00,8.665920e-10,1.338852e-08,1.338852e-10,3.009406e-10,5.095748e-09,5.095748e-11
6.461523e+00,8.675600e-10,1.328465e-08,1.328465e-10,3.043929e-10,5.081631e-09,5.081631e-11
6.463660e+00,8.661256e-10,1.319946e-08,1.319946e-10,3.043944e-10,5.058151e-09,5.058151e-11
6.465797e+00,8.651631e-10,1.314938e-08,1.314938e-10,3.043968e-10,5.062214e-09,5.062214e-11
6.467933e+00,8.670303e-10,1.310862e-08,1.310862e-10,3.084363e-10,5.071135e-09,5.071135e-11
6.470070e+00,8.688606e-10,1.306550e-08,1.306550e-10,3.134325e-10,5.082863e-09,5.082863e-11
6.472207e+00,8.667554e-10,1.302091e-08,1.302091e-10,3.137925e-10,5.066414e-09,5.066414e-11
6.474344e+00,8.627950e-10,1.299218e-08,1.299218e-10,3.112665e-10,5.054870e-09,5.054870e-11
6.476480e+00,8.615772e-10,1.298250e-08,1.298250e-10,3.120514e-10,5.069258e-09,5.069258e-11
6.478617e+00,8.619024e-10,1.297595e-08,1.297595e-10,3.157292e-10,5.082945e-09,5.082945e-11
6.480754e+00,8.591294e-10,1.296871e-08,1.296871e-10,3.159073e-10,5.064840e-09,5.064840e-11
6.482891e+00,8.547696e-10,1.298925e-08,1.298925e-10,3.118279e-10,5.012377e-09,5.012377e-11
6.485027e+00,8.552736e-10,1.305671e-08,1.305671e-10,3.101625e-10,4.998659e-09,4.998659e-11
6.487164e+00,8.605496e-10,1.312237e-08,1.312237e-10,3.132026e-10,4.993133e-09,4.993133e-11
6.489301e+00,8.621422e-10,1.313094e-08,1.313094e-10,3.141591e-10,4.964048e-09,4.964048e-11
6.491438e+00,8.558590e-10,1.306890e-08,1.306890e-10,3.084546e-10,4.859572e-09,4.859572e-11
6.493574e+00,8.492763e-10,1.301057e-08,1.301057e-10,3.020122e-10,4.773292e-09,4.773292e-11
6.495711e+00,8.509445e-10,1.299740e-08,1.299740e-10,3.018463e-10,4.730575e-09,4.730575e-11
6.497848e+00,8.578875e-10,1.302266e-08,1.302266e-10,3.046357e-10,4.723770e-09,4.723770e-11
6.499985e+00,8.613498e-10,1.303322e-08,1.303322e-10,3.029064e-10,4.668713e-09,4.668713e-11
6.502121e+00,8.605042e-10,1.302156e-08,1.302156e-10,2.978859e-10,4.592564e-09,4.592564e-11
6.504258e+00,8.615141e-10,1.301347e-08,1.301347e-10,2.966109e-10,4.546574e-09,4.546574e-11
6.506395e+00,8.658498e-10,1.304988e-08,1.304988e-10,2.992068e-10,4.548047e-09,4.548047e-11
6.508532e+00,8.696364e-10,1.313086e-08,1.313086e-10,2.994049e-10,4.545179e-09,4.545179e-11
6.510668e+00,8.731189e-10,1.325455e-08,1.325455e-10,2.965188e-10,4.512209e-09,4.512209e-11
6.512805e+00,8.809413e-10,1.344549e-08,1.344549e-10,2.966723e-10,4.508144e-09,4.508144e-11
6.514942e+00,8.924074e-10,1.370014e-08,1.370014e-10,3.012980e-10,4.550670e-09,4.550670e-11
6.517079e+00,9.002024e-10,1.399433e-08,1.399433e-10,3.039007e-10,4.619045e-09,4.619045e-11
6.519215e+00,9.014302e-10,1.428576e-08,1.428576e-10,3.010432e-10,4.645014e-09,4.645014e-11
6.521352e+00,9.025269e-10,1.459252e-08,1.459252e-10,2.981523e-10,4.672690e-09,4.672690e-11
6.523489e+00,9.093249e-10,1.494122e-08,1.494122e-10,3.000893e-10,4.720162e-09,4.720162e-11
6.525626e+00,9.182755e-10,1.534660e-08,1.534660e-10,3.030783e-10,4.815068e-09,4.815068e-11
6.527762e+00,9.232861e-10,1.576952e-08,1.576952e-10,3.018967e-10,4.889486e-09,4.889486e-11
6.529899e+00,9.260948e-10,1.618914e-08,1.618914e-10,2.992369e-10,4.965261e-09,4.965261e-11
6.532036e+00,9.322834e-10,1.658191e-08,1.658191e-10,3.005117e-10,5.033180e-09,5.033180e-11
6.534173e+00,9.407741e-10,1.694112e-08,1.694112e-10,3.037642e-10,5.115449e-09,5.115449e-11
6.536309e+00,9.457793e-10,1.726474e-08,1.726474e-10,3.031486e-10,5.176811e-09,5.176811e-11
6.538446e+00,9.474022e-10,1.755106e-08,1.755106e-10,2.996766e-10,5.224871e-09,5.224871e-11
6.540583e+00,9.517851e-10,1.779970e-08,1.779970e-10,2.997844e-10,5.276219e-09,5.276219e-11
6.542720e+00,9.609735e-10,1.800747e-08,1.800747e-10,3.042970e-10,5.323998e-09,5.323998e-11
6.544856e+00,9.697970e-10,1.817858e-08,1.817858e-10,3.071399e-10,5.367453e-09,5.367453e-11
6.546993e+00,9.739098e-10,1.829392e-08,1.829392e-10,3.055780e-10,5.377138e-09,5.377138e-11
6.549130e+00,9.751286e-10,1.834089e-08,1.834089e-10,3.040377e-10,5.389541e-09,5.389541e-11
6.551267e+00,9.766427e-10,1.831582e-08,1.831582e-10,3.057534e-10,5.380600e-09,5.380600e-11
6.553403e+00,9.781567e-10,1.824665e-08,1.824665e-10,3.075487e-10,5.365350e-09,5.365350e-11
6.555540e+00,9.786769e-10,1.815973e-08,1.815973e-10,3.061864e-10,5.328363e-09,5.328363e-11
6.557677e+00,9.798643e-10,1.806951e-08,1.806951e-10,3.042559e-10,5.304738e-09,5.304738e-11
6.559814e+00,9.827214e-10,1.795983e-08,1.795983e-10,3.053245e-10,5.291091e-09,5.291091e-11
6.561950e+00,9.840329e-10,1.779950e-08,1.779950e-10,3.074184e-10,5.261729e-09,5.261729e-11
6.564087e+00,9.801963e-10,1.758235e-08,1.758235e-10,3.062551e-10,5.207214e-09,5.207214e-11
6.566224e+00,9.724613e-10,1.733564e-08,1.733564e-10,3.022167e-10,5.142224e-09,5.142224e-11
6.568361e+00,9.650812e-10,1.709251e-08,1.709251e-10,2.994455e-10,5.101257e-09,5.101257e-11
6.570497e+00,9.596904e-10,1.686257e-08,1.686257e-10,2.994203e-10,5.073871e-09,5.073871e-11
6.572634e+00,9.546369e-10,1.664439e-08,1.664439e-10,2.997064e-10,5.048308e-09,5.048308e-11
6.574771e+00,9.487296e-10,1.643395e-08,1.643395e-10,2.985583e-10,5.019885e-09,5.019885e-11
6.576908e+00,9.425293e-10,1.622404e-08,1.622404e-10,2.969983e-10,4.999306e-09,4.999306e-11
6.579044e+00,9.365103e-10,1.600908e-08,1.600908e-10,2.962887e-10,4.988735e-09,4.988735e-11
6.581181e+00,9.305899e-10,1.579602e-08,1.579602e-10,2.963259e-10,4.979160e-09,4.979160e-11
6.583318e+00,9.256454e-10,1.560521e-08,1.560521e-10,2.967638e-10,4.971165e-09,4.971165e-11
6.585455e+00,9.229968e-10,1.545909e-08,1.545909e-10,2.974494e-10,4.975888e-09,4.975888e-11
6.587591e+00,9.222129e-10,1.536174e-08,1.536174e-10,2.979272e-10,4.997707e-09,4.997707e-11
6.589728e+00,9.213813e-10,1.528882e-08,1.528882e-10,2.981893e-10,5.032474e-09,5.032474e-11
6.591865e+00,9.191078e-10,1.520468e-08,1.520468e-10,2.989920e-10,5.064502e-09,5.064502e-11
6.594002e+00,9.149194e-10,1.510113e-08,1.510113e-10,2.999805e-10,5.091228e-09,5.091228e-11
6.596138e+00,9.089899e-10,1.500594e-08,1.500594e-10,2.993001e-10,5.118311e-09,5.118311e-11
6.598275e+00,9.030798e-10,1.495122e-08,1.495122e-10,2.969689e-10,5.151779e-09,5.151779e-11
6.600412e+00,8.997089e-10,1.494807e-08,1.494807e-10,2.960975e-10,5.208165e-09,5.208165e-11
6.602549e+00,8.984642e-10,1.497509e-08,1.497509e-10,2.981904e-10,5.273128e-09,5.273128e-11
6.604685e+00,8.952513e-10,1.500190e-08,1.500190e-10,2.998190e-10,5.341168e-09,5.341168e-11
6.606822e+00,8.876731e-10,1.500916e-08,1.500916e-10,2.974603e-10,5.381129e-09,5.381129e-11
6.608959e+00,8.793916e-10,1.500931e-08,1.500931e-10,2.936642e-10,5.417110e-09,5.417110e-11
6.611095e+00,8.755370e-10,1.501971e-08,1.501971e-10,2.935388e-10,5.460316e-09,5.460316e-11
6.613232e+00,8.750703e-10,1.505112e-08,1.505112e-10,2.962103e-10,5.516002e-09,5.516002e-11
6.615369e+00,8.724093e-10,1.508870e-08,1.508870e-10,2.958962e-10,5.557903e-09,5.557903e-11
6.617506e+00,8.664058e-10,1.511325e-08,1.511325e-10,2.916746e-10,5.574534e-09,5.574534e-11
6.619642e+00,8.618344e-10,1.511819e-08,1.511819e-10,2.892532e-10,5.601477e-09,5.601477e-11
6.621779e+00,8.605883e-10,1.509759e-08,1.509759e-10,2.910593e-10,5.628864e-09,5.628864e-11
6.623916e+00,8.580454e-10,1.505450e-08,1.505450e-10,2.917951e-10,5.653928e-09,5.653928e-11
6.626053e+00,8.511210e-10,1.499133e-08,1.499133e-10,2.876611e-10,5.639627e-09,5.639627e-11
6.628189e+00,8.437010e-10,1.492864e-08,1.492864e-10,2.832091e-10,5.637110e-09,5.637110e-11
6.630326e+00,8.396116e-10,1.486461e-08,1.486461e-10,2.835434e-10,5.647244e-09,5.647244e-11
6.632463e+00,8.355719e-10,1.479760e-08,1.479760e-10,2.854398e-10,5.674523e-09,5.674523e-11
6.634600e+00,8.268819e-10,1.471134e-08,1.471134e-10,2.829062e-10,5.674694e-09,5.674694e-11
6.636736e+00,8.160716e-10,1.462178e-08,1.462178e-10,2.775461e-10,5.668741e-09,5.668741e-11
6.638873e+00,8.092951e-10,1.454596e-08,1.454596e-10,2.758460e-10,5.683945e-09,5.683945e-11
6.641010e+00,8.062567e-10,1.449272e-08,1.449272e-10,2.779990e-10,5.721572e-09,5.721572e-11
6.643147e+00,8.011030e-10,1.444924e-08,1.444924e-10,2.777632e-10,5.758675e-09,5.758675e-11
6.645283e+00,7.927554e-10,1.440247e-08,1.440247e-10,2.735203e-10,5.775788e-09,5.775788e-11
6.647420e+00,7.865214e-10,1.436200e-08,1.436200e-10,2.708523e-10,5.810510e-09,5.810510e-11
6.649557e+00,7.844167e-10,1.432909e-08,1.432909e-10,2.724170e-10,5.857054e-09,5.857054e-11
6.651694e+00,7.815511e-10,1.431265e-08,1.431265e-10,2.733481e-10,5.912486e-09,5.912486e-11
6.653830e+00,7.749300e-10,1.430592e-08,1.430592e-10,2.701207e-10,5.944703e-09,5.944703e-11
6.655967e+00,7.687279e-10,1.431867e-08,1.431867e-10,2.667454e-10,5.985522e-09,5.985522e-11
6.658104e+00,7.666330e-10,1.432923e-08,1.432923e-10,2.672916e-10,6.026910e-09,6.026910e-11
6.660241e+00,7.649598e-10,1.432002e-08,1.432002e-10,2.685334e-10,6.066906e-09,6.066906e-11
6.662377e+00,7.590011e-10,1.427970e-08,1.427970e-10,2.659060e-10,6.074565e-09,6.074565e-11
6.664514e+00,7.519060e-10,1.423940e-08,1.423940e-10,2.618771e-10,6.073900e-09,6.073900e-11
6.666651e+00,7.504032e-10,1.422963e-08,1.422963e-10,2.619060e-10,6.077921e-09,6.077921e-11
6.668788e+00,7.540767e-10,1.425406e-08,1.425406e-10,2.650964e-10,6.089342e-09,6.089342e-11
6.670924e+00,7.559817e-10,1.428279e-08,1.428279e-10,2.657466e-10,6.082123e-09,6.082123e-11
6.673061e+00,7.533686e-10,1.427747e-08,1.427747e-10,2.630398e-10,6.045529e-09,6.045529e-11
6.675198e+00,7.508493e-10,1.423619e-08,1.423619e-10,2.619304e-10,5.998548e-09,5.998548e-11
6.677335e+00,7.521482e-10,1.417690e-08,1.417690e-10,2.641300e-10,5.942341e-09,5.942341e-11
6.679471e+00,7.551454e-10,1.413690e-08,1.413690e-10,2.654348e-10,5.878398e-09,5.878398e-11
6.681608e+00,7.570426e-10,1.413596e-08,1.413596e-10,2.635446e-10,5.791473e-09,5.791473e-11
6.683745e+00,7.591811e-10,1.417970e-08,1.417970e-10,2.620867e-10,5.712462e-09,5.712462e-11
6.685882e+00,7.636541e-10,1.424507e-08,1.424507e-10,2.639973e-10,5.634604e-09,5.634604e-11
6.688018e+00,7.689513e-10,1.430722e-08,1.430722e-10,2.662889e-10,5.552773e-09,5.552773e-11
6.690155e+00,7.725167e-10,1.435285e-08,1.435285e-10,2.653117e-10,5.442111e-09,5.442111e-11
6.692292e+00,7.753400e-10,1.440922e-08,1.440922e-10,2.629321e-10,5.327755e-09,5.327755e-11
6.694429e+00,7.804554e-10,1.451540e-08,1.451540e-10,2.632298e-10,5.231616e-09,5.231616e-11
6.696565e+00,7.882358e-10,1.468950e-08,1.468950e-10,2.661318e-10,5.163003e-09,5.163003e-11
6.698702e+00,7.966641e-10,1.492837e-08,1.492837e-10,2.683655e-10,5.115932e-09,5.115932e-11
6.700839e+00,8.050469e-10,1.520161e-08,1.520161e-10,2.689936e-10,5.077899e-09,5.077899e-11
6.702976e+00,8.140482e-10,1.546261e-08,1.546261e-10,2.701407e-10,5.048415e-09,5.048415e-11
6.705112e+00,8.228856e-10,1.568242e-08,1.568242e-10,2.726717e-10,5.019000e-09,5.019000e-11
6.707249e+00,8.299193e-10,1.587416e-08,1.587416e-10,2.749253e-10,4.996242e-09,4.996242e-11
6.709386e+00,8.360232e-10,1.607431e-08,1.607431e-10,2.760924e-10,4.984564e-09,4.984564e-11
6.711523e+00,8.445222e-10,1.630897e-08,1.630897e-10,2.777262e-10,4.996293e-09,4.996293e-11
6.713659e+00,8.571774e-10,1.657023e-08,1.657023e-10,2.812626e-10,5.031339e-09,5.031339e-11
6.715796e+00,8.717163e-10,1.681716e-08,1.681716e-10,2.859754e-10,5.075152e-09,5.075152e-11
6.717933e+00,8.840297e-10,1.699595e-08,1.699595e-10,2.900970e-10,5.108921e-09,5.108921e-11
6.720070e+00,8.919787e-10,1.708581e-08,1.708581e-10,2.926160e-10,5.124474e-09,5.124474e-11
6.722206e+00,8.966602e-10,1.711807e-08,1.711807e-10,2.936037e-10,5.129255e-09,5.129255e-11
6.724343e+00,9.009886e-10,1.713372e-08,1.713372e-10,2.942791e-10,5.135331e-09,5.135331e-11
6.726480e+00,9.070853e-10,1.714790e-08,1.714790e-10,2.963102e-10,5.149194e-09,5.149194e-11
6.728617e+00,9.138239e-10,1.714870e-08,1.714870e-10,2.994025e-10,5.169382e-09,5.169382e-11
6.730753e+00,9.171820e-10,1.710125e-08,1.710125e-10,3.008378e-10,5.178205e-09,5.178205e-11
6.732890e+00,9.146413e-10,1.697224e-08,1.697224e-10,2.991481e-10,5.158815e-09,5.158815e-11
6.735027e+00,9.085998e-10,1.676873e-08,1.676873e-10,2.966063e-10,5.118782e-09,5.118782e-11
6.737164e+00,9.033920e-10,1.653469e-08,1.653469e-10,2.959440e-10,5.073174e-09,5.073174e-11
6.739300e+00,9.002343e-10,1.631301e-08,1.631301e-10,2.962395e-10,5.037367e-09,5.037367e-11
6.741437e+00,8.975146e-10,1.611705e-08,1.611705e-10,2.949651e-10,4.997682e-09,4.997682e-11
6.743574e+00,8.946238e-10,1.594056e-08,1.594056e-10,2.927665e-10,4.961763e-09,4.961763e-11
6.745711e+00,8.923881e-10,1.576106e-08,1.576106e-10,2.924145e-10,4.927917e-09,4.927917e-11
6.747847e+00,8.901011e-10,1.555816e-08,1.555816e-10,2.935073e-10,4.894992e-09,4.894992e-11
6.749984e+00,8.855221e-10,1.533986e-08,1.533986e-10,2.924046e-10,4.851397e-09,4.851397e-11
6.752121e+00,8.788677e-10,1.513791e-08,1.513791e-10,2.883368e-10,4.796472e-09,4.796472e-11
6.754258e+00,8.740112e-10,1.497659e-08,1.497659e-10,2.855024e-10,4.761164e-09,4.761164e-11
6.756394e+00,8.735816e-10,1.486034e-08,1.486034e-10,2.866729e-10,4.745602e-09,4.745602e-11
6.758531e+00,8.751571e-10,1.478018e-08,1.478018e-10,2.887579e-10,4.751862e-09,4.751862e-11
6.760668e+00,8.748034e-10,1.470782e-08,1.470782e-10,2.880643e-10,4.745068e-09,4.745068e-11
6.762805e+00,8.718661e-10,1.462522e-08,1.462522e-10,2.859539e-10,4.740035e-09,4.740035e-11
6.764941e+00,8.677460e-10,1.453716e-08,1.453716e-10,2.855370e-10,4.738798e-09,4.738798e-11
6.767078e+00,8.629035e-10,1.447158e-08,1.447158e-10,2.861838e-10,4.753765e-09,4.753765e-11
6.769215e+00,8.579893e-10,1.444302e-08,1.444302e-10,2.854827e-10,4.775114e-09,4.775114e-11
6.771352e+00,8.551556e-10,1.445320e-08,1.445320e-10,2.842193e-10,4.807476e-09,4.807476e-11
6.773488e+00,8.551233e-10,1.448211e-08,1.448211e-10,2.849418e-10,4.857104e-09,4.857104e-11
6.775625e+00,8.550359e-10,1.450123e-08,1.450123e-10,2.870259e-10,4.908508e-09,4.908508e-11
6.777762e+00,8.523461e-10,1.450484e-08,1.450484e-10,2.875820e-10,4.956735e-09,4.956735e-11
6.779899e+00,8.494306e-10,1.451381e-08,1.451381e-10,2.867023e-10,5.004824e-09,5.004824e-11
6.782035e+00,8.506580e-10,1.454512e-08,1.454512e-10,2.874936e-10,5.071456e-09,5.071456e-11
6.784172e+00,8.551351e-10,1.458561e-08,1.458561e-10,2.904301e-10,5.145218e-09,5.145218e-11
6.786309e+00,8.568738e-10,1.460887e-08,1.460887e-10,2.921320e-10,5.211878e-09,5.211878e-11
6.788446e+00,8.532940e-10,1.460377e-08,1.460377e-10,2.911874e-10,5.267886e-09,5.267886e-11
6.790582e+00,8.485111e-10,1.458689e-08,1.458689e-10,2.904330e-10,5.330341e-09,5.330341e-11
6.792719e+00,8.462751e-10,1.456807e-08,1.456807e-10,2.915275e-10,5.398979e-09,5.398979e-11
6.794856e+00,8.448776e-10,1.454814e-08,1.454814e-10,2.921143e-10,5.460406e-09,5.460406e-11
6.796992e+00,8.417914e-10,1.451571e-08,1.451571e-10,2.907226e-10,5.503297e-09,5.503297e-11
6.799129e+00,8.386490e-10,1.446825e-08,1.446825e-10,2.899440e-10,5.545131e-09,5.545131e-11
6.801266e+00,8.381682e-10,1.441697e-08,1.441697e-10,2.918020e-10,5.595217e-09,5.595217e-11
6.803403e+00,8.394243e-10,1.436912e-08,1.436912e-10,2.938026e-10,5.646486e-09,5.646486e-11
6.805539e+00,8.392536e-10,1.431124e-08,1.431124e-10,2.929384e-10,5.674305e-09,5.674305e-11
6.807676e+00,8.366225e-10,1.423598e-08,1.423598e-10,2.906614e-10,5.686565e-09,5.686565e-11
6.809813e+00,8.326482e-10,1.413773e-08,1.413773e-10,2.900805e-10,5.696698e-09,5.696698e-11
6.811950e+00,8.273245e-10,1.402146e-08,1.402146e-10,2.903809e-10,5.713280e-09,5.713280e-11
6.814086e+00,8.199850e-10,1.389850e-08,1.389850e-10,2.885234e-10,5.714429e-09,5.714429e-11
6.816223e+00,8.125936e-10,1.377100e-08,1.377100e-10,2.852339e-10,5.695561e-09,5.695561e-11
6.818360e+00,8.082005e-10,1.364497e-08,1.364497e-10,2.841886e-10,5.666790e-09,5.666790e-11
6.820497e+00,8.055038e-10,1.352608e-08,1.352608e-10,2.853323e-10,5.641494e-09,5.641494e-11
6.822633e+00,7.999027e-10,1.340196e-08,1.340196e-10,2.845375e-10,5.611018e-09,5.611018e-11
6.824770e+00,7.907276e-10,1.326797e-08,1.326797e-10,2.805693e-10,5.558903e-09,5.558903e-11
6.826907e+00,7.823076e-10,1.313536e-08,1.313536e-10,2.769126e-10,5.492150e-09,5.492150e-11
6.829044e+00,7.772294e-10,1.301389e-08,1.301389e-10,2.755527e-10,5.414759e-09,5.414759e-11
6.831180e+00,7.728670e-10,1.291460e-08,1.291460e-10,2.738191e-10,5.338887e-09,5.338887e-11
6.833317e+00,7.660355e-10,1.282851e-08,1.282851e-10,2.693375e-10,5.250832e-09,5.250832e-11
6.835454e+00,7.574829e-10,1.273684e-08,1.273684e-10,2.639555e-10,5.154090e-09,5.154090e-11
6.837591e+00,7.497583e-10,1.263486e-08,1.263486e-10,2.601864e-10,5.041594e-09,5.041594e-11
6.839727e+00,7.432881e-10,1.254080e-08,1.254080e-10,2.571064e-10,4.927346e-09,4.927346e-11
6.841864e+00,7.369197e-10,1.246875e-08,1.246875e-10,2.527309e-10,4.815792e-09,4.815792e-11
6.844001e+00,7.308492e-10,1.241778e-08,1.241778e-10,2.479452e-10,4.715309e-09,4.715309e-11
6.846138e+00,7.259256e-10,1.237060e-08,1.237060e-10,2.446448e-10,4.615363e-09,4.615363e-11
6.848274e+00,7.215247e-10,1.232941e-08,1.232941e-10,2.420712e-10,4.507727e-09,4.507727e-11
6.850411e+00,7.173261e-10,1.231780e-08,1.231780e-10,2.386620e-10,4.402466e-09,4.402466e-11
6.852548e+00,7.153903e-10,1.236198e-08,1.236198e-10,2.356541e-10,4.322267e-09,4.322267e-11
6.854685e+00,7.172382e-10,1.245663e-08,1.245663e-10,2.350550e-10,4.269727e-09,4.269727e-11
6.856821e+00,7.207329e-10,1.257730e-08,1.257730e-10,2.356579e-10,4.218996e-09,4.218996e-11
6.858958e+00,7.236646e-10,1.272497e-08,1.272497e-10,2.351405e-10,4.156861e-09,4.156861e-11
6.861095e+00,7.282747e-10,1.292968e-08,1.292968e-10,2.346850e-10,4.112972e-09,4.112972e-11
6.863232e+00,7.380007e-10,1.321011e-08,1.321011e-10,2.371938e-10,4.117251e-09,4.117251e-11
6.865368e+00,7.509850e-10,1.354562e-08,1.354562e-10,2.417394e-10,4.155342e-09,4.155342e-11
6.867505e+00,7.613420e-10,1.389820e-08,1.389820e-10,2.443246e-10,4.184285e-09,4.184285e-11
6.869642e+00,7.677744e-10,1.426450e-08,1.426450e-10,2.445265e-10,4.202967e-09,4.202967e-11
6.871779e+00,7.761930e-10,1.468086e-08,1.468086e-10,2.466350e-10,4.258919e-09,4.258919e-11
6.873915e+00,7.911003e-10,1.515767e-08,1.515767e-10,2.525743e-10,4.367117e-09,4.367117e-11
6.876052e+00,8.087300e-10,1.566893e-08,1.566893e-10,2.585029e-10,4.495405e-09,4.495405e-11
6.878189e+00,8.229283e-10,1.616406e-08,1.616406e-10,2.612849e-10,4.595916e-09,4.595916e-11
6.880326e+00,8.341975e-10,1.663234e-08,1.663234e-10,2.638050e-10,4.698000e-09,4.698000e-11
6.882462e+00,8.478833e-10,1.710416e-08,1.710416e-10,2.699746e-10,4.832699e-09,4.832699e-11
6.884599e+00,8.659799e-10,1.759246e-08,1.759246e-10,2.782130e-10,5.007801e-09,5.007801e-11
6.886736e+00,8.852349e-10,1.807099e-08,1.807099e-10,2.843480e-10,5.170851e-09,5.170851e-11
6.888873e+00,9.020713e-10,1.850796e-08,1.850796e-10,2.883861e-10,5.310436e-09,5.310436e-11
6.891009e+00,9.156118e-10,1.887810e-08,1.887810e-10,2.936275e-10,5.441899e-09,5.441899e-11
6.893146e+00,9.261775e-10,1.918380e-08,1.918380e-10,3.003893e-10,5.583181e-09,5.583181e-11
6.895283e+00,9.339075e-10,1.944310e-08,1.944310e-10,3.053254e-10,5.720850e-09,5.720850e-11
6.897420e+00,9.397986e-10,1.964601e-08,1.964601e-10,3.071455e-10,5.819953e-09,5.819953e-11
6.899556e+00,9.457439e-10,1.978267e-08,1.978267e-10,3.087734e-10,5.884377e-09,5.884377e-11
6.901693e+00,9.515674e-10,1.985594e-08,1.985594e-10,3.122681e-10,5.927132e-09,5.927132e-11
6.903830e+00,9.542322e-10,1.986755e-08,1.986755e-10,3.153024e-10,5.970023e-09,5.970023e-11
6.905967e+00,9.520113e-10,1.981734e-08,1.981734e-10,3.150966e-10,5.996421e-09,5.996421e-11
6.908103e+00,9.475119e-10,1.970712e-08,1.970712e-10,3.128844e-10,5.997907e-09,5.997907e-11
6.910240e+00,9.445291e-10,1.954090e-08,1.954090e-10,3.117852e-10,5.974312e-09,5.974312e-11
6.912377e+00,9.436537e-10,1.933906e-08,1.933906e-10,3.124115e-10,5.947182e-09,5.947182e-11
6.914514e+00,9.428381e-10,1.911871e-08,1.911871e-10,3.129986e-10,5.932564e-09,5.932564e-11
6.916650e+00,9.405532e-10,1.887732e-08,1.887732e-10,3.124962e-10,5.918331e-09,5.918331e-11
6.918787e+00,9.370895e-10,1.860348e-08,1.860348e-10,3.116424e-10,5.887625e-09,5.887625e-11
6.920924e+00,9.332304e-10,1.829469e-08,1.829469e-10,3.113694e-10,5.833478e-09,5.833478e-11
6.923061e+00,9.286979e-10,1.796922e-08,1.796922e-10,3.114926e-10,5.776792e-09,5.776792e-11
6.925197e+00,9.225110e-10,1.764610e-08,1.764610e-10,3.111018e-10,5.729840e-09,5.729840e-11
6.927334e+00,9.144353e-10,1.732606e-08,1.732606e-10,3.095944e-10,5.679044e-09,5.679044e-11
6.929471e+00,9.057496e-10,1.700193e-08,1.700193e-10,3.073664e-10,5.603985e-09,5.603985e-11
6.931608e+00,8.982126e-10,1.667912e-08,1.667912e-10,3.055194e-10,5.506607e-09,5.506607e-11
6.933744e+00,8.922118e-10,1.637253e-08,1.637253e-10,3.045633e-10,5.412198e-09,5.412198e-11
6.935881e+00,8.858650e-10,1.608023e-08,1.608023e-10,3.033168e-10,5.328693e-09,5.328693e-11
6.938018e+00,8.769826e-10,1.578146e-08,1.578146e-10,3.000671e-10,5.233506e-09,5.233506e-11
6.940155e+00,8.665621e-10,1.546889e-08,1.546889e-10,2.953762e-10,5.110709e-09,5.110709e-11
6.942291e+00,8.581223e-10,1.516697e-08,1.516697e-10,2.918707e-10,4.975988e-09,4.975988e-11
6.944428e+00,8.527788e-10,1.491333e-08,1.491333e-10,2.902617e-10,4.867856e-09,4.867856e-11
6.946565e+00,8.471563e-10,1.471384e-08,1.471384e-10,2.879158e-10,4.788420e-09,4.788420e-11
6.948702e+00,8.377678e-10,1.452808e-08,1.452808e-10,2.829313e-10,4.705844e-09,4.705844e-11
6.950838e+00,8.255154e-10,1.431683e-08,1.431683e-10,2.771622e-10,4.601604e-09,4.601604e-11
6.952975e+00,8.141104e-10,1.409201e-08,1.409201e-10,2.731653e-10,4.487838e-09,4.487838e-11
6.955112e+00,8.057290e-10,1.390621e-08,1.390621e-10,2.703753e-10,4.404960e-09,4.404960e-11
6.957249e+00,7.998187e-10,1.378942e-08,1.378942e-10,2.668671e-10,4.345197e-09,4.345197e-11
6.959385e+00,7.955947e-10,1.372194e-08,1.372194e-10,2.633653e-10,4.300522e-09,4.300522e-11
6.961522e+00,7.931287e-10,1.366719e-08,1.366719e-10,2.620946e-10,4.248812e-09,4.248812e-11
6.963659e+00,7.916304e-10,1.361022e-08,1.361022e-10,2.623266e-10,4.198322e-09,4.198322e-11
6.965796e+00,7.895229e-10,1.353950e-08,1.353950e-10,2.608446e-10,4.148563e-09,4.148563e-11
6.967932e+00,7.870114e-10,1.346441e-08,1.346441e-10,2.571893e-10,4.096300e-09,4.096300e-11
6.970069e+00,7.859555e-10,1.339706e-08,1.339706e-10,2.546677e-10,4.053133e-09,4.053133e-11
6.972206e+00,7.863241e-10,1.333410e-08,1.333410e-10,2.548216e-10,4.006099e-09,4.006099e-11
6.974342e+00,7.862454e-10,1.329638e-08,1.329638e-10,2.549755e-10,3.973609e-09,3.973609e-11
6.976479e+00,7.861263e-10,1.329372e-08,1.329372e-10,2.533153e-10,3.945239e-09,3.945239e-11
6.978616e+00,7.886432e-10,1.328977e-08,1.328977e-10,2.522395e-10,3.933439e-09,3.933439e-11
6.980753e+00,7.935011e-10,1.323360e-08,1.323360e-10,2.538230e-10,3.906999e-09,3.906999e-11
6.982889e+00,7.961812e-10,1.312986e-08,1.312986e-10,2.556313e-10,3.863358e-09,3.863358e-11
6.985026e+00,7.945605e-10,1.302609e-08,1.302609e-10,2.547715e-10,3.810771e-09,3.810771e-11
6.987163e+00,7.934330e-10,1.298936e-08,1.298936e-10,2.533116e-10,3.789141e-09,3.789141e-11
6.989300e+00,7.983525e-10,1.303399e-08,1.303399e-10,2.551665e-10,3.811214e-09,3.811214e-11
6.991436e+00,8.067439e-10,1.310270e-08,1.310270e-10,2.591310e-10,3.839969e-09,3.839969e-11
6.993573e+00,8.106456e-10,1.311200e-08,1.311200e-10,2.601894e-10,3.834060e-09,3.834060e-11
6.995710e+00,8.082540e-10,1.304177e-08,1.304177e-10,2.575698e-10,3.789983e-09,3.789983e-11
6.997847e+00,8.067735e-10,1.297022e-08,1.297022e-10,2.562171e-10,3.764648e-09,3.764648e-11
6.999983e+00,8.122479e-10,1.297155e-08,1.297155e-10,2.590662e-10,3.772759e-09,3.772759e-11
7.002120e+00,8.220311e-10,1.306803e-08,1.306803e-10,2.628074e-10,3.807136e-09,3.807136e-11
7.004257e+00,8.301379e-10,1.322136e-08,1.322136e-10,2.638738e-10,3.834265e-09,3.834265e-11
7.006394e+00,8.350783e-10,1.337092e-08,1.337092e-10,2.639586e-10,3.871834e-09,3.871834e-11
7.008530e+00,8.388011e-10,1.346123e-08,1.346123e-10,2.658999e-10,3.907639e-09,3.907639e-11
7.010667e+00,8.414014e-10,1.351659e-08,1.351659e-10,2.679488e-10,3.942916e-09,3.942916e-11
7.012804e+00,8.420173e-10,1.360698e-08,1.360698e-10,2.670429e-10,3.966629e-09,3.966629e-11
7.014941e+00,8.436618e-10,1.379765e-08,1.379765e-10,2.653124e-10,4.016465e-09,4.016465e-11
7.017077e+00,8.510353e-10,1.410656e-08,1.410656e-10,2.676304e-10,4.121391e-09,4.121391e-11
7.019214e+00,8.631862e-10,1.448575e-08,1.448575e-10,2.736293e-10,4.265546e-09,4.265546e-11
7.021351e+00,8.736649e-10,1.485623e-08,1.485623e-10,2.777422e-10,4.399818e-09,4.399818e-11
7.023488e+00,8.795037e-10,1.517186e-08,1.517186e-10,2.777990e-10,4.489369e-09,4.489369e-11
7.025624e+00,8.849408e-10,1.548380e-08,1.548380e-10,2.781739e-10,4.584324e-09,4.584324e-11
7.027761e+00,8.941031e-10,1.585785e-08,1.585785e-10,2.824158e-10,4.709093e-09,4.709093e-11
7.029898e+00,9.050120e-10,1.632001e-08,1.632001e-10,2.876812e-10,4.874497e-09,4.874497e-11
7.032035e+00,9.136502e-10,1.684264e-08,1.684264e-10,2.897350e-10,5.034262e-09,5.034262e-11
7.034171e+00,9.206168e-10,1.737020e-08,1.737020e-10,2.899104e-10,5.189406e-09,5.189406e-11
7.036308e+00,9.293823e-10,1.784408e-08,1.784408e-10,2.924878e-10,5.332270e-09,5.332270e-11
7.038445e+00,9.394348e-10,1.825348e-08,1.825348e-10,2.970838e-10,5.464535e-09,5.464535e-11
7.040582e+00,9.464603e-10,1.863217e-08,1.863217e-10,2.991412e-10,5.580153e-09,5.580153e-11
7.042718e+00,9.499881e-10,1.901493e-08,1.901493e-10,2.978405e-10,5.679620e-09,5.679620e-11
7.044855e+00,9.556081e-10,1.942115e-08,1.942115e-10,2.979505e-10,5.793109e-09,5.793109e-11
7.046992e+00,9.664897e-10,1.982551e-08,1.982551e-10,3.021287e-10,5.909714e-09,5.909714e-11
7.049129e+00,9.775520e-10,2.017538e-08,2.017538e-10,3.063496e-10,6.016916e-09,6.016916e-11
7.051265e+00,9.819813e-10,2.041780e-08,2.041780e-10,3.059510e-10,6.069992e-09,6.069992e-11
7.053402e+00,9.801876e-10,2.055459e-08,2.055459e-10,3.026417e-10,6.088155e-09,6.088155e-11
7.055539e+00,9.785251e-10,2.063078e-08,2.063078e-10,3.016526e-10,6.094090e-09,6.094090e-11
7.057676e+00,9.808362e-10,2.068792e-08,2.068792e-10,3.039101e-10,6.104176e-09,6.104176e-11
7.059812e+00,9.849850e-10,2.073096e-08,2.073096e-10,3.054262e-10,6.107747e-09,6.107747e-11
7.061949e+00,9.870961e-10,2.072729e-08,2.072729e-10,3.038989e-10,6.081749e-09,6.081749e-11
7.064086e+00,9.859955e-10,2.063131e-08,2.063131e-10,3.016920e-10,6.036409e-09,6.036409e-11
7.066223e+00,9.824608e-10,2.042375e-08,2.042375e-10,3.011146e-10,5.962274e-09,5.962274e-11
7.068359e+00,9.769199e-10,2.014019e-08,2.014019e-10,3.004234e-10,5.874367e-09,5.874367e-11
7.070496e+00,9.703954e-10,1.982732e-08,1.982732e-10,2.972808e-10,5.765581e-09,5.765581e-11
7.072633e+00,9.653866e-10,1.951507e-08,1.951507e-10,2.933167e-10,5.656123e-09,5.656123e-11
7.074770e+00,9.629850e-10,1.919830e-08,1.919830e-10,2.917916e-10,5.556153e-09,5.556153e-11
7.076906e+00,9.604367e-10,1.885062e-08,1.885062e-10,2.923435e-10,5.457147e-09,5.457147e-11
7.079043e+00,9.542533e-10,1.845604e-08,1.845604e-10,2.913963e-10,5.349542e-09,5.349542e-11
7.081180e+00,9.448116e-10,1.802750e-08,1.802750e-10,2.875352e-10,5.219249e-09,5.219249e-11
7.083317e+00,9.355739e-10,1.760030e-08,1.760030e-10,2.835323e-10,5.095700e-09,5.095700e-11
7.085453e+00,9.283529e-10,1.720143e-08,1.720143e-10,2.820105e-10,4.988956e-09,4.988956e-11
7.087590e+00,9.214516e-10,1.684145e-08,1.684145e-10,2.816504e-10,4.904120e-09,4.904120e-11
7.089727e+00,9.130872e-10,1.651334e-08,1.651334e-10,2.796959e-10,4.824599e-09,4.824599e-11
7.091864e+00,9.044521e-10,1.620936e-08,1.620936e-10,2.762484e-10,4.745081e-09,4.745081e-11
7.094000e+00,8.976720e-10,1.592805e-08,1.592805e-10,2.736971e-10,4.676012e-09,4.676012e-11
7.096137e+00,8.923530e-10,1.567836e-08,1.567836e-10,2.728225e-10,4.616521e-09,4.616521e-11
7.098274e+00,8.864486e-10,1.547451e-08,1.547451e-10,2.719031e-10,4.570333e-09,4.570333e-11
7.100411e+00,8.796422e-10,1.532433e-08,1.532433e-10,2.696866e-10,4.529365e-09,4.529365e-11
7.102547e+00,8.735377e-10,1.522350e-08,1.522350e-10,2.670572e-10,4.496559e-09,4.496559e-11
7.104684e+00,8.688757e-10,1.515496e-08,1.515496e-10,2.653508e-10,4.470857e-09,4.470857e-11
7.106821e+00,8.642526e-10,1.510672e-08,1.510672e-10,2.643682e-10,4.449432e-09,4.449432e-11
7.108958e+00,8.581201e-10,1.507645e-08,1.507645e-10,2.627541e-10,4.430343e-09,4.430343e-11
7.111094e+00,8.510855e-10,1.506775e-08,1.506775e-10,2.600586e-10,4.410156e-09,4.410156e-11
7.113231e+00,8.450904e-10,1.508078e-08,1.508078e-10,2.573585e-10,4.395295e-09,4.395295e-11
7.115368e+00,8.406091e-10,1.510267e-08,1.510267e-10,2.555361e-10,4.384375e-09,4.384375e-11
7.117505e+00,8.359272e-10,1.511468e-08,1.511468e-10,2.541050e-10,4.371146e-09,4.371146e-11
7.119641e+00,8.294645e-10,1.510563e-08,1.510563e-10,2.520479e-10,4.351686e-09,4.351686e-11
7.121778e+00,8.216399e-10,1.507897e-08,1.507897e-10,2.491350e-10,4.326246e-09,4.326246e-11
7.123915e+00,8.141500e-10,1.504486e-08,1.504486e-10,2.462391e-10,4.302217e-09,4.302217e-11
7.126052e+00,8.080687e-10,1.500884e-08,1.500884e-10,2.443082e-10,4.283033e-09,4.283033e-11
7.128188e+00,8.029021e-10,1.496652e-08,1.496652e-10,2.431541e-10,4.267635e-09,4.267635e-11
7.130325e+00,7.974921e-10,1.490311e-08,1.490311e-10,2.416599e-10,4.247602e-09,4.247602e-11
7.132462e+00,7.917948e-10,1.480488e-08,1.480488e-10,2.393768e-10,4.215248e-09,4.215248e-11
7.134599e+00,7.870781e-10,1.467224e-08,1.467224e-10,2.372553e-10,4.174392e-09,4.174392e-11
7.136735e+00,7.840050e-10,1.451984e-08,1.451984e-10,2.360323e-10,4.130136e-09,4.130136e-11
7.138872e+00,7.818100e-10,1.436211e-08,1.436211e-10,2.349609e-10,4.084798e-09,4.084798e-11
7.141009e+00,7.797083e-10,1.420320e-08,1.420320e-10,2.331950e-10,4.035390e-09,4.035390e-11
7.143146e+00,7.778136e-10,1.403664e-08,1.403664e-10,2.312308e-10,3.983699e-09,3.983699e-11
7.145282e+00,7.761103e-10,1.385150e-08,1.385150e-10,2.298722e-10,3.928212e-09,3.928212e-11
7.147419e+00,7.737357e-10,1.364719e-08,1.364719e-10,2.287246e-10,3.866910e-09,3.866910e-11
7.149556e+00,7.704522e-10,1.343595e-08,1.343595e-10,2.269736e-10,3.800164e-09,3.800164e-11
7.151693e+00,7.680413e-10,1.323568e-08,1.323568e-10,2.253520e-10,3.735713e-09,3.735713e-11
7.153829e+00,7.687260e-10,1.305273e-08,1.305273e-10,2.256750e-10,3.682925e-09,3.682925e-11
7.155966e+00,7.721026e-10,1.288963e-08,1.288963e-10,2.280112e-10,3.643916e-09,3.643916e-11
7.158103e+00,7.756781e-10,1.274705e-08,1.274705e-10,2.304145e-10,3.612766e-09,3.612766e-11
7.160239e+00,7.785774e-10,1.262152e-08,1.262152e-10,2.320543e-10,3.585355e-09,3.585355e-11
7.162376e+00,7.818814e-10,1.250915e-08,1.250915e-10,2.342961e-10,3.568153e-09,3.568153e-11
7.164513e+00,7.850247e-10,1.240243e-08,1.240243e-10,2.376234e-10,3.564208e-09,3.564208e-11
7.166650e+00,7.853103e-10,1.230037e-08,1.230037e-10,2.400140e-10,3.569927e-09,3.569927e-11
7.168786e+00,7.827231e-10,1.221622e-08,1.221622e-10,2.404997e-10,3.578247e-09,3.578247e-11
7.170923e+00,7.817423e-10,1.217424e-08,1.217424e-10,2.415988e-10,3.604548e-09,3.604548e-11
7.173060e+00,7.857660e-10,1.217753e-08,1.217753e-10,2.454998e-10,3.649026e-09,3.649026e-11
7.175197e+00,7.922619e-10,1.221387e-08,1.221387e-10,2.501948e-10,3.706591e-09,3.706591e-11
7.177333e+00,7.965199e-10,1.225905e-08,1.225905e-10,2.525337e-10,3.751175e-09,3.751175e-11
7.179470e+00,7.988424e-10,1.231211e-08,1.231211e-10,2.536153e-10,3.797649e-09,3.797649e-11
7.181607e+00,8.037561e-10,1.238892e-08,1.238892e-10,2.570902e-10,3.856985e-09,3.856985e-11
7.183744e+00,8.124815e-10,1.249506e-08,1.249506e-10,2.627503e-10,3.934510e-09,3.934510e-11
7.185880e+00,8.209009e-10,1.261617e-08,1.261617e-10,2.665299e-10,4.004468e-09,4.004468e-11
7.188017e+00,8.258979e-10,1.273233e-08,1.273233e-10,2.672658e-10,4.058979e-09,4.058979e-11
7.190154e+00,8.291586e-10,1.283827e-08,1.283827e-10,2.685731e-10,4.123475e-09,4.123475e-11
7.192291e+00,8.327293e-10,1.293280e-08,1.293280e-10,2.723182e-10,4.193449e-09,4.193449e-11
7.194427e+00,8.352189e-10,1.302201e-08,1.302201e-10,2.750538e-10,4.263931e-09,4.263931e-11
7.196564e+00,8.351124e-10,1.310183e-08,1.310183e-10,2.740581e-10,4.296254e-09,4.296254e-11
7.198701e+00,8.345055e-10,1.317838e-08,1.317838e-10,2.725541e-10,4.329390e-09,4.329390e-11
7.200838e+00,8.360133e-10,1.325313e-08,1.325313e-10,2.745061e-10,4.364877e-09,4.364877e-11
7.202974e+00,8.381929e-10,1.333374e-08,1.333374e-10,2.777613e-10,4.410984e-09,4.410984e-11
7.205111e+00,8.380307e-10,1.341698e-08,1.341698e-10,2.776027e-10,4.429667e-09,4.429667e-11
7.207248e+00,8.362189e-10,1.350435e-08,1.350435e-10,2.747523e-10,4.432547e-09,4.432547e-11
7.209385e+00,8.356453e-10,1.359843e-08,1.359843e-10,2.739905e-10,4.447313e-09,4.447313e-11
7.211521e+00,8.358615e-10,1.369893e-08,1.369893e-10,2.757459e-10,4.471004e-09,4.471004e-11
7.213658e+00,8.342106e-10,1.380622e-08,1.380622e-10,2.755931e-10,4.491590e-09,4.491590e-11
7.215795e+00,8.318741e-10,1.392022e-08,1.392022e-10,2.724439e-10,4.486545e-09,4.486545e-11
7.217932e+00,8.329834e-10,1.404404e-08,1.404404e-10,2.706151e-10,4.493068e-09,4.493068e-11
7.220068e+00,8.372979e-10,1.416927e-08,1.416927e-10,2.722433e-10,4.504867e-09,4.504867e-11
7.222205e+00,8.393220e-10,1.428501e-08,1.428501e-10,2.734358e-10,4.520483e-09,4.520483e-11
7.224342e+00,8.364087e-10,1.438313e-08,1.438313e-10,2.708602e-10,4.513395e-09,4.513395e-11
7.226479e+00,8.329526e-10,1.447490e-08,1.447490e-10,2.673866e-10,4.506126e-09,4.506126e-11
7.228615e+00,8.336433e-10,1.456609e-08,1.456609e-10,2.669896e-10,4.506156e-09,4.506156e-11
7.230752e+00,8.365382e-10,1.465990e-08,1.465990e-10,2.681074e-10,4.511909e-09,4.511909e-11
7.232889e+00,8.371140e-10,1.474272e-08,1.474272e-10,2.670113e-10,4.506440e-09,4.506440e-11
7.235026e+00,8.361082e-10,1.480799e-08,1.480799e-10,2.645527e-10,4.496070e-09,4.496070e-11
7.237162e+00,8.379658e-10,1.486703e-08,1.486703e-10,2.643469e-10,4.493196e-09,4.493196e-11
7.239299e+00,8.435913e-10,1.493366e-08,1.493366e-10,2.662403e-10,4.498779e-09,4.498779e-11
7.241436e+00,8.501486e-10,1.500934e-08,1.500934e-10,2.670806e-10,4.501145e-09,4.501145e-11
7.243573e+00,8.564949e-10,1.509466e-08,1.509466e-10,2.668257e-10,4.503482e-09,4.503482e-11
7.245709e+00,8.633374e-10,1.517248e-08,1.517248e-10,2.680467e-10,4.514433e-09,4.514433e-11
7.247846e+00,8.693777e-10,1.523284e-08,1.523284e-10,2.703442e-10,4.535380e-09,4.535380e-11
7.249983e+00,8.724544e-10,1.529218e-08,1.529218e-10,2.708744e-10,4.555656e-09,4.555656e-11
7.252120e+00,8.737036e-10,1.536131e-08,1.536131e-10,2.698110e-10,4.576998e-09,4.576998e-11
7.254256e+00,8.760088e-10,1.543657e-08,1.543657e-10,2.701746e-10,4.603840e-09,4.603840e-11
7.256393e+00,8.783950e-10,1.550501e-08,1.550501e-10,2.719389e-10,4.639190e-09,4.639190e-11
7.258530e+00,8.768200e-10,1.554952e-08,1.554952e-10,2.715575e-10,4.667584e-09,4.667584e-11
7.260667e+00,8.714861e-10,1.557121e-08,1.557121e-10,2.687595e-10,4.683672e-09,4.683672e-11
7.262803e+00,8.682026e-10,1.559371e-08,1.559371e-10,2.680129e-10,4.709463e-09,4.709463e-11
7.264940e+00,8.696960e-10,1.562036e-08,1.562036e-10,2.707115e-10,4.740636e-09,4.740636e-11
7.267077e+00,8.706166e-10,1.563896e-08,1.563896e-10,2.719123e-10,4.767999e-09,4.767999e-11
7.269214e+00,8.655773e-10,1.562268e-08,1.562268e-10,2.684164e-10,4.757936e-09,4.757936e-11
7.271350e+00,8.571276e-10,1.557435e-08,1.557435e-10,2.644550e-10,4.751759e-09,4.751759e-11
7.273487e+00,8.508285e-10,1.551270e-08,1.551270e-10,2.645176e-10,4.748719e-09,4.748719e-11
7.275624e+00,8.469476e-10,1.545454e-08,1.545454e-10,2.655611e-10,4.757541e-09,4.757541e-11
7.277761e+00,8.424343e-10,1.539419e-08,1.539419e-10,2.627684e-10,4.726464e-09,4.726464e-11
7.279897e+00,8.372965e-10,1.533053e-08,1.533053e-10,2.584713e-10,4.693590e-09,4.693590e-11
7.282034e+00,8.330483e-10,1.524546e-08,1.524546e-10,2.578294e-10,4.671202e-09,4.671202e-11
7.284171e+00,8.276639e-10,1.513102e-08,1.513102e-10,2.591867e-10,4.658336e-09,4.658336e-11
7.286308e+00,8.181830e-10,1.499206e-08,1.499206e-10,2.565743e-10,4.616604e-09,4.616604e-11
7.288444e+00,8.073615e-10,1.484591e-08,1.484591e-10,2.504898e-10,4.545880e-09,4.545880e-11
7.290581e+00,8.012928e-10,1.471156e-08,1.471156e-10,2.479111e-10,4.506079e-09,4.506079e-11
7.292718e+00,7.997694e-10,1.458697e-08,1.458697e-10,2.505064e-10,4.487941e-09,4.487941e-11
7.294855e+00,7.959463e-10,1.445822e-08,1.445822e-10,2.515642e-10,4.474198e-09,4.474198e-11
7.296991e+00,7.873579e-10,1.431082e-08,1.431082e-10,2.474334e-10,4.412821e-09,4.412821e-11
7.299128e+00,7.800223e-10,1.416783e-08,1.416783e-10,2.435553e-10,4.368792e-09,4.368792e-11
7.301265e+00,7.783502e-10,1.404933e-08,1.404933e-10,2.448950e-10,4.348275e-09,4.348275e-11
7.303402e+00,7.784652e-10,1.397117e-08,1.397117e-10,2.477580e-10,4.358592e-09,4.358592e-11
7.305538e+00,7.762280e-10,1.392276e-08,1.392276e-10,2.469200e-10,4.344696e-09,4.344696e-11
7.307675e+00,7.751307e-10,1.391449e-08,1.391449e-10,2.450118e-10,4.338909e-09,4.338909e-11
7.309812e+00,7.802644e-10,1.394385e-08,1.394385e-10,2.475429e-10,4.358883e-09,4.358883e-11
7.311949e+00,7.891314e-10,1.400477e-08,1.400477e-10,2.529622e-10,4.404917e-09,4.404917e-11
7.314085e+00,7.954374e-10,1.407956e-08,1.407956e-10,2.556105e-10,4.440159e-09,4.440159e-11
7.316222e+00,7.995116e-10,1.416990e-08,1.416990e-10,2.556415e-10,4.465262e-09,4.465262e-11
7.318359e+00,8.075873e-10,1.428905e-08,1.428905e-10,2.582718e-10,4.503995e-09,4.503995e-11
7.320496e+00,8.211496e-10,1.444220e-08,1.444220e-10,2.642945e-10,4.563173e-09,4.563173e-11
7.322632e+00,8.343893e-10,1.461790e-08,1.461790e-10,2.688559e-10,4.626434e-09,4.626434e-11
7.324769e+00,8.435096e-10,1.479201e-08,1.479201e-10,2.702854e-10,4.677082e-09,4.677082e-11
7.326906e+00,8.514338e-10,1.495944e-08,1.495944e-10,2.725782e-10,4.731911e-09,4.731911e-11
7.329043e+00,8.615415e-10,1.513060e-08,1.513060e-10,2.776397e-10,4.792544e-09,4.792544e-11
7.331179e+00,8.732121e-10,1.532760e-08,1.532760e-10,2.823864e-10,4.863601e-09,4.863601e-11
7.333316e+00,8.853634e-10,1.555293e-08,1.555293e-10,2.853462e-10,4.930175e-09,4.930175e-11
7.335453e+00,8.986418e-10,1.579879e-08,1.579879e-10,2.895767e-10,5.013313e-09,5.013313e-11
7.337590e+00,9.120721e-10,1.602989e-08,1.602989e-10,2.964803e-10,5.097525e-09,5.097525e-11
7.339726e+00,9.224856e-10,1.623882e-08,1.623882e-10,3.023139e-10,5.181866e-09,5.181866e-11
7.341863e+00,9.297300e-10,1.644305e-08,1.644305e-10,3.046048e-10,5.247612e-09,5.247612e-11
7.344000e+00,9.384700e-10,1.665731e-08,1.665731e-10,3.069869e-10,5.323199e-09,5.323199e-11
7.346136e+00,9.513009e-10,1.687590e-08,1.687590e-10,3.127900e-10,5.403218e-09,5.403218e-11
7.348273e+00,9.632451e-10,1.707486e-08,1.707486e-10,3.185418e-10,5.478323e-09,5.478323e-11
7.350410e+00,9.678391e-10,1.721835e-08,1.721835e-10,3.193411e-10,5.520418e-09,5.520418e-11
7.352547e+00,9.663004e-10,1.730872e-08,1.730872e-10,3.169260e-10,5.545036e-09,5.545036e-11
7.354683e+00,9.651159e-10,1.737321e-08,1.737321e-10,3.164486e-10,5.568085e-09,5.568085e-11
7.356820e+00,9.663438e-10,1.742097e-08,1.742097e-10,3.177481e-10,5.587295e-09,5.587295e-11
7.358957e+00,9.664687e-10,1.745018e-08,1.745018e-10,3.165087e-10,5.589133e-09,5.589133e-11
7.361094e+00,9.632358e-10,1.745149e-08,1.745149e-10,3.124253e-10,5.573779e-09,5.573779e-11
7.363230e+00,9.575092e-10,1.741229e-08,1.741229e-10,3.091786e-10,5.557056e-09,5.557056e-11
7.365367e+00,9.496611e-10,1.733479e-08,1.733479e-10,3.073745e-10,5.535842e-09,5.535842e-11
7.367504e+00,9.394895e-10,1.723008e-08,1.723008e-10,3.039902e-10,5.503348e-09,5.503348e-11
7.369641e+00,9.289927e-10,1.711026e-08,1.711026e-10,2.985294e-10,5.455476e-09,5.455476e-11
7.371777e+00,9.205778e-10,1.698882e-08,1.698882e-10,2.941466e-10,5.408857e-09,5.408857e-11
7.373914e+00,9.128700e-10,1.686727e-08,1.686727e-10,2.918565e-10,5.368822e-09,5.368822e-11
7.376051e+00,9.023013e-10,1.673960e-08,1.673960e-10,2.887592e-10,5.328506e-09,5.328506e-11
7.378188e+00,8.888450e-10,1.660221e-08,1.660221e-10,2.836621e-10,5.278499e-09,5.278499e-11
7.380324e+00,8.760789e-10,1.645202e-08,1.645202e-10,2.790803e-10,5.222459e-09,5.222459e-11
7.382461e+00,8.648328e-10,1.629565e-08,1.629565e-10,2.758452e-10,5.166450e-09,5.166450e-11
7.384598e+00,8.519484e-10,1.614253e-08,1.614253e-10,2.714358e-10,5.107257e-09,5.107257e-11
7.386735e+00,8.369815e-10,1.599657e-08,1.599657e-10,2.655447e-10,5.045498e-09,5.045498e-11
7.388871e+00,8.242788e-10,1.586116e-08,1.586116e-10,2.616953e-10,4.989725e-09,4.989725e-11
7.391008e+00,8.156790e-10,1.573369e-08,1.573369e-10,2.606934e-10,4.942265e-09,4.942265e-11
7.393145e+00,8.070682e-10,1.560284e-08,1.560284e-10,2.581638e-10,4.886999e-09,4.886999e-11
7.395282e+00,7.960340e-10,1.545482e-08,1.545482e-10,2.524019e-10,4.805576e-09,4.805576e-11
7.397418e+00,7.868559e-10,1.530253e-08,1.530253e-10,2.483372e-10,4.735927e-09,4.735927e-11
7.399555e+00,7.831968e-10,1.515306e-08,1.515306e-10,2.489566e-10,4.679938e-09,4.679938e-11
7.401692e+00,7.813016e-10,1.501248e-08,1.501248e-10,2.492809e-10,4.641777e-09,4.641777e-11
7.403829e+00,7.761850e-10,1.486028e-08,1.486028e-10,2.446627e-10,4.550594e-09,4.550594e-11
7.405965e+00,7.701992e-10,1.470149e-08,1.470149e-10,2.395513e-10,4.476421e-09,4.476421e-11
7.408102e+00,7.682020e-10,1.452813e-08,1.452813e-10,2.402956e-10,4.423155e-09,4.423155e-11
7.410239e+00,7.677879e-10,1.434388e-08,1.434388e-10,2.433066e-10,4.416693e-09,4.416693e-11
7.412376e+00,7.630054e-10,1.413404e-08,1.413404e-10,2.404831e-10,4.339909e-09,4.339909e-11
7.414512e+00,7.557539e-10,1.391555e-08,1.391555e-10,2.338769e-10,4.232012e-09,4.232012e-11
7.416649e+00,7.535816e-10,1.370631e-08,1.370631e-10,2.331062e-10,4.178180e-09,4.178180e-11
7.418786e+00,7.563502e-10,1.349869e-08,1.349869e-10,2.387839e-10,4.183716e-09,4.183716e-11
7.420923e+00,7.557672e-10,1.327886e-08,1.327886e-10,2.408182e-10,4.178125e-09,4.178125e-11
7.423059e+00,7.496441e-10,1.303289e-08,1.303289e-10,2.353797e-10,4.051477e-09,4.051477e-11
7.425196e+00,7.461484e-10,1.281069e-08,1.281069e-10,2.316423e-10,3.988380e-09,3.988380e-11
7.427333e+00,7.498530e-10,1.261840e-08,1.261840e-10,2.360791e-10,3.977528e-09,3.977528e-11
7.429470e+00,7.533077e-10,1.244857e-08,1.244857e-10,2.413360e-10,4.033442e-09,4.033442e-11
7.431606e+00,7.493487e-10,1.224880e-08,1.224880e-10,2.391471e-10,3.959572e-09,3.959572e-11
7.433743e+00,7.435760e-10,1.207212e-08,1.207212e-10,2.346937e-10,3.905444e-09,3.905444e-11
7.435880e+00,7.454103e-10,1.194588e-08,1.194588e-10,2.377079e-10,3.922346e-09,3.922346e-11
7.438017e+00,7.522909e-10,1.187340e-08,1.187340e-10,2.456940e-10,4.016594e-09,4.016594e-11
7.440153e+00,7.539263e-10,1.180159e-08,1.180159e-10,2.481328e-10,4.048821e-09,4.048821e-11
7.442290e+00,7.493648e-10,1.171781e-08,1.171781e-10,2.444190e-10,4.011488e-09,4.011488e-11
7.444427e+00,7.478034e-10,1.165799e-08,1.165799e-10,2.442587e-10,4.035058e-09,4.035058e-11
7.446564e+00,7.529298e-10,1.163543e-08,1.163543e-10,2.504896e-10,4.089541e-09,4.089541e-11
7.448700e+00,7.582161e-10,1.164000e-08,1.164000e-10,2.548128e-10,4.140530e-09,4.140530e-11
7.450837e+00,7.595697e-10,1.163989e-08,1.163989e-10,2.527290e-10,4.094962e-09,4.094962e-11
7.452974e+00,7.616286e-10,1.167057e-08,1.167057e-10,2.507783e-10,4.084454e-09,4.084454e-11
7.455111e+00,7.676684e-10,1.172045e-08,1.172045e-10,2.543236e-10,4.100798e-09,4.100798e-11
7.457247e+00,7.728134e-10,1.179331e-08,1.179331e-10,2.583254e-10,4.155449e-09,4.155449e-11
7.459384e+00,7.730613e-10,1.186403e-08,1.186403e-10,2.571691e-10,4.163348e-09,4.163348e-11
7.461521e+00,7.734204e-10,1.196000e-08,1.196000e-10,2.550468e-10,4.197156e-09,4.197156e-11
7.463658e+00,7.797740e-10,1.208130e-08,1.208130e-10,2.583112e-10,4.270891e-09,4.270891e-11
7.465794e+00,7.884392e-10,1.221983e-08,1.221983e-10,2.642449e-10,4.381749e-09,4.381749e-11
7.467931e+00,7.919158e-10,1.234827e-08,1.234827e-10,2.660647e-10,4.471770e-09,4.471770e-11
7.470068e+00,7.911860e-10,1.247127e-08,1.247127e-10,2.647500e-10,4.552600e-09,4.552600e-11
7.472205e+00,7.935555e-10,1.260610e-08,1.260610e-10,2.668171e-10,4.653912e-09,4.653912e-11
7.474341e+00,8.003824e-10,1.274688e-08,1.274688e-10,2.725055e-10,4.765271e-09,4.765271e-11
7.476478e+00,8.059338e-10,1.288331e-08,1.288331e-10,2.757562e-10,4.859281e-09,4.859281e-11
7.478615e+00,8.079394e-10,1.300483e-08,1.300483e-10,2.752333e-10,4.919737e-09,4.919737e-11
7.480752e+00,8.107541e-10,1.312578e-08,1.312578e-10,2.761118e-10,4.982212e-09,4.982212e-11
7.482888e+00,8.165565e-10,1.324166e-08,1.324166e-10,2.802423e-10,5.039471e-09,5.039471e-11
7.485025e+00,8.211698e-10,1.334995e-08,1.334995e-10,2.828248e-10,5.086393e-09,5.086393e-11
7.487162e+00,8.216188e-10,1.343828e-08,1.343828e-10,2.811633e-10,5.097097e-09,5.097097e-11
7.489299e+00,8.213061e-10,1.351285e-08,1.351285e-10,2.794042e-10,5.105356e-09,5.105356e-11
7.491435e+00,8.238094e-10,1.357180e-08,1.357180e-10,2.808970e-10,5.108564e-09,5.108564e-11
7.493572e+00,8.266975e-10,1.361532e-08,1.361532e-10,2.824091e-10,5.108077e-09,5.108077e-11
7.495709e+00,8.259978e-10,1.363977e-08,1.363977e-10,2.802906e-10,5.079003e-09,5.079003e-11
7.497846e+00,8.226627e-10,1.365085e-08,1.365085e-10,2.767871e-10,5.041616e-09,5.041616e-11
7.499982e+00,8.203074e-10,1.365556e-08,1.365556e-10,2.756841e-10,5.002032e-09,5.002032e-11
7.502119e+00,8.195622e-10,1.365813e-08,1.365813e-10,2.758876e-10,4.961947e-09,4.961947e-11
7.504256e+00,8.184526e-10,1.365899e-08,1.365899e-10,2.740715e-10,4.906968e-09,4.906968e-11
7.506393e+00,8.163058e-10,1.365656e-08,1.365656e-10,2.707380e-10,4.842065e-09,4.842065e-11
7.508529e+00,8.136529e-10,1.364640e-08,1.364640e-10,2.686604e-10,4.778053e-09,4.778053e-11
7.510666e+00,8.099016e-10,1.362690e-08,1.362690e-10,2.675348e-10,4.713527e-09,4.713527e-11
7.512803e+00,8.043815e-10,1.360049e-08,1.360049e-10,2.649855e-10,4.642922e-09,4.642922e-11
7.514940e+00,7.984821e-10,1.356774e-08,1.356774e-10,2.612279e-10,4.565316e-09,4.565316e-11
7.517076e+00,7.935649e-10,1.352697e-08,1.352697e-10,2.583554e-10,4.489709e-09,4.489709e-11
7.519213e+00,7.878884e-10,1.347168e-08,1.347168e-10,2.560977e-10,4.416039e-09,4.416039e-11
7.521350e+00,7.793453e-10,1.339567e-08,1.339567e-10,2.525850e-10,4.339840e-09,4.339840e-11
7.523486e+00,7.699105e-10,1.330949e-08,1.330949e-10,2.484740e-10,4.264284e-09,4.264284e-11
7.525623e+00,7.632257e-10,1.323002e-08,1.323002e-10,2.458733e-10,4.196770e-09,4.196770e-11
7.527760e+00,7.590114e-10,1.316718e-08,1.316718e-10,2.441192e-10,4.138103e-09,4.138103e-11
7.529897e+00,7.543646e-10,1.311947e-08,1.311947e-10,2.411265e-10,4.080059e-09,4.080059e-11
7.532033e+00,7.494840e-10,1.308528e-08,1.308528e-10,2.378872e-10,4.030496e-09,4.030496e-11
7.534170e+00,7.474045e-10,1.306659e-08,1.306659e-10,2.370542e-10,3.994631e-09,3.994631e-11
7.536307e+00,7.486847e-10,1.307217e-08,1.307217e-10,2.378074e-10,3.976978e-09,3.976978e-11
7.538444e+00,7.508162e-10,1.310073e-08,1.310073e-10,2.370175e-10,3.954779e-09,3.954779e-11
7.540580e+00,7.530467e-10,1.314816e-08,1.314816e-10,2.353132e-10,3.939751e-09,3.939751e-11
7.542717e+00,7.572319e-10,1.320498e-08,1.320498e-10,2.364989e-10,3.943098e-09,3.943098e-11
7.544854e+00,7.631182e-10,1.326507e-08,1.326507e-10,2.404310e-10,3.971724e-09,3.971724e-11
7.546991e+00,7.675313e-10,1.332966e-08,1.332966e-10,2.424153e-10,3.997675e-09,3.997675e-11
7.549127e+00,7.702374e-10,1.339888e-08,1.339888e-10,2.414154e-10,4.005478e-09,4.005478e-11
7.551264e+00,7.755443e-10,1.348542e-08,1.348542e-10,2.425849e-10,4.040044e-09,4.040044e-11
7.553401e+00,7.846902e-10,1.358753e-08,1.358753e-10,2.483047e-10,4.096274e-09,4.096274e-11
7.555538e+00,7.924917e-10,1.369986e-08,1.369986e-10,2.532618e-10,4.170450e-09,4.170450e-11
7.557674e+00,7.959170e-10,1.381409e-08,1.381409e-10,2.532723e-10,4.196987e-09,4.196987e-11
7.559811e+00,8.003414e-10,1.394903e-08,1.394903e-10,2.528556e-10,4.241004e-09,4.241004e-11
7.561948e+00,8.116277e-10,1.410259e-08,1.410259e-10,2.577745e-10,4.303592e-09,4.303592e-11
7.564085e+00,8.265364e-10,1.426866e-08,1.426866e-10,2.650293e-10,4.394948e-09,4.394948e-11
7.566221e+00,8.375633e-10,1.442161e-08,1.442161e-10,2.677354e-10,4.445644e-09,4.445644e-11
7.568358e+00,8.440278e-10,1.455532e-08,1.455532e-10,2.665752e-10,4.476320e-09,4.476320e-11
7.570495e+00,8.515947e-10,1.467533e-08,1.467533e-10,2.682151e-10,4.528582e-09,4.528582e-11
7.572632e+00,8.616614e-10,1.477901e-08,1.477901e-10,2.735456e-10,4.596750e-09,4.596750e-11
7.574768e+00,8.685975e-10,1.485359e-08,1.485359e-10,2.761202e-10,4.653063e-09,4.653063e-11
7.576905e+00,8.691305e-10,1.488359e-08,1.488359e-10,2.733513e-10,4.658997e-09,4.658997e-11
7.579042e+00,8.671611e-10,1.487568e-08,1.487568e-10,2.707948e-10,4.679957e-09,4.679957e-11
7.581179e+00,8.662955e-10,1.483677e-08,1.483677e-10,2.723112e-10,4.705676e-09,4.705676e-11
7.583315e+00,8.641211e-10,1.478021e-08,1.478021e-10,2.736547e-10,4.739244e-09,4.739244e-11
7.585452e+00,8.581205e-10,1.470329e-08,1.470329e-10,2.704825e-10,4.731538e-09,4.731538e-11
7.587589e+00,8.510605e-10,1.462030e-08,1.462030e-10,2.659308e-10,4.725710e-09,4.725710e-11
7.589726e+00,8.457125e-10,1.452418e-08,1.452418e-10,2.645567e-10,4.726395e-09,4.726395e-11
7.591862e+00,8.396885e-10,1.441551e-08,1.441551e-10,2.643173e-10,4.734721e-09,4.734721e-11
7.593999e+00,8.301973e-10,1.429640e-08,1.429640e-10,2.607291e-10,4.721589e-09,4.721589e-11
7.596136e+00,8.198994e-10,1.418126e-08,1.418126e-10,2.551065e-10,4.698124e-09,4.698124e-11
7.598273e+00,8.127855e-10,1.407264e-08,1.407264e-10,2.520724e-10,4.682464e-09,4.682464e-11
7.600409e+00,8.070881e-10,1.395974e-08,1.395974e-10,2.513006e-10,4.669893e-09,4.669893e-11
7.602546e+00,7.982547e-10,1.383111e-08,1.383111e-10,2.485387e-10,4.646213e-09,4.646213e-11
7.604683e+00,7.873741e-10,1.369377e-08,1.369377e-10,2.436587e-10,4.606085e-09,4.606085e-11
7.606820e+00,7.799170e-10,1.356608e-08,1.356608e-10,2.408776e-10,4.572222e-09,4.572222e-11
7.608956e+00,7.758740e-10,1.344462e-08,1.344462e-10,2.407688e-10,4.540446e-09,4.540446e-11
7.611093e+00,7.686576e-10,1.331032e-08,1.331032e-10,2.388750e-10,4.500953e-09,4.500953e-11
7.613230e+00,7.556239e-10,1.314963e-08,1.314963e-10,2.337142e-10,4.441115e-09,4.441115e-11
7.615367e+00,7.427157e-10,1.299488e-08,1.299488e-10,2.296094e-10,4.386632e-09,4.386632e-11
7.617503e+00,7.359192e-10,1.286604e-08,1.286604e-10,2.292986e-10,4.339130e-09,4.339130e-11
7.619640e+00,7.335576e-10,1.276704e-08,1.276704e-10,2.296183e-10,4.294601e-09,4.294601e-11
7.621777e+00,7.302365e-10,1.267988e-08,1.267988e-10,2.274251e-10,4.229913e-09,4.229913e-11
7.623914e+00,7.244704e-10,1.257953e-08,1.257953e-10,2.248219e-10,4.166705e-09,4.166705e-11
7.626050e+00,7.188155e-10,1.246461e-08,1.246461e-10,2.247893e-10,4.109351e-09,4.109351e-11
7.628187e+00,7.148064e-10,1.237027e-08,1.237027e-10,2.255393e-10,4.065462e-09,4.065462e-11
7.630324e+00,7.118080e-10,1.229923e-08,1.229923e-10,2.238245e-10,4.004974e-09,4.004974e-11
7.632461e+00,7.099491e-10,1.224816e-08,1.224816e-10,2.210686e-10,3.942986e-09,3.942986e-11
7.634597e+00,7.096905e-10,1.221336e-08,1.221336e-10,2.209308e-10,3.894635e-09,3.894635e-11
7.636734e+00,7.086349e-10,1.217664e-08,1.217664e-10,2.225268e-10,3.867285e-09,3.867285e-11
7.638871e+00,7.039451e-10,1.214246e-08,1.214246e-10,2.217665e-10,3.838828e-09,3.838828e-11
7.641008e+00,6.980630e-10,1.212886e-08,1.212886e-10,2.187381e-10,3.801888e-09,3.801888e-11
7.643144e+00,6.966202e-10,1.214337e-08,1.214337e-10,2.179431e-10,3.779336e-09,3.779336e-11
7.645281e+00,7.004631e-10,1.219236e-08,1.219236e-10,2.208658e-10,3.778112e-09,3.778112e-11
7.647418e+00,7.046346e-10,1.226936e-08,1.226936e-10,2.238093e-10,3.798927e-09,3.798927e-11
7.649555e+00,7.057724e-10,1.235896e-08,1.235896e-10,2.241993e-10,3.815382e-09,3.815382e-11
7.651691e+00,7.062373e-10,1.246710e-08,1.246710e-10,2.242285e-10,3.840292e-09,3.840292e-11
7.653828e+00,7.098367e-10,1.259774e-08,1.259774e-10,2.265226e-10,3.871549e-09,3.871549e-11
7.655965e+00,7.165748e-10,1.275995e-08,1.275995e-10,2.299097e-10,3.922234e-09,3.922234e-11
7.658102e+00,7.235363e-10,1.295479e-08,1.295479e-10,2.319236e-10,3.981392e-09,3.981392e-11
7.660238e+00,7.295069e-10,1.316410e-08,1.316410e-10,2.329667e-10,4.045864e-09,4.045864e-11
7.662375e+00,7.358825e-10,1.337515e-08,1.337515e-10,2.350091e-10,4.105431e-09,4.105431e-11
7.664512e+00,7.435373e-10,1.359415e-08,1.359415e-10,2.379501e-10,4.161774e-09,4.161774e-11
7.666649e+00,7.516870e-10,1.382597e-08,1.382597e-10,2.402528e-10,4.223875e-09,4.223875e-11
7.668785e+00,7.595445e-10,1.406887e-08,1.406887e-10,2.418579e-10,4.295840e-09,4.295840e-11
7.670922e+00,7.666782e-10,1.430395e-08,1.430395e-10,2.437912e-10,4.368878e-09,4.368878e-11
7.673059e+00,7.723541e-10,1.451253e-08,1.451253e-10,2.458809e-10,4.425256e-09,4.425256e-11
7.675196e+00,7.769693e-10,1.470009e-08,1.470009e-10,2.474608e-10,4.470422e-09,4.470422e-11
7.677332e+00,7.826583e-10,1.488154e-08,1.488154e-10,2.493646e-10,4.524069e-09,4.524069e-11
7.679469e+00,7.901486e-10,1.505531e-08,1.505531e-10,2.525849e-10,4.592542e-09,4.592542e-11
7.681606e+00,7.967779e-10,1.519664e-08,1.519664e-10,2.559555e-10,4.654756e-09,4.654756e-11
7.683743e+00,7.998686e-10,1.528877e-08,1.528877e-10,2.576885e-10,4.690650e-09,4.690650e-11
7.685879e+00,8.011066e-10,1.534785e-08,1.534785e-10,2.585374e-10,4.713419e-09,4.713419e-11
7.688016e+00,8.048752e-10,1.540056e-08,1.540056e-10,2.609355e-10,4.748645e-09,4.748645e-11
7.690153e+00,8.121552e-10,1.545056e-08,1.545056e-10,2.649855e-10,4.796880e-09,4.796880e-11
7.692290e+00,8.189372e-10,1.547506e-08,1.547506e-10,2.680007e-10,4.829188e-09,4.829188e-11
7.694426e+00,8.219863e-10,1.545404e-08,1.545404e-10,2.687884e-10,4.826359e-09,4.826359e-11
7.696563e+00,8.234029e-10,1.540566e-08,1.540566e-10,2.694701e-10,4.808211e-09,4.808211e-11
7.698700e+00,8.269878e-10,1.536015e-08,1.536015e-10,2.717379e-10,4.800962e-09,4.800962e-11
7.700837e+00,8.326249e-10,1.532525e-08,1.532525e-10,2.741414e-10,4.803545e-09,4.803545e-11
7.702973e+00,8.370603e-10,1.527984e-08,1.527984e-10,2.747575e-10,4.787481e-09,4.787481e-11
7.705110e+00,8.387468e-10,1.520739e-08,1.520739e-10,2.743726e-10,4.747496e-09,4.747496e-11
7.707247e+00,8.394495e-10,1.512915e-08,1.512915e-10,2.749798e-10,4.707473e-09,4.707473e-11
7.709383e+00,8.413416e-10,1.507484e-08,1.507484e-10,2.764446e-10,4.693675e-09,4.693675e-11
7.711520e+00,8.442440e-10,1.504273e-08,1.504273e-10,2.769179e-10,4.692655e-09,4.692655e-11
7.713657e+00,8.463794e-10,1.501209e-08,1.501209e-10,2.759748e-10,4.680947e-09,4.680947e-11
7.715794e+00,8.471330e-10,1.496745e-08,1.496745e-10,2.753082e-10,4.654477e-09,4.654477e-11
7.717930e+00,8.478259e-10,1.492432e-08,1.492432e-10,2.761773e-10,4.636861e-09,4.636861e-11
7.720067e+00,8.500429e-10,1.491500e-08,1.491500e-10,2.777794e-10,4.647541e-09,4.647541e-11
7.722204e+00,8.541464e-10,1.493510e-08,1.493510e-10,2.788484e-10,4.669058e-09,4.669058e-11
7.724341e+00,8.588480e-10,1.495519e-08,1.495519e-10,2.794222e-10,4.678258e-09,4.678258e-11
7.726477e+00,8.616289e-10,1.495950e-08,1.495950e-10,2.799920e-10,4.668250e-09,4.668250e-11
7.728614e+00,8.607848e-10,1.495010e-08,1.495010e-10,2.802727e-10,4.661701e-09,4.661701e-11
7.730751e+00,8.575875e-10,1.494581e-08,1.494581e-10,2.797505e-10,4.671571e-09,4.671571e-11
7.732888e+00,8.550694e-10,1.495061e-08,1.495061e-10,2.785478e-10,4.684190e-09,4.684190e-11
7.735024e+00,8.547959e-10,1.494248e-08,1.494248e-10,2.773866e-10,4.678855e-09,4.678855e-11
7.737161e+00,8.555766e-10,1.491381e-08,1.491381e-10,2.767911e-10,4.653526e-09,4.653526e-11
7.739298e+00,8.549057e-10,1.486860e-08,1.486860e-10,2.763199e-10,4.629731e-09,4.629731e-11
7.741435e+00,8.515234e-10,1.480596e-08,1.480596e-10,2.749872e-10,4.613611e-09,4.613611e-11
7.743571e+00,8.469339e-10,1.472745e-08,1.472745e-10,2.726512e-10,4.591690e-09,4.591690e-11
7.745708e+00,8.441135e-10,1.462818e-08,1.462818e-10,2.705835e-10,4.550201e-09,4.550201e-11
7.747845e+00,8.441496e-10,1.451194e-08,1.451194e-10,2.700234e-10,4.494242e-09,4.494242e-11
7.749982e+00,8.448227e-10,1.439305e-08,1.439305e-10,2.703369e-10,4.447644e-09,4.447644e-11
7.752118e+00,8.428088e-10,1.426697e-08,1.426697e-10,2.694883e-10,4.409778e-09,4.409778e-11
7.754255e+00,8.372031e-10,1.412401e-08,1.412401e-10,2.666569e-10,4.364858e-09,4.364858e-11
7.756392e+00,8.308710e-10,1.396760e-08,1.396760e-10,2.635791e-10,4.307030e-09,4.307030e-11
7.758529e+00,8.273194e-10,1.381382e-08,1.381382e-10,2.622787e-10,4.246805e-09,4.246805e-11
7.760665e+00,8.262432e-10,1.368206e-08,1.368206e-10,2.620462e-10,4.205781e-09,4.205781e-11
7.762802e+00,8.238566e-10,1.356374e-08,1.356374e-10,2.604798e-10,4.172256e-09,4.172256e-11
7.764939e+00,8.180708e-10,1.343856e-08,1.343856e-10,2.573286e-10,4.136590e-09,4.136590e-11
7.767076e+00,8.108896e-10,1.330768e-08,1.330768e-10,2.547519e-10,4.093509e-09,4.093509e-11
7.769212e+00,8.049796e-10,1.318774e-08,1.318774e-10,2.536374e-10,4.054403e-09,4.054403e-11
7.771349e+00,8.003458e-10,1.309351e-08,1.309351e-10,2.523056e-10,4.028761e-09,4.028761e-11
7.773486e+00,7.953218e-10,1.301733e-08,1.301733e-10,2.494903e-10,4.003390e-09,4.003390e-11
7.775623e+00,7.896135e-10,1.293533e-08,1.293533e-10,2.466015e-10,3.979439e-09,3.979439e-11
7.777759e+00,7.848497e-10,1.284394e-08,1.284394e-10,2.455517e-10,3.947671e-09,3.947671e-11
7.779896e+00,7.823161e-10,1.276782e-08,1.276782e-10,2.456719e-10,3.923247e-09,3.923247e-11
7.782033e+00,7.815239e-10,1.271993e-08,1.271993e-10,2.448965e-10,3.899536e-09,3.899536e-11
7.784170e+00,7.813452e-10,1.269270e-08,1.269270e-10,2.432539e-10,3.878127e-09,3.878127e-11
7.786306e+00,7.810740e-10,1.265989e-08,1.265989e-10,2.426526e-10,3.857376e-09,3.857376e-11
7.788443e+00,7.796523e-10,1.260875e-08,1.260875e-10,2.432345e-10,3.829677e-09,3.829677e-11
7.790580e+00,7.760321e-10,1.255177e-08,1.255177e-10,2.427543e-10,3.800236e-09,3.800236e-11
7.792717e+00,7.708968e-10,1.250073e-08,1.250073e-10,2.402582e-10,3.761618e-09,3.761618e-11
7.794853e+00,7.660167e-10,1.245626e-08,1.245626e-10,2.377137e-10,3.729229e-09,3.729229e-11
7.796990e+00,7.616541e-10,1.239873e-08,1.239873e-10,2.367662e-10,3.692655e-09,3.692655e-11
7.799127e+00,7.566295e-10,1.232114e-08,1.232114e-10,2.362651e-10,3.652927e-09,3.652927e-11
7.801264e+00,7.514774e-10,1.224082e-08,1.224082e-10,2.346534e-10,3.604734e-09,3.604734e-11
7.803400e+00,7.493343e-10,1.218071e-08,1.218071e-10,2.329785e-10,3.560171e-09,3.560171e-11
7.805537e+00,7.521425e-10,1.214348e-08,1.214348e-10,2.333873e-10,3.529105e-09,3.529105e-11
7.807674e+00,7.569801e-10,1.211646e-08,1.211646e-10,2.352658e-10,3.502224e-09,3.502224e-11
7.809811e+00,7.588586e-10,1.208166e-08,1.208166e-10,2.355892e-10,3.472811e-09,3.472811e-11
7.811947e+00,7.573778e-10,1.204338e-08,1.204338e-10,2.335933e-10,3.436250e-09,3.436250e-11
7.814084e+00,7.572473e-10,1.202886e-08,1.202886e-10,2.320701e-10,3.416534e-09,3.416534e-11
7.816221e+00,7.612662e-10,1.204653e-08,1.204653e-10,2.328888e-10,3.412572e-09,3.412572e-11
7.818358e+00,7.664721e-10,1.209414e-08,1.209414e-10,2.341595e-10,3.419167e-09,3.419167e-11
7.820494e+00,7.693951e-10,1.216146e-08,1.216146e-10,2.336893e-10,3.420660e-09,3.420660e-11
7.822631e+00,7.716940e-10,1.225706e-08,1.225706e-10,2.328573e-10,3.431121e-09,3.431121e-11
7.824768e+00,7.774967e-10,1.239314e-08,1.239314e-10,2.344192e-10,3.460661e-09,3.460661e-11
7.826905e+00,7.868881e-10,1.257352e-08,1.257352e-10,2.378043e-10,3.505664e-09,3.505664e-11
7.829041e+00,7.953885e-10,1.278638e-08,1.278638e-10,2.396858e-10,3.548611e-09,3.548611e-11
7.831178e+00,8.002637e-10,1.302003e-08,1.302003e-10,2.391053e-10,3.584402e-09,3.584402e-11
7.833315e+00,8.038704e-10,1.327582e-08,1.327582e-10,2.388334e-10,3.633787e-09,3.633787e-11
7.835452e+00,8.090430e-10,1.355673e-08,1.355673e-10,2.406014e-10,3.698059e-09,3.698059e-11
7.837588e+00,8.146872e-10,1.386468e-08,1.386468e-10,2.421719e-10,3.772329e-09,3.772329e-11
7.839725e+00,8.190487e-10,1.418488e-08,1.418488e-10,2.415998e-10,3.833420e-09,3.833420e-11
7.841862e+00,8.239667e-10,1.451539e-08,1.451539e-10,2.413301e-10,3.903827e-09,3.903827e-11
7.843999e+00,8.315716e-10,1.484486e-08,1.484486e-10,2.443392e-10,3.987073e-09,3.987073e-11
7.846135e+00,8.394396e-10,1.516329e-08,1.516329e-10,2.487191e-10,4.083568e-09,4.083568e-11
7.848272e+00,8.434722e-10,1.545891e-08,1.545891e-10,2.503421e-10,4.162407e-09,4.162407e-11
7.850409e+00,8.444180e-10,1.572725e-08,1.572725e-10,2.496216e-10,4.226881e-09,4.226881e-11
7.852546e+00,8.471642e-10,1.597337e-08,1.597337e-10,2.511316e-10,4.300308e-09,4.300308e-11
7.854682e+00,8.531405e-10,1.619285e-08,1.619285e-10,2.560769e-10,4.381828e-09,4.381828e-11
7.856819e+00,8.578813e-10,1.638164e-08,1.638164e-10,2.598951e-10,4.460950e-09,4.460950e-11
7.858956e+00,8.583539e-10,1.652641e-08,1.652641e-10,2.595955e-10,4.501259e-09,4.501259e-11
7.861093e+00,8.587061e-10,1.663504e-08,1.663504e-10,2.590421e-10,4.542636e-09,4.542636e-11
7.863229e+00,8.643118e-10,1.670991e-08,1.670991e-10,2.629260e-10,4.585516e-09,4.585516e-11
7.865366e+00,8.732207e-10,1.675293e-08,1.675293e-10,2.688841e-10,4.639000e-09,4.639000e-11
7.867503e+00,8.792154e-10,1.675310e-08,1.675310e-10,2.711422e-10,4.656031e-09,4.656031e-11
7.869640e+00,8.814050e-10,1.671154e-08,1.671154e-10,2.700094e-10,4.648583e-09,4.648583e-11
7.871776e+00,8.846128e-10,1.664012e-08,1.664012e-10,2.712015e-10,4.649393e-09,4.649393e-11
7.873913e+00,8.904455e-10,1.654108e-08,1.654108e-10,2.759983e-10,4.658411e-09,4.658411e-11
7.876050e+00,8.943014e-10,1.641936e-08,1.641936e-10,2.788844e-10,4.664929e-09,4.664929e-11
7.878187e+00,8.932551e-10,1.627296e-08,1.627296e-10,2.767461e-10,4.624854e-09,4.624854e-11
7.880323e+00,8.917090e-10,1.612235e-08,1.612235e-10,2.744236e-10,4.599468e-09,4.599468e-11
7.882460e+00,8.951835e-10,1.597942e-08,1.597942e-10,2.772133e-10,4.589227e-09,4.589227e-11
7.884597e+00,9.019026e-10,1.585368e-08,1.585368e-10,2.823547e-10,4.608419e-09,4.608419e-11
7.886734e+00,9.057668e-10,1.573306e-08,1.573306e-10,2.835751e-10,4.597425e-09,4.597425e-11
7.888870e+00,9.057254e-10,1.561572e-08,1.561572e-10,2.812200e-10,4.571884e-09,4.571884e-11
7.891007e+00,9.065503e-10,1.551346e-08,1.551346e-10,2.813697e-10,4.570655e-09,4.570655e-11
7.893144e+00,9.106534e-10,1.543556e-08,1.543556e-10,2.857649e-10,4.591818e-09,4.591818e-11
7.895280e+00,9.147605e-10,1.538546e-08,1.538546e-10,2.892491e-10,4.624062e-09,4.624062e-11
7.897417e+00,9.157501e-10,1.535225e-08,1.535225e-10,2.884514e-10,4.621729e-09,4.621729e-11
7.899554e+00,9.149033e-10,1.533389e-08,1.533389e-10,2.868716e-10,4.635959e-09,4.635959e-11
7.901691e+00,9.142452e-10,1.531784e-08,1.531784e-10,2.883881e-10,4.658238e-09,4.658238e-11
7.903827e+00,9.124061e-10,1.530623e-08,1.530623e-10,2.907319e-10,4.695668e-09,4.695668e-11
7.905964e+00,9.076057e-10,1.529983e-08,1.529983e-10,2.896469e-10,4.709933e-09,4.709933e-11
7.908101e+00,9.021897e-10,1.530742e-08,1.530742e-10,2.862119e-10,4.714041e-09,4.714041e-11
7.910238e+00,9.000763e-10,1.533147e-08,1.533147e-10,2.851443e-10,4.733210e-09,4.733210e-11
7.912374e+00,9.008211e-10,1.536493e-08,1.536493e-10,2.871957e-10,4.760300e-09,4.760300e-11
7.914511e+00,9.002085e-10,1.539635e-08,1.539635e-10,2.881764e-10,4.788623e-09,4.788623e-11
7.916648e+00,8.966809e-10,1.541253e-08,1.541253e-10,2.857670e-10,4.790786e-09,4.790786e-11
7.918785e+00,8.931518e-10,1.541737e-08,1.541737e-10,2.827568e-10,4.794227e-09,4.794227e-11
7.920921e+00,8.919624e-10,1.541421e-08,1.541421e-10,2.822151e-10,4.799453e-09,4.799453e-11
7.923058e+00,8.915177e-10,1.540677e-08,1.540677e-10,2.829777e-10,4.810353e-09,4.810353e-11
7.925195e+00,8.893045e-10,1.539019e-08,1.539019e-10,2.821704e-10,4.812138e-09,4.812138e-11
7.927332e+00,8.857208e-10,1.536163e-08,1.536163e-10,2.798825e-10,4.804773e-09,4.804773e-11
7.929468e+00,8.825510e-10,1.531299e-08,1.531299e-10,2.784262e-10,4.797581e-09,4.797581e-11
7.931605e+00,8.793450e-10,1.523652e-08,1.523652e-10,2.782840e-10,4.783701e-09,4.783701e-11
7.933742e+00,8.740289e-10,1.513698e-08,1.513698e-10,2.775442e-10,4.764223e-09,4.764223e-11
7.935879e+00,8.668343e-10,1.502523e-08,1.502523e-10,2.751365e-10,4.732030e-09,4.732030e-11
7.938015e+00,8.609349e-10,1.491556e-08,1.491556e-10,2.725212e-10,4.697684e-09,4.697684e-11
7.940152e+00,8.582261e-10,1.481185e-08,1.481185e-10,2.713911e-10,4.664760e-09,4.664760e-11
7.942289e+00,8.565497e-10,1.470951e-08,1.470951e-10,2.710890e-10,4.631348e-09,4.631348e-11
7.944426e+00,8.523266e-10,1.459411e-08,1.459411e-10,2.695040e-10,4.590306e-09,4.590306e-11
7.946562e+00,8.450731e-10,1.445984e-08,1.445984e-10,2.660202e-10,4.535397e-09,4.535397e-11
7.948699e+00,8.378753e-10,1.431943e-08,1.431943e-10,2.624206e-10,4.478086e-09,4.478086e-11
7.950836e+00,8.333416e-10,1.418690e-08,1.418690e-10,2.605390e-10,4.423349e-09,4.423349e-11
7.952973e+00,8.306168e-10,1.406629e-08,1.406629e-10,2.599587e-10,4.373023e-09,4.373023e-11
7.955109e+00,8.271918e-10,1.394692e-08,1.394692e-10,2.590176e-10,4.320033e-09,4.320033e-11
7.957246e+00,8.224080e-10,1.381874e-08,1.381874e-10,2.573765e-10,4.263707e-09,4.263707e-11
7.959383e+00,8.173791e-10,1.367651e-08,1.367651e-10,2.560981e-10,4.207529e-09,4.207529e-11
7.961520e+00,8.122792e-10,1.352756e-08,1.352756e-10,2.554239e-10,4.151884e-09,4.151884e-11
7.963656e+00,8.058737e-10,1.338484e-08,1.338484e-10,2.540345e-10,4.098377e-09,4.098377e-11
7.965793e+00,7.978700e-10,1.325228e-08,1.325228e-10,2.511831e-10,4.042849e-09,4.042849e-11
7.967930e+00,7.899688e-10,1.312622e-08,1.312622e-10,2.482396e-10,3.993914e-09,3.993914e-11
7.970067e+00,7.834018e-10,1.300429e-08,1.300429e-10,2.465611e-10,3.952950e-09,3.952950e-11
7.972203e+00,7.770178e-10,1.289602e-08,1.289602e-10,2.450870e-10,3.919814e-09,3.919814e-11
7.974340e+00,7.697181e-10,1.280255e-08,1.280255e-10,2.422135e-10,3.882700e-09,3.882700e-11
7.976477e+00,7.634283e-10,1.273126e-08,1.273126e-10,2.390252e-10,3.848424e-09,3.848424e-11
7.978614e+00,7.607934e-10,1.268494e-08,1.268494e-10,2.379548e-10,3.826100e-09,3.826100e-11
7.980750e+00,7.607271e-10,1.265952e-08,1.265952e-10,2.386340e-10,3.817590e-09,3.817590e-11
7.982887e+00,7.598047e-10,1.265339e-08,1.265339e-10,2.383260e-10,3.812317e-09,3.812317e-11
7.985024e+00,7.577116e-10,1.267156e-08,1.267156e-10,2.366776e-10,3.806903e-09,3.806903e-11
7.987161e+00,7.574714e-10,1.271851e-08,1.271851e-10,2.363808e-10,3.814716e-09,3.814716e-11
7.989297e+00,7.597938e-10,1.278751e-08,1.278751e-10,2.382324e-10,3.833171e-09,3.833171e-11
7.991434e+00,7.613106e-10,1.287773e-08,1.287773e-10,2.392603e-10,3.859425e-09,3.859425e-11
7.993571e+00,7.602878e-10,1.298589e-08,1.298589e-10,2.377365e-10,3.874648e-09,3.874648e-11
7.995708e+00,7.603587e-10,1.312405e-08,1.312405e-10,2.367628e-10,3.904133e-09,3.904133e-11
7.997844e+00,7.652077e-10,1.329455e-08,1.329455e-10,2.394781e-10,3.948689e-09,3.948689e-11
7.999981e+00,7.722577e-10,1.349451e-08,1.349451e-10,2.433855e-10,4.011857e-09,4.011857e-11
8.002118e+00,7.761847e-10,1.371156e-08,1.371156e-10,2.440748e-10,4.062944e-09,4.062944e-11
8.004255e+00,7.769687e-10,1.394448e-08,1.394448e-10,2.425845e-10,4.116508e-09,4.116508e-11
8.006391e+00,7.792915e-10,1.419792e-08,1.419792e-10,2.436864e-10,4.190156e-09,4.190156e-11
8.008528e+00,7.844438e-10,1.446800e-08,1.446800e-10,2.476494e-10,4.284488e-09,4.284488e-11
8.010665e+00,7.884708e-10,1.474609e-08,1.474609e-10,2.496072e-10,4.380281e-09,4.380281e-11
8.012802e+00,7.893299e-10,1.502049e-08,1.502049e-10,2.479326e-10,4.457750e-09,4.457750e-11
8.014938e+00,7.905032e-10,1.529296e-08,1.529296e-10,2.472405e-10,4.554348e-09,4.554348e-11
8.017075e+00,7.952097e-10,1.555797e-08,1.555797e-10,2.506653e-10,4.663789e-09,4.663789e-11
8.019212e+00,8.012096e-10,1.581112e-08,1.581112e-10,2.545394e-10,4.786401e-09,4.786401e-11
8.021349e+00,8.048509e-10,1.603921e-08,1.603921e-10,2.546280e-10,4.879737e-09,4.879737e-11
8.023485e+00,8.070088e-10,1.624110e-08,1.624110e-10,2.533155e-10,4.972497e-09,4.972497e-11
8.025622e+00,8.106491e-10,1.641327e-08,1.641327e-10,2.554671e-10,5.072388e-09,5.072388e-11
8.027759e+00,8.148589e-10,1.655226e-08,1.655226e-10,2.600370e-10,5.180193e-09,5.180193e-11
8.029896e+00,8.162517e-10,1.665062e-08,1.665062e-10,2.618646e-10,5.267944e-09,5.267944e-11
8.032032e+00,8.152191e-10,1.670701e-08,1.670701e-10,2.605432e-10,5.328830e-09,5.328830e-11
8.034169e+00,8.154948e-10,1.672699e-08,1.672699e-10,2.610013e-10,5.390967e-09,5.390967e-11
8.036306e+00,8.179313e-10,1.670852e-08,1.670852e-10,2.651767e-10,5.450122e-09,5.450122e-11
8.038443e+00,8.196476e-10,1.665166e-08,1.665166e-10,2.691166e-10,5.502782e-09,5.502782e-11
8.040579e+00,8.197120e-10,1.655611e-08,1.655611e-10,2.698047e-10,5.521271e-09,5.521271e-11
8.042716e+00,8.213243e-10,1.643061e-08,1.643061e-10,2.698806e-10,5.526361e-09,5.526361e-11
8.044853e+00,8.264697e-10,1.628151e-08,1.628151e-10,2.727043e-10,5.521785e-09,5.521785e-11
8.046990e+00,8.319781e-10,1.611132e-08,1.611132e-10,2.766525e-10,5.510865e-09,5.510865e-11
8.049126e+00,8.337091e-10,1.591209e-08,1.591209e-10,2.779826e-10,5.477806e-09,5.477806e-11
8.051263e+00,8.323171e-10,1.568778e-08,1.568778e-10,2.767705e-10,5.421437e-09,5.421437e-11
8.053400e+00,8.314845e-10,1.545131e-08,1.545131e-10,2.761558e-10,5.353735e-09,5.353735e-11
8.055537e+00,8.319297e-10,1.521531e-08,1.521531e-10,2.771092e-10,5.280837e-09,5.280837e-11
8.057673e+00,8.311358e-10,1.498428e-08,1.498428e-10,2.777409e-10,5.205338e-09,5.205338e-11
8.059810e+00,8.279784e-10,1.475457e-08,1.475457e-10,2.770523e-10,5.121777e-09,5.121777e-11
8.061947e+00,8.240251e-10,1.452788e-08,1.452788e-10,2.760570e-10,5.031967e-09,5.031967e-11
8.064084e+00,8.206403e-10,1.431604e-08,1.431604e-10,2.754711e-10,4.939081e-09,4.939081e-11
8.066220e+00,8.175301e-10,1.413298e-08,1.413298e-10,2.748717e-10,4.850573e-09,4.850573e-11
8.068357e+00,8.139988e-10,1.398112e-08,1.398112e-10,2.739569e-10,4.769472e-09,4.769472e-11
8.070494e+00,8.097795e-10,1.385081e-08,1.385081e-10,2.726957e-10,4.692262e-09,4.692262e-11
8.072631e+00,8.049468e-10,1.373408e-08,1.373408e-10,2.706560e-10,4.611227e-09,4.611227e-11
8.074767e+00,8.002082e-10,1.364023e-08,1.364023e-10,2.678193e-10,4.528677e-09,4.528677e-11
8.076904e+00,7.970266e-10,1.358171e-08,1.358171e-10,2.655216e-10,4.457832e-09,4.457832e-11
8.079041e+00,7.960902e-10,1.355857e-08,1.355857e-10,2.648271e-10,4.405025e-09,4.405025e-11
8.081177e+00,7.957125e-10,1.355536e-08,1.355536e-10,2.644143e-10,4.361154e-09,4.361154e-11
8.083314e+00,7.935503e-10,1.355478e-08,1.355478e-10,2.622264e-10,4.309697e-09,4.309697e-11
8.085451e+00,7.900756e-10,1.355746e-08,1.355746e-10,2.589674e-10,4.257694e-09,4.257694e-11
8.087588e+00,7.880287e-10,1.357379e-08,1.357379e-10,2.572238e-10,4.221044e-09,4.221044e-11
8.089724e+00,7.879703e-10,1.360580e-08,1.360580e-10,2.570377e-10,4.202336e-09,4.202336e-11
8.091861e+00,7.873810e-10,1.364521e-08,1.364521e-10,2.556431e-10,4.184209e-09,4.184209e-11
8.093998e+00,7.848787e-10,1.368519e-08,1.368519e-10,2.521015e-10,4.155429e-09,4.155429e-11
8.096135e+00,7.825898e-10,1.373424e-08,1.373424e-10,2.489043e-10,4.131833e-09,4.131833e-11
8.098271e+00,7.835243e-10,1.380526e-08,1.380526e-10,2.480634e-10,4.125933e-09,4.125933e-11
8.100408e+00,7.883885e-10,1.390108e-08,1.390108e-10,2.484270e-10,4.135835e-09,4.135835e-11
8.102545e+00,7.955758e-10,1.401827e-08,1.401827e-10,2.481700e-10,4.145398e-09,4.145398e-11
8.104682e+00,8.030983e-10,1.415254e-08,1.415254e-10,2.476586e-10,4.156998e-09,4.156998e-11
8.106818e+00,8.100116e-10,1.430804e-08,1.430804e-10,2.481484e-10,4.179790e-09,4.179790e-11
8.108955e+00,8.164752e-10,1.449443e-08,1.449443e-10,2.493421e-10,4.221170e-09,4.221170e-11
8.111092e+00,8.233924e-10,1.470985e-08,1.470985e-10,2.502023e-10,4.273540e-09,4.273540e-11
8.113229e+00,8.316684e-10,1.494533e-08,1.494533e-10,2.510086e-10,4.331256e-09,4.331256e-11
8.115365e+00,8.405942e-10,1.518991e-08,1.518991e-10,2.525995e-10,4.393212e-09,4.393212e-11
8.117502e+00,8.479625e-10,1.543539e-08,1.543539e-10,2.544780e-10,4.462766e-09,4.462766e-11
8.119639e+00,8.531953e-10,1.568205e-08,1.568205e-10,2.557824e-10,4.539300e-09,4.539300e-11
8.121776e+00,8.587224e-10,1.593347e-08,1.593347e-10,2.571215e-10,4.620627e-09,4.620627e-11
8.123912e+00,8.663409e-10,1.618768e-08,1.618768e-10,2.591715e-10,4.701840e-09,4.701840e-11
8.126049e+00,8.745978e-10,1.644061e-08,1.644061e-10,2.610527e-10,4.780184e-09,4.780184e-11
8.128186e+00,8.820021e-10,1.668063e-08,1.668063e-10,2.623146e-10,4.855836e-09,4.855836e-11
8.130323e+00,8.901758e-10,1.690422e-08,1.690422e-10,2.645869e-10,4.935032e-09,4.935032e-11
8.132459e+00,9.013549e-10,1.711425e-08,1.711425e-10,2.690075e-10,5.015289e-09,5.015289e-11
8.134596e+00,9.144707e-10,1.730714e-08,1.730714e-10,2.737064e-10,5.087438e-09,5.087438e-11
8.136733e+00,9.262696e-10,1.747259e-08,1.747259e-10,2.765091e-10,5.140912e-09,5.140912e-11
8.138870e+00,9.354147e-10,1.759819e-08,1.759819e-10,2.786482e-10,5.186944e-09,5.186944e-11
8.141006e+00,9.432034e-10,1.767540e-08,1.767540e-10,2.825830e-10,5.230124e-09,5.230124e-11
8.143143e+00,9.505263e-10,1.771438e-08,1.771438e-10,2.873621e-10,5.270508e-09,5.270508e-11
8.145280e+00,9.566564e-10,1.772828e-08,1.772828e-10,2.899485e-10,5.292512e-09,5.292512e-11
8.147417e+00,9.614301e-10,1.772227e-08,1.772227e-10,2.906402e-10,5.302178e-09,5.302178e-11
8.149553e+00,9.652365e-10,1.768840e-08,1.768840e-10,2.927213e-10,5.311594e-09,5.311594e-11
8.151690e+00,9.666090e-10,1.761273e-08,1.761273e-10,2.962919e-10,5.318651e-09,5.318651e-11
8.153827e+00,9.640474e-10,1.750871e-08,1.750871e-10,2.975717e-10,5.313098e-09,5.313098e-11
8.155964e+00,9.606723e-10,1.741218e-08,1.741218e-10,2.958979e-10,5.287056e-09,5.287056e-11
8.158100e+00,9.622103e-10,1.734973e-08,1.734973e-10,2.958648e-10,5.270903e-09,5.270903e-11
8.160237e+00,9.689278e-10,1.732026e-08,1.732026e-10,2.998693e-10,5.266741e-09,5.266741e-11
8.162374e+00,9.741556e-10,1.729821e-08,1.729821e-10,3.036661e-10,5.268802e-09,5.268802e-11
8.164511e+00,9.728737e-10,1.725942e-08,1.725942e-10,3.028431e-10,5.243289e-09,5.243289e-11
8.166647e+00,9.681764e-10,1.721961e-08,1.721961e-10,2.997252e-10,5.210748e-09,5.210748e-11
8.168784e+00,9.660838e-10,1.720315e-08,1.720315e-10,2.992039e-10,5.186510e-09,5.186510e-11
8.170921e+00,9.667022e-10,1.722248e-08,1.722248e-10,3.006611e-10,5.179496e-09,5.179496e-11
8.173058e+00,9.651587e-10,1.726479e-08,1.726479e-10,2.997367e-10,5.167090e-09,5.167090e-11
8.175194e+00,9.596251e-10,1.731011e-08,1.731011e-10,2.961195e-10,5.149133e-09,5.149133e-11
8.177331e+00,9.528113e-10,1.735387e-08,1.735387e-10,2.934856e-10,5.137617e-09,5.137617e-11
8.179468e+00,9.460546e-10,1.740087e-08,1.740087e-10,2.924868e-10,5.133516e-09,5.133516e-11
8.181605e+00,9.381151e-10,1.744605e-08,1.744605e-10,2.899624e-10,5.125189e-09,5.125189e-11
8.183741e+00,9.296699e-10,1.749736e-08,1.749736e-10,2.854022e-10,5.110079e-09,5.110079e-11
8.185878e+00,9.231676e-10,1.756003e-08,1.756003e-10,2.821082e-10,5.103988e-09,5.103988e-11
8.188015e+00,9.181571e-10,1.762959e-08,1.762959e-10,2.809506e-10,5.109144e-09,5.109144e-11
8.190152e+00,9.119297e-10,1.770234e-08,1.770234e-10,2.789010e-10,5.118470e-09,5.118470e-11
8.192288e+00,9.048753e-10,1.775981e-08,1.775981e-10,2.750864e-10,5.118042e-09,5.118042e-11
8.194425e+00,9.000713e-10,1.778375e-08,1.778375e-10,2.725947e-10,5.116671e-09,5.116671e-11
8.196562e+00,8.971601e-10,1.776579e-08,1.776579e-10,2.724367e-10,5.109659e-09,5.109659e-11
8.198699e+00,8.915891e-10,1.771378e-08,1.771378e-10,2.710587e-10,5.097441e-09,5.097441e-11
8.200835e+00,8.821483e-10,1.763284e-08,1.763284e-10,2.669201e-10,5.066713e-09,5.066713e-11
8.202972e+00,8.743024e-10,1.753500e-08,1.753500e-10,2.642501e-10,5.048333e-09,5.048333e-11
8.205109e+00,8.717133e-10,1.740794e-08,1.740794e-10,2.658095e-10,5.032520e-09,5.032520e-11
8.207246e+00,8.692896e-10,1.723845e-08,1.723845e-10,2.671148e-10,5.013939e-09,5.013939e-11
8.209382e+00,8.606518e-10,1.700794e-08,1.700794e-10,2.635098e-10,4.949010e-09,4.949010e-11
8.211519e+00,8.487718e-10,1.673309e-08,1.673309e-10,2.585722e-10,4.881406e-09,4.881406e-11
8.213656e+00,8.416778e-10,1.643930e-08,1.643930e-10,2.585418e-10,4.825211e-09,4.825211e-11
8.215793e+00,8.403849e-10,1.614001e-08,1.614001e-10,2.617192e-10,4.788800e-09,4.788800e-11
8.217929e+00,8.388733e-10,1.583187e-08,1.583187e-10,2.614676e-10,4.719360e-09,4.719360e-11
8.220066e+00,8.345044e-10,1.551109e-08,1.551109e-10,2.578404e-10,4.625679e-09,4.625679e-11
8.222203e+00,8.309470e-10,1.518152e-08,1.518152e-10,2.574006e-10,4.560455e-09,4.560455e-11
8.224340e+00,8.300041e-10,1.484347e-08,1.484347e-10,2.613494e-10,4.514859e-09,4.514859e-11
8.226476e+00,8.279615e-10,1.450978e-08,1.450978e-10,2.629319e-10,4.466145e-09,4.466145e-11
8.228613e+00,8.227132e-10,1.418985e-08,1.418985e-10,2.590505e-10,4.359577e-09,4.359577e-11
8.230750e+00,8.181762e-10,1.391428e-08,1.391428e-10,2.559271e-10,4.291509e-09,4.291509e-11
8.232887e+00,8.173872e-10,1.368159e-08,1.368159e-10,2.585146e-10,4.259164e-09,4.259164e-11
8.235023e+00,8.166571e-10,1.348671e-08,1.348671e-10,2.619092e-10,4.260953e-09,4.260953e-11
8.237160e+00,8.121542e-10,1.331237e-08,1.331237e-10,2.598290e-10,4.204807e-09,4.204807e-11
8.239297e+00,8.070412e-10,1.317833e-08,1.317833e-10,2.552893e-10,4.143693e-09,4.143693e-11
8.241434e+00,8.060208e-10,1.310224e-08,1.310224e-10,2.553002e-10,4.124040e-09,4.124040e-11
8.243570e+00,8.067740e-10,1.307119e-08,1.307119e-10,2.590680e-10,4.146442e-09,4.146442e-11
8.245707e+00,8.035283e-10,1.306173e-08,1.306173e-10,2.596910e-10,4.158859e-09,4.158859e-11
8.247844e+00,7.969745e-10,1.306743e-08,1.306743e-10,2.558701e-10,4.128133e-09,4.128133e-11
8.249981e+00,7.935701e-10,1.309818e-08,1.309818e-10,2.536209e-10,4.117844e-09,4.117844e-11
8.252117e+00,7.951951e-10,1.315731e-08,1.315731e-10,2.559664e-10,4.133527e-09,4.133527e-11
8.254254e+00,7.959098e-10,1.323103e-08,1.323103e-10,2.583895e-10,4.173056e-09,4.173056e-11
8.256391e+00,7.913105e-10,1.328295e-08,1.328295e-10,2.568761e-10,4.180838e-09,4.180838e-11
8.258527e+00,7.853168e-10,1.332123e-08,1.332123e-10,2.542194e-10,4.177907e-09,4.177907e-11
8.260664e+00,7.838055e-10,1.336406e-08,1.336406e-10,2.547179e-10,4.183415e-09,4.183415e-11
8.262801e+00,7.862560e-10,1.341732e-08,1.341732e-10,2.575309e-10,4.212887e-09,4.212887e-11
8.264938e+00,7.878944e-10,1.346925e-08,1.346925e-10,2.592261e-10,4.248633e-09,4.248633e-11
8.267074e+00,7.867784e-10,1.350010e-08,1.350010e-10,2.592532e-10,4.273270e-09,4.273270e-11
8.269211e+00,7.848047e-10,1.350740e-08,1.350740e-10,2.593804e-10,4.287474e-09,4.287474e-11
8.271348e+00,7.842191e-10,1.351604e-08,1.351604e-10,2.604417e-10,4.307634e-09,4.307634e-11
8.273485e+00,7.855510e-10,1.353954e-08,1.353954e-10,2.620810e-10,4.347952e-09,4.347952e-11
8.275621e+00,7.873805e-10,1.356759e-08,1.356759e-10,2.638021e-10,4.401140e-09,4.401140e-11
8.277758e+00,7.872250e-10,1.357700e-08,1.357700e-10,2.647438e-10,4.446444e-09,4.446444e-11
8.279895e+00,7.838271e-10,1.356027e-08,1.356027e-10,2.640516e-10,4.475190e-09,4.475190e-11
8.282032e+00,7.793053e-10,1.354305e-08,1.354305e-10,2.627911e-10,4.507077e-09,4.507077e-11
8.284168e+00,7.774290e-10,1.354613e-08,1.354613e-10,2.634006e-10,4.561235e-09,4.561235e-11
8.286305e+00,7.789403e-10,1.356624e-08,1.356624e-10,2.659365e-10,4.632678e-09,4.632678e-11
8.288442e+00,7.802639e-10,1.358441e-08,1.358441e-10,2.674109e-10,4.695294e-09,4.695294e-11
8.290579e+00,7.785566e-10,1.358464e-08,1.358464e-10,2.665767e-10,4.741663e-09,4.741663e-11
8.292715e+00,7.761040e-10,1.358042e-08,1.358042e-10,2.664329e-10,4.795268e-09,4.795268e-11
8.294852e+00,7.765952e-10,1.359481e-08,1.359481e-10,2.692131e-10,4.869425e-09,4.869425e-11
8.296989e+00,7.797584e-10,1.362791e-08,1.362791e-10,2.723201e-10,4.952079e-09,4.952079e-11
8.299126e+00,7.831779e-10,1.366696e-08,1.366696e-10,2.730324e-10,5.014784e-09,5.014784e-11
8.301262e+00,7.866239e-10,1.370152e-08,1.370152e-10,2.735889e-10,5.074600e-09,5.074600e-11
8.303399e+00,7.907230e-10,1.373203e-08,1.373203e-10,2.769065e-10,5.141088e-09,5.141088e-11
8.305536e+00,7.940575e-10,1.377100e-08,1.377100e-10,2.807139e-10,5.219853e-09,5.219853e-11
8.307673e+00,7.957121e-10,1.381601e-08,1.381601e-10,2.812762e-10,5.276414e-09,5.276414e-11
8.309809e+00,7.978756e-10,1.387150e-08,1.387150e-10,2.801472e-10,5.321128e-09,5.321128e-11
8.311946e+00,8.023093e-10,1.392736e-08,1.392736e-10,2.815744e-10,5.362600e-09,5.362600e-11
8.314083e+00,8.064365e-10,1.397778e-08,1.397778e-10,2.848175e-10,5.412193e-09,5.412193e-11
8.316220e+00,8.072356e-10,1.402815e-08,1.402815e-10,2.853794e-10,5.447052e-09,5.447052e-11
8.318356e+00,8.076340e-10,1.409979e-08,1.409979e-10,2.834589e-10,5.466277e-09,5.466277e-11
8.320493e+00,8.131174e-10,1.420135e-08,1.420135e-10,2.840155e-10,5.486820e-09,5.486820e-11
8.322630e+00,8.222951e-10,1.433233e-08,1.433233e-10,2.876880e-10,5.514337e-09,5.514337e-11
8.324767e+00,8.278643e-10,1.446283e-08,1.446283e-10,2.891595e-10,5.538311e-09,5.538311e-11
8.326903e+00,8.286233e-10,1.457736e-08,1.457736e-10,2.868075e-10,5.539233e-09,5.539233e-11
8.329040e+00,8.323989e-10,1.471512e-08,1.471512e-10,2.863108e-10,5.554446e-09,5.554446e-11
8.331177e+00,8.435558e-10,1.488929e-08,1.488929e-10,2.907220e-10,5.578321e-09,5.578321e-11
8.333314e+00,8.559111e-10,1.509493e-08,1.509493e-10,2.946395e-10,5.611910e-09,5.611910e-11
8.335450e+00,8.628655e-10,1.529391e-08,1.529391e-10,2.936900e-10,5.607926e-09,5.607926e-11
8.337587e+00,8.673470e-10,1.548597e-08,1.548597e-10,2.924796e-10,5.616879e-09,5.616879e-11
8.339724e+00,8.754349e-10,1.567528e-08,1.567528e-10,2.963725e-10,5.635072e-09,5.635072e-11
8.341861e+00,8.859006e-10,1.588447e-08,1.588447e-10,3.016411e-10,5.674780e-09,5.674780e-11
8.343997e+00,8.936212e-10,1.609555e-08,1.609555e-10,3.019147e-10,5.666595e-09,5.666595e-11
8.346134e+00,8.997270e-10,1.631322e-08,1.631322e-10,3.000176e-10,5.653783e-09,5.653783e-11
8.348271e+00,9.094275e-10,1.653580e-08,1.653580e-10,3.034685e-10,5.664426e-09,5.664426e-11
8.350408e+00,9.211526e-10,1.675934e-08,1.675934e-10,3.105584e-10,5.708103e-09,5.708103e-11
8.352544e+00,9.280037e-10,1.697448e-08,1.697448e-10,3.123914e-10,5.719663e-09,5.719663e-11
8.354681e+00,9.304287e-10,1.717724e-08,1.717724e-10,3.084559e-10,5.679862e-09,5.679862e-11
8.356818e+00,9.367798e-10,1.739280e-08,1.739280e-10,3.081568e-10,5.679549e-09,5.679549e-11
8.358955e+00,9.488570e-10,1.760712e-08,1.760712e-10,3.146542e-10,5.709541e-09,5.709541e-11
8.361091e+00,9.577626e-10,1.780600e-08,1.780600e-10,3.189463e-10,5.753168e-09,5.753168e-11
8.363228e+00,9.583883e-10,1.796300e-08,1.796300e-10,3.151403e-10,5.703748e-09,5.703748e-11
8.365365e+00,9.580580e-10,1.810709e-08,1.810709e-10,3.108049e-10,5.680102e-09,5.680102e-11
8.367502e+00,9.644929e-10,1.823787e-08,1.823787e-10,3.141866e-10,5.684566e-09,5.684566e-11
8.369638e+00,9.731054e-10,1.835278e-08,1.835278e-10,3.202251e-10,5.733053e-09,5.733053e-11
8.371775e+00,9.749658e-10,1.841917e-08,1.841917e-10,3.194452e-10,5.703809e-09,5.703809e-11
8.373912e+00,9.717542e-10,1.844501e-08,1.844501e-10,3.141225e-10,5.648625e-09,5.648625e-11
8.376049e+00,9.723509e-10,1.844635e-08,1.844635e-10,3.140591e-10,5.632508e-09,5.632508e-11
8.378185e+00,9.770828e-10,1.841931e-08,1.841931e-10,3.194260e-10,5.649981e-09,5.649981e-11
8.380322e+00,9.767959e-10,1.834830e-08,1.834830e-10,3.203829e-10,5.645719e-09,5.645719e-11
8.382459e+00,9.682715e-10,1.822052e-08,1.822052e-10,3.140132e-10,5.565616e-09,5.565616e-11
8.384596e+00,9.591404e-10,1.806149e-08,1.806149e-10,3.088162e-10,5.519467e-09,5.519467e-11
8.386732e+00,9.550734e-10,1.787243e-08,1.787243e-10,3.099303e-10,5.487161e-09,5.487161e-11
8.388869e+00,9.519942e-10,1.765699e-08,1.765699e-10,3.112841e-10,5.471782e-09,5.471782e-11
8.391006e+00,9.447694e-10,1.740216e-08,1.740216e-10,3.067924e-10,5.390476e-09,5.390476e-11
8.393143e+00,9.354141e-10,1.712611e-08,1.712611e-10,3.003160e-10,5.312807e-09,5.312807e-11
8.395279e+00,9.275662e-10,1.682876e-08,1.682876e-10,2.980197e-10,5.251552e-09,5.251552e-11
8.397416e+00,9.193768e-10,1.651918e-08,1.651918e-10,2.977294e-10,5.208232e-09,5.208232e-11
8.399553e+00,9.076539e-10,1.619807e-08,1.619807e-10,2.936752e-10,5.143205e-09,5.143205e-11
8.401690e+00,8.949104e-10,1.587854e-08,1.587854e-10,2.869215e-10,5.062641e-09,5.062641e-11
8.403826e+00,8.857509e-10,1.557511e-08,1.557511e-10,2.831249e-10,5.004973e-09,5.004973e-11
8.405963e+00,8.783928e-10,1.528458e-08,1.528458e-10,2.826925e-10,4.960945e-09,4.960945e-11
8.408100e+00,8.669320e-10,1.500233e-08,1.500233e-10,2.806359e-10,4.921098e-09,4.921098e-11
8.410237e+00,8.510236e-10,1.473269e-08,1.473269e-10,2.754380e-10,4.867936e-09,4.867936e-11
8.412373e+00,8.363253e-10,1.449399e-08,1.449399e-10,2.709541e-10,4.826547e-09,4.826547e-11
8.414510e+00,8.252333e-10,1.428963e-08,1.428963e-10,2.689429e-10,4.795269e-09,4.795269e-11
8.416647e+00,8.140559e-10,1.411600e-08,1.411600e-10,2.666512e-10,4.767990e-09,4.767990e-11
8.418784e+00,8.004060e-10,1.396232e-08,1.396232e-10,2.626291e-10,4.736472e-09,4.736472e-11
8.420920e+00,7.871437e-10,1.383331e-08,1.383331e-10,2.589641e-10,4.710053e-09,4.710053e-11
8.423057e+00,7.774501e-10,1.373522e-08,1.373522e-10,2.570123e-10,4.691974e-09,4.691974e-11
8.425194e+00,7.707260e-10,1.366971e-08,1.366971e-10,2.553177e-10,4.678523e-09,4.678523e-11
8.427331e+00,7.653308e-10,1.363295e-08,1.363295e-10,2.530951e-10,4.665577e-09,4.665577e-11
8.429467e+00,7.617915e-10,1.362096e-08,1.362096e-10,2.520550e-10,4.659301e-09,4.659301e-11
8.431604e+00,7.610204e-10,1.362850e-08,1.362850e-10,2.527983e-10,4.661513e-09,4.661513e-11
8.433741e+00,7.620434e-10,1.365208e-08,1.365208e-10,2.534122e-10,4.665344e-09,4.665344e-11
8.435878e+00,7.635613e-10,1.368679e-08,1.368679e-10,2.532899e-10,4.669226e-09,4.669226e-11
8.438014e+00,7.656229e-10,1.372567e-08,1.372567e-10,2.542658e-10,4.679884e-09,4.679884e-11
8.440151e+00,7.680751e-10,1.376337e-08,1.376337e-10,2.567301e-10,4.696060e-09,4.696060e-11
8.442288e+00,7.697251e-10,1.380106e-08,1.380106e-10,2.582310e-10,4.713023e-09,4.713023e-11
8.444424e+00,7.707502e-10,1.384417e-08,1.384417e-10,2.578494e-10,4.722281e-09,4.722281e-11
8.446561e+00,7.733800e-10,1.389766e-08,1.389766e-10,2.584564e-10,4.739163e-09,4.739163e-11
8.448698e+00,7.783314e-10,1.396088e-08,1.396088e-10,2.616255e-10,4.762115e-09,4.762115e-11
8.450835e+00,7.834255e-10,1.403121e-08,1.403121e-10,2.644570e-10,4.786637e-09,4.786637e-11
8.452971e+00,7.876791e-10,1.410689e-08,1.410689e-10,2.647793e-10,4.799319e-09,4.799319e-11
8.455108e+00,7.935548e-10,1.419231e-08,1.419231e-10,2.651415e-10,4.818883e-09,4.818883e-11
8.457245e+00,8.025669e-10,1.428940e-08,1.428940e-10,2.682709e-10,4.848638e-09,4.848638e-11
8.459382e+00,8.117302e-10,1.439771e-08,1.439771e-10,2.720243e-10,4.889125e-09,4.889125e-11
8.461518e+00,8.180555e-10,1.450950e-08,1.450950e-10,2.730817e-10,4.921430e-09,4.921430e-11
8.463655e+00,8.237134e-10,1.462603e-08,1.462603e-10,2.732060e-10,4.958990e-09,4.958990e-11
8.465792e+00,8.322088e-10,1.474254e-08,1.474254e-10,2.762453e-10,5.010545e-09,5.010545e-11
8.467929e+00,8.417507e-10,1.485316e-08,1.485316e-10,2.809491e-10,5.074765e-09,5.074765e-11
8.470065e+00,8.478080e-10,1.494702e-08,1.494702e-10,2.830842e-10,5.131746e-09,5.131746e-11
8.472202e+00,8.509104e-10,1.502910e-08,1.502910e-10,2.830661e-10,5.186156e-09,5.186156e-11
8.474339e+00,8.557302e-10,1.510911e-08,1.510911e-10,2.851983e-10,5.250439e-09,5.250439e-11
8.476476e+00,8.630302e-10,1.519464e-08,1.519464e-10,2.897703e-10,5.327701e-09,5.327701e-11
8.478612e+00,8.687305e-10,1.528029e-08,1.528029e-10,2.922745e-10,5.397843e-09,5.397843e-11
8.480749e+00,8.713926e-10,1.535955e-08,1.535955e-10,2.916615e-10,5.452243e-09,5.452243e-11
8.482886e+00,8.746376e-10,1.543612e-08,1.543612e-10,2.924109e-10,5.509569e-09,5.509569e-11
8.485023e+00,8.801253e-10,1.550907e-08,1.550907e-10,2.961808e-10,5.572236e-09,5.572236e-11
8.487159e+00,8.842149e-10,1.558153e-08,1.558153e-10,2.986175e-10,5.632292e-09,5.632292e-11
8.489296e+00,8.847567e-10,1.564673e-08,1.564673e-10,2.973043e-10,5.665232e-09,5.665232e-11
8.491433e+00,8.855720e-10,1.571392e-08,1.571392e-10,2.965389e-10,5.704789e-09,5.704789e-11
8.493570e+00,8.897857e-10,1.577617e-08,1.577617e-10,2.999025e-10,5.748279e-09,5.748279e-11
8.495706e+00,8.934071e-10,1.582940e-08,1.582940e-10,3.033180e-10,5.802910e-09,5.802910e-11
8.497843e+00,8.915630e-10,1.585803e-08,1.585803e-10,3.018332e-10,5.819249e-09,5.819249e-11
8.499980e+00,8.872053e-10,1.587771e-08,1.587771e-10,2.986664e-10,5.836494e-09,5.836494e-11
8.502117e+00,8.868064e-10,1.590335e-08,1.590335e-10,2.999864e-10,5.863383e-09,5.863383e-11
8.504253e+00,8.900063e-10,1.594340e-08,1.594340e-10,3.042641e-10,5.910742e-09,5.910742e-11
8.506390e+00,8.908310e-10,1.598864e-08,1.598864e-10,3.048272e-10,5.933747e-09,5.933747e-11
8.508527e+00,8.883006e-10,1.603353e-08,1.603353e-10,3.014971e-10,5.930425e-09,5.930425e-11
8.510664e+00,8.879117e-10,1.608967e-08,1.608967e-10,3.010316e-10,5.943377e-09,5.943377e-11
8.512800e+00,8.918221e-10,1.615725e-08,1.615725e-10,3.052227e-10,5.962546e-09,5.962546e-11
8.514937e+00,8.951394e-10,1.623450e-08,1.623450e-10,3.076483e-10,5.975901e-09,5.975901e-11
8.517074e+00,8.943519e-10,1.630486e-08,1.630486e-10,3.047736e-10,5.932488e-09,5.932488e-11
8.519211e+00,8.926686e-10,1.637330e-08,1.637330e-10,3.016491e-10,5.890855e-09,5.890855e-11
8.521347e+00,8.930852e-10,1.642912e-08,1.642912e-10,3.026276e-10,5.840672e-09,5.840672e-11
8.523484e+00,8.922347e-10,1.647101e-08,1.647101e-10,3.036498e-10,5.789495e-09,5.789495e-11
8.525621e+00,8.861872e-10,1.649196e-08,1.649196e-10,2.994075e-10,5.693249e-09,5.693249e-11
8.527758e+00,8.776374e-10,1.650121e-08,1.650121e-10,2.927877e-10,5.587230e-09,5.587230e-11
8.529894e+00,8.716947e-10,1.650354e-08,1.650354e-10,2.901004e-10,5.500028e-09,5.500028e-11
8.532031e+00,8.676700e-10,1.650194e-08,1.650194e-10,2.905799e-10,5.430300e-09,5.430300e-11
8.534168e+00,8.611324e-10,1.648902e-08,1.648902e-10,2.882917e-10,5.358064e-09,5.358064e-11
8.536305e+00,8.522291e-10,1.645914e-08,1.645914e-10,2.825358e-10,5.272118e-09,5.272118e-11
8.538441e+00,8.454320e-10,1.641810e-08,1.641810e-10,2.787179e-10,5.213888e-09,5.213888e-11
8.540578e+00,8.415686e-10,1.636197e-08,1.636197e-10,2.788213e-10,5.175693e-09,5.175693e-11
8.542715e+00,8.366810e-10,1.628844e-08,1.628844e-10,2.783860e-10,5.148827e-09,5.148827e-11
8.544852e+00,8.296580e-10,1.619337e-08,1.619337e-10,2.747363e-10,5.105309e-09,5.105309e-11
8.546988e+00,8.242184e-10,1.607630e-08,1.607630e-10,2.711617e-10,5.063695e-09,5.063695e-11
8.549125e+00,8.211946e-10,1.592053e-08,1.592053e-10,2.701889e-10,5.017375e-09,5.017375e-11
8.551262e+00,8.155771e-10,1.571448e-08,1.571448e-10,2.689564e-10,4.957307e-09,4.957307e-11
8.553399e+00,8.044338e-10,1.545893e-08,1.545893e-10,2.645881e-10,4.869143e-09,4.869143e-11
8.555535e+00,7.924560e-10,1.517925e-08,1.517925e-10,2.594386e-10,4.768912e-09,4.768912e-11
8.557672e+00,7.856813e-10,1.489515e-08,1.489515e-10,2.571659e-10,4.673795e-09,4.673795e-11
8.559809e+00,7.832055e-10,1.461535e-08,1.461535e-10,2.568583e-10,4.591091e-09,4.591091e-11
8.561946e+00,7.793697e-10,1.433134e-08,1.433134e-10,2.551902e-10,4.510463e-09,4.510463e-11
8.564082e+00,7.721601e-10,1.403349e-08,1.403349e-10,2.521497e-10,4.432482e-09,4.432482e-11
8.566219e+00,7.651076e-10,1.373523e-08,1.373523e-10,2.504307e-10,4.366969e-09,4.366969e-11
8.568356e+00,7.612817e-10,1.346443e-08,1.346443e-10,2.504268e-10,4.324508e-09,4.324508e-11
8.570493e+00,7.599953e-10,1.323113e-08,1.323113e-10,2.502180e-10,4.294586e-09,4.294586e-11
8.572629e+00,7.599002e-10,1.303332e-08,1.303332e-10,2.499084e-10,4.275729e-09,4.275729e-11
8.574766e+00,7.604713e-10,1.286154e-08,1.286154e-10,2.512469e-10,4.266062e-09,4.266062e-11
8.576903e+00,7.598758e-10,1.270079e-08,1.270079e-10,2.532172e-10,4.265396e-09,4.265396e-11
8.579040e+00,7.560510e-10,1.255117e-08,1.255117e-10,2.528945e-10,4.261134e-09,4.261134e-11
8.581176e+00,7.506949e-10,1.242465e-08,1.242465e-10,2.507507e-10,4.256041e-09,4.256041e-11
8.583313e+00,7.479042e-10,1.233495e-08,1.233495e-10,2.503456e-10,4.263101e-09,4.263101e-11
8.585450e+00,7.482172e-10,1.228204e-08,1.228204e-10,2.523695e-10,4.280735e-09,4.280735e-11
8.587587e+00,7.479979e-10,1.225863e-08,1.225863e-10,2.534969e-10,4.306522e-09,4.306522e-11
8.589723e+00,7.451910e-10,1.225625e-08,1.225625e-10,2.520887e-10,4.325002e-09,4.325002e-11
8.591860e+00,7.422763e-10,1.226960e-08,1.226960e-10,2.509131e-10,4.353761e-09,4.353761e-11
8.593997e+00,7.420758e-10,1.228754e-08,1.228754e-10,2.522805e-10,4.380560e-09,4.380560e-11
8.596134e+00,7.433495e-10,1.231496e-08,1.231496e-10,2.540079e-10,4.408937e-09,4.408937e-11
8.598270e+00,7.434527e-10,1.234946e-08,1.234946e-10,2.533033e-10,4.420427e-09,4.420427e-11
8.600407e+00,7.433445e-10,1.238404e-08,1.238404e-10,2.519388e-10,4.432769e-09,4.432769e-11
8.602544e+00,7.459811e-10,1.241588e-08,1.241588e-10,2.533943e-10,4.449999e-09,4.449999e-11
8.604681e+00,7.507106e-10,1.243860e-08,1.243860e-10,2.566166e-10,4.462011e-09,4.462011e-11
8.606817e+00,7.538635e-10,1.244280e-08,1.244280e-10,2.575153e-10,4.453904e-09,4.453904e-11
8.608954e+00,7.545227e-10,1.243238e-08,1.243238e-10,2.557406e-10,4.427399e-09,4.427399e-11
8.611091e+00,7.551609e-10,1.241543e-08,1.241543e-10,2.549481e-10,4.410279e-09,4.410279e-11
8.613228e+00,7.569265e-10,1.238974e-08,1.238974e-10,2.564746e-10,4.393359e-09,4.393359e-11
8.615364e+00,7.582591e-10,1.235557e-08,1.235557e-10,2.574229e-10,4.367262e-09,4.367262e-11
8.617501e+00,7.584510e-10,1.231748e-08,1.231748e-10,2.559246e-10,4.321006e-09,4.321006e-11
8.619638e+00,7.591567e-10,1.228625e-08,1.228625e-10,2.542393e-10,4.281465e-09,4.281465e-11
8.621775e+00,7.611269e-10,1.225742e-08,1.225742e-10,2.546526e-10,4.254423e-09,4.254423e-11
8.623911e+00,7.623198e-10,1.222557e-08,1.222557e-10,2.555298e-10,4.230084e-09,4.230084e-11
8.626048e+00,7.614410e-10,1.218834e-08,1.218834e-10,2.542833e-10,4.189829e-09,4.189829e-11
8.628185e+00,7.610367e-10,1.215876e-08,1.215876e-10,2.519834e-10,4.144233e-09,4.144233e-11
8.630321e+00,7.636772e-10,1.214676e-08,1.214676e-10,2.515061e-10,4.114203e-09,4.114203e-11
8.632458e+00,7.670587e-10,1.214378e-08,1.214378e-10,2.525011e-10,4.097582e-09,4.097582e-11
8.634595e+00,7.670024e-10,1.213376e-08,1.213376e-10,2.519829e-10,4.074657e-09,4.074657e-11
8.636732e+00,7.639029e-10,1.211580e-08,1.211580e-10,2.493045e-10,4.033827e-09,4.033827e-11
8.638868e+00,7.621624e-10,1.210606e-08,1.210606e-10,2.469873e-10,3.994259e-09,3.994259e-11
8.641005e+00,7.638229e-10,1.212012e-08,1.212012e-10,2.465920e-10,3.972747e-09,3.972747e-11
8.643142e+00,7.663933e-10,1.215777e-08,1.215777e-10,2.468004e-10,3.967450e-09,3.967450e-11
8.645279e+00,7.674635e-10,1.220349e-08,1.220349e-10,2.462514e-10,3.962350e-09,3.962350e-11
8.647415e+00,7.688745e-10,1.226195e-08,1.226195e-10,2.459866e-10,3.958958e-09,3.958958e-11
8.649552e+00,7.741752e-10,1.235005e-08,1.235005e-10,2.475917e-10,3.972374e-09,3.972374e-11
8.651689e+00,7.829156e-10,1.247970e-08,1.247970e-10,2.503776e-10,4.012284e-09,4.012284e-11
8.653826e+00,7.906088e-10,1.264353e-08,1.264353e-10,2.524057e-10,4.068258e-09,4.068258e-11
8.655962e+00,7.946584e-10,1.282185e-08,1.282185e-10,2.534553e-10,4.130104e-09,4.130104e-11
8.658099e+00,7.972980e-10,1.301802e-08,1.301802e-10,2.548943e-10,4.196279e-09,4.196279e-11
8.660236e+00,8.020830e-10,1.325257e-08,1.325257e-10,2.571896e-10,4.277246e-09,4.277246e-11
8.662373e+00,8.101694e-10,1.353371e-08,1.353371e-10,2.596707e-10,4.373132e-09,4.373132e-11
8.664509e+00,8.200631e-10,1.385629e-08,1.385629e-10,2.622025e-10,4.478844e-09,4.478844e-11
8.666646e+00,8.290845e-10,1.419771e-08,1.419771e-10,2.650700e-10,4.585156e-09,4.585156e-11
8.668783e+00,8.355644e-10,1.453402e-08,1.453402e-10,2.677296e-10,4.686933e-09,4.686933e-11
8.670920e+00,8.406036e-10,1.487762e-08,1.487762e-10,2.693907e-10,4.790439e-09,4.790439e-11
8.673056e+00,8.470314e-10,1.524079e-08,1.524079e-10,2.705021e-10,4.897963e-09,4.897963e-11
8.675193e+00,8.562616e-10,1.561557e-08,1.561557e-10,2.723439e-10,5.009418e-09,5.009418e-11
8.677330e+00,8.668325e-10,1.598583e-08,1.598583e-10,2.751614e-10,5.115994e-09,5.115994e-11
8.679467e+00,8.759120e-10,1.632903e-08,1.632903e-10,2.776252e-10,5.214766e-09,5.214766e-11
8.681603e+00,8.822172e-10,1.663606e-08,1.663606e-10,2.786811e-10,5.305347e-09,5.305347e-11
8.683740e+00,8.873914e-10,1.691619e-08,1.691619e-10,2.791317e-10,5.389854e-09,5.389854e-11
8.685877e+00,8.935982e-10,1.717142e-08,1.717142e-10,2.803104e-10,5.466110e-09,5.466110e-11
8.688014e+00,9.004659e-10,1.739384e-08,1.739384e-10,2.820274e-10,5.526650e-09,5.526650e-11
8.690150e+00,9.057509e-10,1.757069e-08,1.757069e-10,2.830791e-10,5.570018e-09,5.570018e-11
8.692287e+00,9.082365e-10,1.769282e-08,1.769282e-10,2.831063e-10,5.597681e-09,5.597681e-11
8.694424e+00,9.085574e-10,1.776823e-08,1.776823e-10,2.827928e-10,5.612771e-09,5.612771e-11
8.696561e+00,9.080990e-10,1.780592e-08,1.780592e-10,2.827340e-10,5.614230e-09,5.614230e-11
8.698697e+00,9.078971e-10,1.780589e-08,1.780589e-10,2.828894e-10,5.598603e-09,5.598603e-11
8.700834e+00,9.074628e-10,1.776484e-08,1.776484e-10,2.827135e-10,5.567989e-09,5.567989e-11
8.702971e+00,9.049554e-10,1.767487e-08,1.767487e-10,2.815392e-10,5.523578e-09,5.523578e-11
8.705108e+00,8.995721e-10,1.753821e-08,1.753821e-10,2.793475e-10,5.467000e-09,5.467000e-11
8.707244e+00,8.931735e-10,1.737118e-08,1.737118e-10,2.771525e-10,5.402088e-09,5.402088e-11
8.709381e+00,8.881780e-10,1.718082e-08,1.718082e-10,2.758579e-10,5.328596e-09,5.328596e-11
8.711518e+00,8.840470e-10,1.696525e-08,1.696525e-10,2.747534e-10,5.249481e-09,5.249481e-11
8.713655e+00,8.775051e-10,1.671641e-08,1.671641e-10,2.721648e-10,5.158049e-09,5.158049e-11
8.715791e+00,8.671030e-10,1.642910e-08,1.642910e-10,2.681480e-10,5.056585e-09,5.056585e-11
8.717928e+00,8.561197e-10,1.611718e-08,1.611718e-10,2.652476e-10,4.954735e-09,4.954735e-11
8.720065e+00,8.484870e-10,1.579485e-08,1.579485e-10,2.649443e-10,4.855846e-09,4.855846e-11
8.722202e+00,8.432396e-10,1.546584e-08,1.546584e-10,2.649617e-10,4.760357e-09,4.760357e-11
8.724338e+00,8.364326e-10,1.511736e-08,1.511736e-10,2.627139e-10,4.645497e-09,4.645497e-11
8.726475e+00,8.274807e-10,1.474338e-08,1.474338e-10,2.598122e-10,4.532266e-09,4.532266e-11
8.728612e+00,8.196037e-10,1.435265e-08,1.435265e-10,2.596412e-10,4.426397e-09,4.426397e-11
8.730749e+00,8.141897e-10,1.396648e-08,1.396648e-10,2.614365e-10,4.338734e-09,4.338734e-11
8.732885e+00,8.088970e-10,1.359742e-08,1.359742e-10,2.610028e-10,4.244923e-09,4.244923e-11
8.735022e+00,8.018642e-10,1.324472e-08,1.324472e-10,2.574947e-10,4.133762e-09,4.133762e-11
8.737159e+00,7.942991e-10,1.290137e-08,1.290137e-10,2.550052e-10,4.042226e-09,4.042226e-11
8.739296e+00,7.871871e-10,1.255292e-08,1.255292e-10,2.556545e-10,3.959616e-09,3.959616e-11
8.741432e+00,7.784881e-10,1.221383e-08,1.221383e-10,2.554648e-10,3.895185e-09,3.895185e-11
8.743569e+00,7.670221e-10,1.189927e-08,1.189927e-10,2.507663e-10,3.787999e-09,3.787999e-11
8.745706e+00,7.563876e-10,1.164836e-08,1.164836e-10,2.450938e-10,3.702327e-09,3.702327e-11
8.747843e+00,7.503294e-10,1.147331e-08,1.147331e-10,2.441749e-10,3.660128e-09,3.660128e-11
8.749979e+00,7.459814e-10,1.135578e-08,1.135578e-10,2.462794e-10,3.667198e-09,3.667198e-11
8.752116e+00,7.376026e-10,1.124901e-08,1.124901e-10,2.446564e-10,3.656856e-09,3.656856e-11
8.754253e+00,7.261121e-10,1.113641e-08,1.113641e-10,2.388277e-10,3.604836e-09,3.604836e-11
8.756390e+00,7.183141e-10,1.105464e-08,1.105464e-10,2.356744e-10,3.596976e-09,3.596976e-11
8.758526e+00,7.164924e-10,1.103897e-08,1.103897e-10,2.382424e-10,3.629517e-09,3.629517e-11
8.760663e+00,7.151795e-10,1.110553e-08,1.110553e-10,2.408532e-10,3.706203e-09,3.706203e-11
8.762800e+00,7.104250e-10,1.121804e-08,1.121804e-10,2.386858e-10,3.737213e-09,3.737213e-11
8.764937e+00,7.059176e-10,1.133975e-08,1.133975e-10,2.356416e-10,3.782386e-09,3.782386e-11
8.767073e+00,7.055423e-10,1.140560e-08,1.140560e-10,2.371849e-10,3.824930e-09,3.824930e-11
8.769210e+00,7.053650e-10,1.140742e-08,1.140742e-10,2.405953e-10,3.872317e-09,3.872317e-11
8.771347e+00,6.997047e-10,1.137183e-08,1.137183e-10,2.395246e-10,3.875278e-09,3.875278e-11
8.773484e+00,6.919724e-10,1.137518e-08,1.137518e-10,2.352718e-10,3.863629e-09,3.863629e-11
8.775620e+00,6.909528e-10,1.146688e-08,1.146688e-10,2.352278e-10,3.900654e-09,3.900654e-11
8.777757e+00,6.974162e-10,1.161371e-08,1.161371e-10,2.405896e-10,3.968713e-09,3.968713e-11
8.779894e+00,7.029172e-10,1.171522e-08,1.171522e-10,2.443010e-10,4.021471e-09,4.021471e-11
8.782031e+00,7.026333e-10,1.169193e-08,1.169193e-10,2.428046e-10,3.996466e-09,3.996466e-11
8.784167e+00,7.016194e-10,1.159588e-08,1.159588e-10,2.413894e-10,3.971106e-09,3.971106e-11
8.786304e+00,7.057378e-10,1.153707e-08,1.153707e-10,2.446811e-10,3.968641e-09,3.968641e-11
8.788441e+00,7.134077e-10,1.161052e-08,1.161052e-10,2.493265e-10,4.015422e-09,4.015422e-11
8.790578e+00,7.202471e-10,1.180286e-08,1.180286e-10,2.506754e-10,4.060067e-09,4.060067e-11
8.792714e+00,7.262159e-10,1.204219e-08,1.204219e-10,2.507639e-10,4.122237e-09,4.122237e-11
8.794851e+00,7.326262e-10,1.219342e-08,1.219342e-10,2.536317e-10,4.168482e-09,4.168482e-11
8.796988e+00,7.365130e-10,1.220683e-08,1.220683e-10,2.572133e-10,4.187771e-09,4.187771e-11
8.799125e+00,7.352161e-10,1.215896e-08,1.215896e-10,2.570431e-10,4.170345e-09,4.170345e-11
8.801261e+00,7.336865e-10,1.219223e-08,1.219223e-10,2.550353e-10,4.164435e-09,4.164435e-11
8.803398e+00,7.394972e-10,1.239084e-08,1.239084e-10,2.571309e-10,4.216852e-09,4.216852e-11
8.805535e+00,7.513390e-10,1.271482e-08,1.271482e-10,2.631982e-10,4.318315e-09,4.318315e-11
8.807671e+00,7.599192e-10,1.302081e-08,1.302081e-10,2.666358e-10,4.408701e-09,4.408701e-11
8.809808e+00,7.607687e-10,1.316067e-08,1.316067e-10,2.649155e-10,4.423194e-09,4.423194e-11
8.811945e+00,7.593045e-10,1.314012e-08,1.314012e-10,2.631422e-10,4.400801e-09,4.400801e-11
8.814082e+00,7.617367e-10,1.308527e-08,1.308527e-10,2.649500e-10,4.378319e-09,4.378319e-11
8.816218e+00,7.672935e-10,1.313570e-08,1.313570e-10,2.671447e-10,4.394230e-09,4.394230e-11
8.818355e+00,7.726785e-10,1.332505e-08,1.332505e-10,2.666880e-10,4.420332e-09,4.420332e-11
8.820492e+00,7.783500e-10,1.359678e-08,1.359678e-10,2.665105e-10,4.483711e-09,4.483711e-11
8.822629e+00,7.854163e-10,1.380042e-08,1.380042e-10,2.697324e-10,4.537731e-09,4.537731e-11
8.824765e+00,7.905119e-10,1.381309e-08,1.381309e-10,2.730554e-10,4.545972e-09,4.545972e-11
8.826902e+00,7.898765e-10,1.366079e-08,1.366079e-10,2.718299e-10,4.483448e-09,4.483448e-11
8.829039e+00,7.865633e-10,1.349766e-08,1.349766e-10,2.682432e-10,4.412056e-09,4.412056e-11
8.831176e+00,7.875769e-10,1.345995e-08,1.345995e-10,2.681778e-10,4.391694e-09,4.391694e-11
8.833312e+00,7.944617e-10,1.357296e-08,1.357296e-10,2.720102e-10,4.427091e-09,4.427091e-11
8.835449e+00,8.014710e-10,1.374863e-08,1.374863e-10,2.742920e-10,4.478747e-09,4.478747e-11
8.837586e+00,8.033456e-10,1.382546e-08,1.382546e-10,2.722705e-10,4.476078e-09,4.476078e-11
8.839723e+00,8.007975e-10,1.371459e-08,1.371459e-10,2.692354e-10,4.419610e-09,4.419610e-11
8.841859e+00,7.974576e-10,1.348608e-08,1.348608e-10,2.681122e-10,4.329030e-09,4.329030e-11
8.843996e+00,7.955117e-10,1.329849e-08,1.329849e-10,2.673411e-10,4.252419e-09,4.252419e-11
8.846133e+00,7.957439e-10,1.325430e-08,1.325430e-10,2.652701e-10,4.200437e-09,4.200437e-11
8.848270e+00,7.982715e-10,1.334970e-08,1.334970e-10,2.635422e-10,4.190416e-09,4.190416e-11
8.850406e+00,8.009595e-10,1.347769e-08,1.347769e-10,2.635389e-10,4.199302e-09,4.199302e-11
8.852543e+00,8.001986e-10,1.350054e-08,1.350054e-10,2.633105e-10,4.177103e-09,4.177103e-11
8.854680e+00,7.954074e-10,1.337603e-08,1.337603e-10,2.606954e-10,4.101818e-09,4.101818e-11
8.856817e+00,7.902262e-10,1.320079e-08,1.320079e-10,2.568000e-10,4.004497e-09,4.004497e-11
8.858953e+00,7.881294e-10,1.310675e-08,1.310675e-10,2.540732e-10,3.934906e-09,3.934906e-11
8.861090e+00,7.891711e-10,1.314436e-08,1.314436e-10,2.531923e-10,3.914270e-09,3.914270e-11
8.863227e+00,7.917770e-10,1.327900e-08,1.327900e-10,2.535142e-10,3.935788e-09,3.935788e-11
8.865364e+00,7.950082e-10,1.342815e-08,1.342815e-10,2.543961e-10,3.968752e-09,3.968752e-11
8.867500e+00,7.981713e-10,1.350295e-08,1.350295e-10,2.550280e-10,3.976546e-09,3.976546e-11
8.869637e+00,8.003624e-10,1.348852e-08,1.348852e-10,2.546134e-10,3.950540e-09,3.950540e-11
8.871774e+00,8.015267e-10,1.345448e-08,1.345448e-10,2.537363e-10,3.919177e-09,3.919177e-11
8.873911e+00,8.030255e-10,1.346368e-08,1.346368e-10,2.543480e-10,3.912168e-09,3.912168e-11
8.876047e+00,8.058770e-10,1.353938e-08,1.353938e-10,2.567821e-10,3.943630e-09,3.943630e-11
8.878184e+00,8.095250e-10,1.367384e-08,1.367384e-10,2.587011e-10,3.995298e-09,3.995298e-11
8.880321e+00,8.137493e-10,1.381181e-08,1.381181e-10,2.591911e-10,4.038706e-09,4.038706e-11
8.882458e+00,8.198547e-10,1.389823e-08,1.389823e-10,2.608542e-10,4.069902e-09,4.069902e-11
8.884594e+00,8.277460e-10,1.392981e-08,1.392981e-10,2.650529e-10,4.089162e-09,4.089162e-11
8.886731e+00,8.344633e-10,1.394671e-08,1.394671e-10,2.685319e-10,4.111959e-09,4.111959e-11
8.888868e+00,8.391097e-10,1.398949e-08,1.398949e-10,2.686917e-10,4.121885e-09,4.121885e-11
8.891005e+00,8.459185e-10,1.408410e-08,1.408410e-10,2.688949e-10,4.154197e-09,4.154197e-11
8.893141e+00,8.579901e-10,1.420893e-08,1.420893e-10,2.732320e-10,4.203228e-09,4.203228e-11
8.895278e+00,8.710381e-10,1.431736e-08,1.431736e-10,2.789478e-10,4.260913e-09,4.260913e-11
8.897415e+00,8.784373e-10,1.436695e-08,1.436695e-10,2.802666e-10,4.278316e-09,4.278316e-11
8.899552e+00,8.804644e-10,1.436272e-08,1.436272e-10,2.777963e-10,4.265893e-09,4.265893e-11
8.901688e+00,8.830228e-10,1.433824e-08,1.433824e-10,2.776340e-10,4.262017e-09,4.262017e-11
8.903825e+00,8.879621e-10,1.431695e-08,1.431695e-10,2.812773e-10,4.274016e-09,4.274016e-11
8.905962e+00,8.905631e-10,1.429507e-08,1.429507e-10,2.831303e-10,4.286016e-09,4.286016e-11
8.908099e+00,8.878860e-10,1.425299e-08,1.425299e-10,2.801658e-10,4.257628e-09,4.257628e-11
8.910235e+00,8.834918e-10,1.418699e-08,1.418699e-10,2.771171e-10,4.238037e-09,4.238037e-11
8.912372e+00,8.806615e-10,1.409804e-08,1.409804e-10,2.779599e-10,4.220561e-09,4.220561e-11
8.914509e+00,8.768528e-10,1.400267e-08,1.400267e-10,2.789388e-10,4.213980e-09,4.213980e-11
8.916646e+00,8.694405e-10,1.390862e-08,1.390862e-10,2.755359e-10,4.170318e-09,4.170318e-11
8.918782e+00,8.617601e-10,1.383619e-08,1.383619e-10,2.707337e-10,4.133832e-09,4.133832e-11
8.920919e+00,8.580479e-10,1.378655e-08,1.378655e-10,2.698747e-10,4.115180e-09,4.115180e-11
8.923056e+00,8.565173e-10,1.376096e-08,1.376096e-10,2.714572e-10,4.118291e-09,4.118291e-11
8.925193e+00,8.528205e-10,1.374413e-08,1.374413e-10,2.701112e-10,4.103487e-09,4.103487e-11
8.927329e+00,8.473543e-10,1.373788e-08,1.373788e-10,2.659718e-10,4.077151e-09,4.077151e-11
8.929466e+00,8.436077e-10,1.374254e-08,1.374254e-10,2.638583e-10,4.065918e-09,4.065918e-11
8.931603e+00,8.410242e-10,1.375507e-08,1.375507e-10,2.644318e-10,4.068265e-09,4.068265e-11
8.933740e+00,8.359025e-10,1.377402e-08,1.377402e-10,2.633366e-10,4.070605e-09,4.070605e-11
8.935876e+00,8.291861e-10,1.379939e-08,1.379939e-10,2.595680e-10,4.056230e-09,4.056230e-11
8.938013e+00,8.263265e-10,1.384038e-08,1.384038e-10,2.575591e-10,4.057457e-09,4.057457e-11
8.940150e+00,8.277496e-10,1.389101e-08,1.389101e-10,2.588266e-10,4.065596e-09,4.065596e-11
8.942287e+00,8.269628e-10,1.393897e-08,1.393897e-10,2.587894e-10,4.076053e-09,4.076053e-11
8.944423e+00,8.212968e-10,1.397366e-08,1.397366e-10,2.551743e-10,4.063728e-09,4.063728e-11
8.946560e+00,8.170096e-10,1.402282e-08,1.402282e-10,2.525061e-10,4.068246e-09,4.068246e-11
8.948697e+00,8.196338e-10,1.408917e-08,1.408917e-10,2.541726e-10,4.083518e-09,4.083518e-11
8.950834e+00,8.258057e-10,1.416929e-08,1.416929e-10,2.564431e-10,4.107880e-09,4.107880e-11
8.952970e+00,8.295539e-10,1.424868e-08,1.424868e-10,2.553335e-10,4.104768e-09,4.104768e-11
8.955107e+00,8.313870e-10,1.432594e-08,1.432594e-10,2.538220e-10,4.112581e-09,4.112581e-11
8.957244e+00,8.356713e-10,1.440497e-08,1.440497e-10,2.563831e-10,4.137554e-09,4.137554e-11
8.959381e+00,8.425200e-10,1.449635e-08,1.449635e-10,2.607908e-10,4.181347e-09,4.181347e-11
8.961517e+00,8.481803e-10,1.459557e-08,1.459557e-10,2.619114e-10,4.201988e-09,4.201988e-11
8.963654e+00,8.520600e-10,1.470490e-08,1.470490e-10,2.607432e-10,4.218390e-09,4.218390e-11
8.965791e+00,8.570770e-10,1.482914e-08,1.482914e-10,2.625200e-10,4.259242e-09,4.259242e-11
8.967928e+00,8.631545e-10,1.496474e-08,1.496474e-10,2.671070e-10,4.323416e-09,4.323416e-11
8.970064e+00,8.669852e-10,1.511078e-08,1.511078e-10,2.689909e-10,4.382378e-09,4.382378e-11
8.972201e+00,8.691409e-10,1.526616e-08,1.526616e-10,2.671824e-10,4.417302e-09,4.417302e-11
8.974338e+00,8.746359e-10,1.543963e-08,1.543963e-10,2.672482e-10,4.471738e-09,4.471738e-11
8.976475e+00,8.846773e-10,1.562877e-08,1.562877e-10,2.717124e-10,4.544519e-09,4.544519e-11
8.978611e+00,8.943316e-10,1.582465e-08,1.582465e-10,2.758833e-10,4.629919e-09,4.629919e-11
8.980748e+00,9.004858e-10,1.601526e-08,1.601526e-10,2.761514e-10,4.689367e-09,4.689367e-11
8.982885e+00,9.063758e-10,1.620272e-08,1.620272e-10,2.759060e-10,4.751675e-09,4.751675e-11
8.985022e+00,9.153171e-10,1.638815e-08,1.638815e-10,2.791752e-10,4.822378e-09,4.822378e-11
8.987158e+00,9.247898e-10,1.657275e-08,1.657275e-10,2.837642e-10,4.907909e-09,4.907909e-11
8.989295e+00,9.307916e-10,1.674669e-08,1.674669e-10,2.855864e-10,4.983095e-09,4.983095e-11
8.991432e+00,9.345336e-10,1.690503e-08,1.690503e-10,2.857156e-10,5.051578e-09,5.051578e-11
8.993568e+00,9.401274e-10,1.704788e-08,1.704788e-10,2.879197e-10,5.118167e-09,5.118167e-11
8.995705e+00,9.477213e-10,1.718125e-08,1.718125e-10,2.919689e-10,5.189893e-09,5.189893e-11
8.997842e+00,9.539284e-10,1.730515e-08,1.730515e-10,2.946982e-10,5.260455e-09,5.260455e-11
8.999979e+00,9.577179e-10,1.741432e-08,1.741432e-10,2.959001e-10,5.326976e-09,5.326976e-11
9.002115e+00,9.609134e-10,1.750115e-08,1.750115e-10,2.978893e-10,5.386906e-09,5.386906e-11
9.004252e+00,9.639555e-10,1.756711e-08,1.756711e-10,3.005549e-10,5.438736e-09,5.438736e-11
9.006389e+00,9.657220e-10,1.761852e-08,1.761852e-10,3.019133e-10,5.483690e-09,5.483690e-11
9.008526e+00,9.665045e-10,1.766270e-08,1.766270e-10,3.024200e-10,5.526996e-09,5.526996e-11
9.010662e+00,9.670614e-10,1.769455e-08,1.769455e-10,3.039379e-10,5.567595e-09,5.567595e-11
9.012799e+00,9.659570e-10,1.770448e-08,1.770448e-10,3.054037e-10,5.596064e-09,5.596064e-11
9.014936e+00,9.618532e-10,1.769713e-08,1.769713e-10,3.043155e-10,5.605100e-09,5.605100e-11
9.017073e+00,9.574881e-10,1.768523e-08,1.768523e-10,3.019881e-10,5.606644e-09,5.606644e-11
9.019209e+00,9.569679e-10,1.767749e-08,1.767749e-10,3.021612e-10,5.612400e-09,5.612400e-11
9.021346e+00,9.589154e-10,1.766521e-08,1.766521e-10,3.042300e-10,5.617688e-09,5.617688e-11
9.023483e+00,9.572172e-10,1.762865e-08,1.762865e-10,3.034821e-10,5.601434e-09,5.601434e-11
9.025620e+00,9.500898e-10,1.756520e-08,1.756520e-10,2.991463e-10,5.560842e-09,5.560842e-11
9.027756e+00,9.430603e-10,1.749814e-08,1.749814e-10,2.962338e-10,5.524610e-09,5.524610e-11
9.029893e+00,9.401614e-10,1.743730e-08,1.743730e-10,2.970870e-10,5.496920e-09,5.496920e-11
9.032030e+00,9.377894e-10,1.737984e-08,1.737984e-10,2.971893e-10,5.468188e-09,5.468188e-11
9.034167e+00,9.314533e-10,1.730503e-08,1.730503e-10,2.931357e-10,5.404833e-09,5.404833e-11
9.036303e+00,9.235244e-10,1.721320e-08,1.721320e-10,2.889399e-10,5.342228e-09,5.342228e-11
9.038440e+00,9.191297e-10,1.712437e-08,1.712437e-10,2.892484e-10,5.291536e-09,5.291536e-11
9.040577e+00,9.179190e-10,1.705396e-08,1.705396e-10,2.912270e-10,5.263375e-09,5.263375e-11
9.042714e+00,9.151650e-10,1.698945e-08,1.698945e-10,2.892160e-10,5.210424e-09,5.210424e-11
9.044850e+00,9.091663e-10,1.691808e-08,1.691808e-10,2.840321e-10,5.146571e-09,5.146571e-11
9.046987e+00,9.026399e-10,1.683179e-08,1.683179e-10,2.811563e-10,5.093440e-09,5.093440e-11
9.049124e+00,8.974093e-10,1.674172e-08,1.674172e-10,2.813921e-10,5.061902e-09,5.061902e-11
9.051261e+00,8.925223e-10,1.666540e-08,1.666540e-10,2.801811e-10,5.034182e-09,5.034182e-11
9.053397e+00,8.879390e-10,1.660332e-08,1.660332e-10,2.761055e-10,4.988936e-09,4.988936e-11
9.055534e+00,8.851529e-10,1.654703e-08,1.654703e-10,2.732288e-10,4.955872e-09,4.955872e-11
9.057671e+00,8.830945e-10,1.647735e-08,1.647735e-10,2.736487e-10,4.928604e-09,4.928604e-11
9.059808e+00,8.784285e-10,1.639143e-08,1.639143e-10,2.739908e-10,4.912970e-09,4.912970e-11
9.061944e+00,8.714969e-10,1.630454e-08,1.630454e-10,2.717664e-10,4.884044e-09,4.884044e-11
9.064081e+00,8.671647e-10,1.623355e-08,1.623355e-10,2.698774e-10,4.863535e-09,4.863535e-11
9.066218e+00,8.677289e-10,1.617823e-08,1.617823e-10,2.714676e-10,4.853318e-09,4.853318e-11
9.068355e+00,8.690701e-10,1.613199e-08,1.613199e-10,2.745362e-10,4.855933e-09,4.855933e-11
9.070491e+00,8.662562e-10,1.607429e-08,1.607429e-10,2.754038e-10,4.856815e-09,4.856815e-11
9.072628e+00,8.599884e-10,1.599933e-08,1.599933e-10,2.743163e-10,4.854618e-09,4.854618e-11
9.074765e+00,8.548586e-10,1.592349e-08,1.592349e-10,2.740562e-10,4.858205e-09,4.858205e-11
9.076902e+00,8.534172e-10,1.586680e-08,1.586680e-10,2.754373e-10,4.870578e-09,4.870578e-11
9.079038e+00,8.548554e-10,1.584013e-08,1.584013e-10,2.774121e-10,4.895059e-09,4.895059e-11
9.081175e+00,8.578763e-10,1.584310e-08,1.584310e-10,2.798392e-10,4.933270e-09,4.933270e-11
9.083312e+00,8.614972e-10,1.586350e-08,1.586350e-10,2.829632e-10,4.982029e-09,4.982029e-11
9.085449e+00,8.639896e-10,1.588125e-08,1.588125e-10,2.855277e-10,5.028523e-09,5.028523e-11
9.087585e+00,8.644996e-10,1.589028e-08,1.589028e-10,2.865609e-10,5.068635e-09,5.068635e-11
9.089722e+00,8.648269e-10,1.591116e-08,1.591116e-10,2.875620e-10,5.114583e-09,5.114583e-11
9.091859e+00,8.668734e-10,1.596337e-08,1.596337e-10,2.899980e-10,5.175616e-09,5.175616e-11
9.093996e+00,8.699460e-10,1.605003e-08,1.605003e-10,2.924736e-10,5.248419e-09,5.248419e-11
9.096132e+00,8.729154e-10,1.616815e-08,1.616815e-10,2.932702e-10,5.323360e-09,5.323360e-11
9.098269e+00,8.769739e-10,1.630287e-08,1.630287e-10,2.938158e-10,5.402784e-09,5.402784e-11
9.100406e+00,8.833205e-10,1.643217e-08,1.643217e-10,2.962076e-10,5.484276e-09,5.484276e-11
9.102543e+00,8.901181e-10,1.655199e-08,1.655199e-10,2.989129e-10,5.568124e-09,5.568124e-11
9.104679e+00,8.951857e-10,1.667433e-08,1.667433e-10,2.991767e-10,5.642913e-09,5.642913e-11
9.106816e+00,9.005573e-10,1.681789e-08,1.681789e-10,2.985421e-10,5.720686e-09,5.720686e-11
9.108953e+00,9.105199e-10,1.699393e-08,1.699393e-10,3.010447e-10,5.809139e-09,5.809139e-11
9.111090e+00,9.246506e-10,1.719575e-08,1.719575e-10,3.062828e-10,5.909630e-09,5.909630e-11
9.113226e+00,9.372482e-10,1.739159e-08,1.739159e-10,3.095740e-10,5.999234e-09,5.999234e-11
9.115363e+00,9.450523e-10,1.754939e-08,1.754939e-10,3.095141e-10,6.067253e-09,6.067253e-11
9.117500e+00,9.510980e-10,1.767252e-08,1.767252e-10,3.100395e-10,6.128796e-09,6.128796e-11
9.119637e+00,9.593623e-10,1.779519e-08,1.779519e-10,3.134912e-10,6.191177e-09,6.191177e-11
9.121773e+00,9.700768e-10,1.794266e-08,1.794266e-10,3.170757e-10,6.256209e-09,6.256209e-11
9.123910e+00,9.822939e-10,1.811746e-08,1.811746e-10,3.187149e-10,6.307788e-09,6.307788e-11
9.126047e+00,9.960708e-10,1.830428e-08,1.830428e-10,3.209007e-10,6.361947e-09,6.361947e-11
9.128184e+00,1.009837e-09,1.846935e-08,1.846935e-10,3.254702e-10,6.408408e-09,6.408408e-11
9.130320e+00,1.020222e-09,1.860676e-08,1.860676e-10,3.294161e-10,6.447581e-09,6.447581e-11
9.132457e+00,1.027368e-09,1.873651e-08,1.873651e-10,3.300564e-10,6.461389e-09,6.461389e-11
9.134594e+00,1.036818e-09,1.889308e-08,1.889308e-10,3.306084e-10,6.475643e-09,6.475643e-11
9.136731e+00,1.052258e-09,1.908723e-08,1.908723e-10,3.352520e-10,6.498069e-09,6.498069e-11
9.138867e+00,1.069409e-09,1.931010e-08,1.931010e-10,3.416895e-10,6.529603e-09,6.529603e-11
9.141004e+00,1.081853e-09,1.953137e-08,1.953137e-10,3.448521e-10,6.545253e-09,6.545253e-11
9.143141e+00,1.090489e-09,1.973807e-08,1.973807e-10,3.455419e-10,6.548544e-09,6.548544e-11
9.145278e+00,1.101178e-09,1.993125e-08,1.993125e-10,3.486371e-10,6.552280e-09,6.552280e-11
9.147414e+00,1.114354e-09,2.011984e-08,2.011984e-10,3.540938e-10,6.559335e-09,6.559335e-11
9.149551e+00,1.124587e-09,2.030922e-08,2.030922e-10,3.569389e-10,6.560050e-09,6.560050e-11
9.151688e+00,1.130491e-09,2.049689e-08,2.049689e-10,3.564022e-10,6.548045e-09,6.548045e-11
9.153825e+00,1.137183e-09,2.068253e-08,2.068253e-10,3.576063e-10,6.545839e-09,6.545839e-11
9.155961e+00,1.147109e-09,2.084693e-08,2.084693e-10,3.623862e-10,6.546138e-09,6.546138e-11
9.158098e+00,1.155362e-09,2.097356e-08,2.097356e-10,3.656265e-10,6.540847e-09,6.540847e-11
9.160235e+00,1.157667e-09,2.104911e-08,2.104911e-10,3.639480e-10,6.500926e-09,6.500926e-11
9.162372e+00,1.157386e-09,2.109228e-08,2.109228e-10,3.617139e-10,6.463230e-09,6.463230e-11
9.164508e+00,1.159730e-09,2.111508e-08,2.111508e-10,3.636541e-10,6.432727e-09,6.432727e-11
9.166645e+00,1.163055e-09,2.112185e-08,2.112185e-10,3.666310e-10,6.416514e-09,6.416514e-11
9.168782e+00,1.161930e-09,2.109677e-08,2.109677e-10,3.651424e-10,6.375674e-09,6.375674e-11
9.170919e+00,1.156305e-09,2.103310e-08,2.103310e-10,3.610319e-10,6.330139e-09,6.330139e-11
9.173055e+00,1.150903e-09,2.093413e-08,2.093413e-10,3.601477e-10,6.295681e-09,6.295681e-11
9.175192e+00,1.146612e-09,2.080842e-08,2.080842e-10,3.620908e-10,6.276721e-09,6.276721e-11
9.177329e+00,1.139406e-09,2.066963e-08,2.066963e-10,3.610714e-10,6.255835e-09,6.255835e-11
9.179465e+00,1.128020e-09,2.052575e-08,2.052575e-10,3.559133e-10,6.223285e-09,6.223285e-11
9.181602e+00,1.116235e-09,2.038754e-08,2.038754e-10,3.518906e-10,6.214327e-09,6.214327e-11
9.183739e+00,1.106268e-09,2.024827e-08,2.024827e-10,3.515935e-10,6.218112e-09,6.218112e-11
9.185876e+00,1.095163e-09,2.010453e-08,2.010453e-10,3.505853e-10,6.231582e-09,6.231582e-11
9.188012e+00,1.080381e-09,1.995256e-08,1.995256e-10,3.450180e-10,6.216659e-09,6.216659e-11
9.190149e+00,1.064778e-09,1.980457e-08,1.980457e-10,3.379841e-10,6.200521e-09,6.200521e-11
9.192286e+00,1.052311e-09,1.966918e-08,1.966918e-10,3.342272e-10,6.187830e-09,6.187830e-11
9.194423e+00,1.041572e-09,1.954303e-08,1.954303e-10,3.324491e-10,6.178175e-09,6.178175e-11
9.196559e+00,1.027952e-09,1.941105e-08,1.941105e-10,3.277995e-10,6.148750e-09,6.148750e-11
9.198696e+00,1.010986e-09,1.926436e-08,1.926436e-10,3.198893e-10,6.095726e-09,6.095726e-11
9.200833e+00,9.945777e-10,1.910742e-08,1.910742e-10,3.127835e-10,6.040028e-09,6.040028e-11
9.202970e+00,9.805372e-10,1.894547e-08,1.894547e-10,3.081047e-10,5.978857e-09,5.978857e-11
9.205106e+00,9.665393e-10,1.878149e-08,1.878149e-10,3.033166e-10,5.914170e-09,5.914170e-11
9.207243e+00,9.505164e-10,1.860767e-08,1.860767e-10,2.964869e-10,5.834592e-09,5.834592e-11
9.209380e+00,9.338935e-10,1.841613e-08,1.841613e-10,2.890549e-10,5.747638e-09,5.747638e-11
9.211517e+00,9.196862e-10,1.820262e-08,1.820262e-10,2.834050e-10,5.653802e-09,5.653802e-11
9.213653e+00,9.093480e-10,1.797313e-08,1.797313e-10,2.798856e-10,5.554326e-09,5.554326e-11
9.215790e+00,9.019412e-10,1.774084e-08,1.774084e-10,2.770403e-10,5.451982e-09,5.451982e-11
9.217927e+00,8.955977e-10,1.751279e-08,1.751279e-10,2.737094e-10,5.345129e-09,5.345129e-11
9.220064e+00,8.894410e-10,1.728986e-08,1.728986e-10,2.702094e-10,5.240700e-09,5.240700e-11
9.222200e+00,8.836835e-10,1.706948e-08,1.706948e-10,2.675668e-10,5.140153e-09,5.140153e-11
9.224337e+00,8.784842e-10,1.684173e-08,1.684173e-10,2.659231e-10,5.039100e-09,5.039100e-11
9.226474e+00,8.731178e-10,1.660085e-08,1.660085e-10,2.639933e-10,4.935046e-09,4.935046e-11
9.228611e+00,8.666923e-10,1.635866e-08,1.635866e-10,2.606063e-10,4.828190e-09,4.828190e-11
9.230747e+00,8.599491e-10,1.613762e-08,1.613762e-10,2.567160e-10,4.734062e-09,4.734062e-11
9.232884e+00,8.552394e-10,1.595981e-08,1.595981e-10,2.547360e-10,4.662327e-09,4.662327e-11
9.235021e+00,8.538563e-10,1.583820e-08,1.583820e-10,2.551521e-10,4.618225e-09,4.618225e-11
9.237158e+00,8.541444e-10,1.575841e-08,1.575841e-10,2.552799e-10,4.588268e-09,4.588268e-11
9.239294e+00,8.540550e-10,1.569106e-08,1.569106e-10,2.533391e-10,4.550591e-09,4.550591e-11
9.241431e+00,8.542331e-10,1.562865e-08,1.562865e-10,2.515998e-10,4.521451e-09,4.521451e-11
9.243568e+00,8.564282e-10,1.559340e-08,1.559340e-10,2.526536e-10,4.508420e-09,4.508420e-11
9.245705e+00,8.606342e-10,1.561698e-08,1.561698e-10,2.549888e-10,4.524135e-09,4.524135e-11
9.247841e+00,8.659084e-10,1.570611e-08,1.570611e-10,2.556838e-10,4.543907e-09,4.543907e-11
9.249978e+00,8.725721e-10,1.584088e-08,1.584088e-10,2.556906e-10,4.574867e-09,4.574867e-11
9.252115e+00,8.805838e-10,1.597113e-08,1.597113e-10,2.580811e-10,4.612510e-09,4.612510e-11
9.254252e+00,8.870168e-10,1.605525e-08,1.605525e-10,2.620158e-10,4.643388e-09,4.643388e-11
9.256388e+00,8.888809e-10,1.609242e-08,1.609242e-10,2.634622e-10,4.656148e-09,4.656148e-11
9.258525e+00,8.881099e-10,1.611769e-08,1.611769e-10,2.620711e-10,4.651498e-09,4.651498e-11
9.260662e+00,8.898124e-10,1.616389e-08,1.616389e-10,2.623237e-10,4.667518e-09,4.667518e-11
9.262799e+00,8.944966e-10,1.623532e-08,1.623532e-10,2.661578e-10,4.700394e-09,4.700394e-11
9.264935e+00,8.965922e-10,1.631311e-08,1.631311e-10,2.693617e-10,4.743867e-09,4.743867e-11
9.267072e+00,8.927336e-10,1.636029e-08,1.636029e-10,2.683812e-10,4.756411e-09,4.756411e-11
9.269209e+00,8.869039e-10,1.636899e-08,1.636899e-10,2.661814e-10,4.757565e-09,4.757565e-11
9.271346e+00,8.842637e-10,1.636105e-08,1.636105e-10,2.670813e-10,4.759136e-09,4.759136e-11
9.273482e+00,8.841968e-10,1.637488e-08,1.637488e-10,2.696829e-10,4.776615e-09,4.776615e-11
9.275619e+00,8.838188e-10,1.641972e-08,1.641972e-10,2.702157e-10,4.791314e-09,4.791314e-11
9.277756e+00,8.845190e-10,1.649537e-08,1.649537e-10,2.697637e-10,4.812073e-09,4.812073e-11
9.279893e+00,8.892283e-10,1.658077e-08,1.658077e-10,2.720845e-10,4.846178e-09,4.846178e-11
9.282029e+00,8.950645e-10,1.663705e-08,1.663705e-10,2.759562e-10,4.878953e-09,4.878953e-11
9.284166e+00,8.953234e-10,1.663722e-08,1.663722e-10,2.762220e-10,4.888225e-09,4.888225e-11
9.286303e+00,8.892423e-10,1.659573e-08,1.659573e-10,2.724053e-10,4.875300e-09,4.875300e-11
9.288440e+00,8.837344e-10,1.655226e-08,1.655226e-10,2.699095e-10,4.874636e-09,4.874636e-11
9.290576e+00,8.836506e-10,1.652644e-08,1.652644e-10,2.714340e-10,4.889462e-09,4.889462e-11
9.292713e+00,8.859280e-10,1.652294e-08,1.652294e-10,2.732129e-10,4.914094e-09,4.914094e-11
9.294850e+00,8.860420e-10,1.652174e-08,1.652174e-10,2.720674e-10,4.921352e-09,4.921352e-11
9.296987e+00,8.847279e-10,1.650679e-08,1.650679e-10,2.705784e-10,4.927442e-09,4.927442e-11
9.299123e+00,8.847974e-10,1.647253e-08,1.647253e-10,2.717659e-10,4.930168e-09,4.930168e-11
9.301260e+00,8.857361e-10,1.644790e-08,1.644790e-10,2.734194e-10,4.942169e-09,4.942169e-11
9.303397e+00,8.860595e-10,1.645590e-08,1.645590e-10,2.724011e-10,4.943862e-09,4.943862e-11
9.305534e+00,8.878789e-10,1.650853e-08,1.650853e-10,2.708412e-10,4.956080e-09,4.956080e-11
9.307670e+00,8.937964e-10,1.660129e-08,1.660129e-10,2.725748e-10,4.983559e-09,4.983559e-11
9.309807e+00,9.010539e-10,1.671553e-08,1.671553e-10,2.759963e-10,5.026283e-09,5.026283e-11
9.311944e+00,9.040540e-10,1.682877e-08,1.682877e-10,2.762932e-10,5.055555e-09,5.055555e-11
9.314081e+00,9.024530e-10,1.693835e-08,1.693835e-10,2.735003e-10,5.070640e-09,5.070640e-11
9.316217e+00,9.013982e-10,1.706464e-08,1.706464e-10,2.723642e-10,5.096738e-09,5.096738e-11
9.318354e+00,9.034358e-10,1.721614e-08,1.721614e-10,2.744142e-10,5.134550e-09,5.134550e-11
9.320491e+00,9.055410e-10,1.738769e-08,1.738769e-10,2.759977e-10,5.179818e-09,5.179818e-11
9.322628e+00,9.050608e-10,1.756688e-08,1.756688e-10,2.750232e-10,5.211531e-09,5.211531e-11
9.324764e+00,9.038046e-10,1.774880e-08,1.774880e-10,2.742603e-10,5.251805e-09,5.251805e-11
9.326901e+00,9.040385e-10,1.791818e-08,1.791818e-10,2.759152e-10,5.290486e-09,5.290486e-11
9.329038e+00,9.044601e-10,1.806689e-08,1.806689e-10,2.775656e-10,5.327764e-09,5.327764e-11
9.331175e+00,9.028713e-10,1.819402e-08,1.819402e-10,2.764141e-10,5.347780e-09,5.347780e-11
9.333311e+00,9.002465e-10,1.829882e-08,1.829882e-10,2.741904e-10,5.363546e-09,5.363546e-11
9.335448e+00,8.993161e-10,1.837799e-08,1.837799e-10,2.743004e-10,5.381825e-09,5.381825e-11
9.337585e+00,9.001906e-10,1.842807e-08,1.842807e-10,2.762754e-10,5.397834e-09,5.397834e-11
9.339722e+00,9.004721e-10,1.844029e-08,1.844029e-10,2.769491e-10,5.403087e-09,5.403087e-11
9.341858e+00,8.988829e-10,1.840475e-08,1.840475e-10,2.756679e-10,5.390879e-09,5.390879e-11
9.343995e+00,8.959163e-10,1.831926e-08,1.831926e-10,2.745674e-10,5.372565e-09,5.372565e-11
9.346132e+00,8.916370e-10,1.818678e-08,1.818678e-10,2.744867e-10,5.346822e-09,5.346822e-11
9.348269e+00,8.858016e-10,1.801473e-08,1.801473e-10,2.740622e-10,5.313316e-09,5.313316e-11
9.350405e+00,8.797890e-10,1.781053e-08,1.781053e-10,2.727367e-10,5.270054e-09,5.270054e-11
9.352542e+00,8.753373e-10,1.757985e-08,1.757985e-10,2.715870e-10,5.222447e-09,5.222447e-11
9.354679e+00,8.717781e-10,1.732268e-08,1.732268e-10,2.710846e-10,5.172434e-09,5.172434e-11
9.356816e+00,8.667873e-10,1.703484e-08,1.703484e-10,2.703713e-10,5.114802e-09,5.114802e-11
9.358952e+00,8.596843e-10,1.671787e-08,1.671787e-10,2.688691e-10,5.047167e-09,5.047167e-11
9.361089e+00,8.521819e-10,1.638424e-08,1.638424e-10,2.669665e-10,4.973882e-09,4.973882e-11
9.363226e+00,8.458101e-10,1.604846e-08,1.604846e-10,2.650646e-10,4.899764e-09,4.899764e-11
9.365362e+00,8.403955e-10,1.571819e-08,1.571819e-10,2.632490e-10,4.826379e-09,4.826379e-11
9.367499e+00,8.352111e-10,1.539446e-08,1.539446e-10,2.618677e-10,4.751688e-09,4.751688e-11
9.369636e+00,8.300696e-10,1.507700e-08,1.507700e-10,2.611105e-10,4.674752e-09,4.674752e-11
9.371773e+00,8.245200e-10,1.476775e-08,1.476775e-10,2.599783e-10,4.596669e-09,4.596669e-11
9.373909e+00,8.176624e-10,1.446928e-08,1.446928e-10,2.574609e-10,4.513227e-09,4.513227e-11
9.376046e+00,8.097273e-10,1.418485e-08,1.418485e-10,2.546035e-10,4.431868e-09,4.431868e-11
9.378183e+00,8.022381e-10,1.391769e-08,1.391769e-10,2.532036e-10,4.351510e-09,4.351510e-11
9.380320e+00,7.961617e-10,1.367461e-08,1.367461e-10,2.527904e-10,4.275535e-09,4.275535e-11
9.382456e+00,7.910555e-10,1.346410e-08,1.346410e-10,2.512348e-10,4.198188e-09,4.198188e-11
9.384593e+00,7.861750e-10,1.328762e-08,1.328762e-10,2.484170e-10,4.122747e-09,4.122747e-11
9.386730e+00,7.808985e-10,1.312884e-08,1.312884e-10,2.464635e-10,4.059349e-09,4.059349e-11
9.388867e+00,7.743083e-10,1.296963e-08,1.296963e-10,2.457462e-10,3.997757e-09,3.997757e-11
9.391003e+00,7.662752e-10,1.282194e-08,1.282194e-10,2.439842e-10,3.937625e-09,3.937625e-11
9.393140e+00,7.591016e-10,1.270963e-08,1.270963e-10,2.405081e-10,3.873203e-09,3.873203e-11
9.395277e+00,7.561745e-10,1.264815e-08,1.264815e-10,2.382005e-10,3.833237e-09,3.833237e-11
9.397414e+00,7.572781e-10,1.262951e-08,1.262951e-10,2.390457e-10,3.814828e-09,3.814828e-11
9.399550e+00,7.572802e-10,1.261758e-08,1.261758e-10,2.403588e-10,3.805635e-09,3.805635e-11
9.401687e+00,7.523047e-10,1.258383e-08,1.258383e-10,2.386179e-10,3.783601e-09,3.783601e-11
9.403824e+00,7.454587e-10,1.255645e-08,1.255645e-10,2.351720e-10,3.765744e-09,3.765744e-11
9.405961e+00,7.427450e-10,1.256564e-08,1.256564e-10,2.340436e-10,3.774794e-09,3.774794e-11
9.408097e+00,7.447803e-10,1.261133e-08,1.261133e-10,2.354482e-10,3.801264e-09,3.801264e-11
9.410234e+00,7.470766e-10,1.267621e-08,1.267621e-10,2.360157e-10,3.827038e-09,3.827038e-11
9.412371e+00,7.470974e-10,1.273581e-08,1.273581e-10,2.346195e-10,3.842959e-09,3.842959e-11
9.414508e+00,7.467563e-10,1.278726e-08,1.278726e-10,2.338763e-10,3.871630e-09,3.871630e-11
9.416644e+00,7.484157e-10,1.285020e-08,1.285020e-10,2.354696e-10,3.916333e-09,3.916333e-11
9.418781e+00,7.518762e-10,1.293009e-08,1.293009e-10,2.375937e-10,3.963297e-09,3.963297e-11
9.420918e+00,7.559560e-10,1.301647e-08,1.301647e-10,2.385268e-10,3.994212e-09,3.994212e-11
9.423055e+00,7.604683e-10,1.310461e-08,1.310461e-10,2.394171e-10,4.021461e-09,4.021461e-11
9.425191e+00,7.653014e-10,1.318440e-08,1.318440e-10,2.417027e-10,4.056977e-09,4.056977e-11
9.427328e+00,7.692337e-10,1.325595e-08,1.325595e-10,2.444269e-10,4.098041e-09,4.098041e-11
9.429465e+00,7.718645e-10,1.331919e-08,1.331919e-10,2.460935e-10,4.127915e-09,4.127915e-11
9.431602e+00,7.753886e-10,1.337330e-08,1.337330e-10,2.474307e-10,4.142292e-09,4.142292e-11
9.433738e+00,7.816782e-10,1.342622e-08,1.342622e-10,2.499167e-10,4.153805e-09,4.153805e-11
9.435875e+00,7.888784e-10,1.348456e-08,1.348456e-10,2.528475e-10,4.173768e-09,4.173768e-11
9.438012e+00,7.938109e-10,1.354014e-08,1.354014e-10,2.546335e-10,4.196065e-09,4.196065e-11
9.440149e+00,7.964452e-10,1.358473e-08,1.358473e-10,2.556310e-10,4.211923e-09,4.211923e-11
9.442285e+00,7.991746e-10,1.361949e-08,1.361949e-10,2.571616e-10,4.219564e-09,4.219564e-11
9.444422e+00,8.029591e-10,1.365873e-08,1.365873e-10,2.590606e-10,4.234733e-09,4.234733e-11
9.446559e+00,8.068839e-10,1.371795e-08,1.371795e-10,2.602865e-10,4.263713e-09,4.263713e-11
9.448696e+00,8.109770e-10,1.379992e-08,1.379992e-10,2.613572e-10,4.306519e-09,4.306519e-11
9.450832e+00,8.168055e-10,1.389785e-08,1.389785e-10,2.638386e-10,4.352821e-09,4.352821e-11
9.452969e+00,8.249379e-10,1.400743e-08,1.400743e-10,2.673415e-10,4.400403e-09,4.400403e-11
9.455106e+00,8.339582e-10,1.412935e-08,1.412935e-10,2.699524e-10,4.451014e-09,4.451014e-11
9.457243e+00,8.428303e-10,1.426237e-08,1.426237e-10,2.717136e-10,4.510649e-09,4.510649e-11
9.459379e+00,8.524691e-10,1.440630e-08,1.440630e-10,2.745598e-10,4.580051e-09,4.580051e-11
9.461516e+00,8.638477e-10,1.456475e-08,1.456475e-10,2.787417e-10,4.644699e-09,4.644699e-11
9.463653e+00,8.765744e-10,1.475054e-08,1.475054e-10,2.822899e-10,4.704133e-09,4.704133e-11
9.465790e+00,8.898911e-10,1.497537e-08,1.497537e-10,2.845427e-10,4.766771e-09,4.766771e-11
9.467926e+00,9.028228e-10,1.522389e-08,1.522389e-10,2.872288e-10,4.845836e-09,4.845836e-11
9.470063e+00,9.133755e-10,1.545657e-08,1.545657e-10,2.908642e-10,4.920883e-09,4.920883e-11
9.472200e+00,9.202178e-10,1.565982e-08,1.565982e-10,2.933533e-10,4.972754e-09,4.972754e-11
9.474337e+00,9.255025e-10,1.586101e-08,1.586101e-10,2.937219e-10,5.003059e-09,5.003059e-11
9.476473e+00,9.332660e-10,1.610287e-08,1.610287e-10,2.942521e-10,5.043027e-09,5.043027e-11
9.478610e+00,9.443042e-10,1.639918e-08,1.639918e-10,2.972340e-10,5.107784e-09,5.107784e-11
9.480747e+00,9.544971e-10,1.671922e-08,1.671922e-10,3.011952e-10,5.181985e-09,5.181985e-11
9.482884e+00,9.599096e-10,1.702375e-08,1.702375e-10,3.028477e-10,5.236588e-09,5.236588e-11
9.485020e+00,9.625935e-10,1.730535e-08,1.730535e-10,3.023610e-10,5.270076e-09,5.270076e-11
9.487157e+00,9.679132e-10,1.758070e-08,1.758070e-10,3.029349e-10,5.307153e-09,5.307153e-11
9.489294e+00,9.766928e-10,1.787429e-08,1.787429e-10,3.053367e-10,5.360560e-09,5.360560e-11
9.491431e+00,9.844719e-10,1.818291e-08,1.818291e-10,3.070767e-10,5.419341e-09,5.419341e-11
9.493567e+00,9.889144e-10,1.848297e-08,1.848297e-10,3.071506e-10,5.470746e-09,5.470746e-11
9.495704e+00,9.928947e-10,1.877467e-08,1.877467e-10,3.076858e-10,5.525537e-09,5.525537e-11
9.497841e+00,9.987679e-10,1.905022e-08,1.905022e-10,3.098085e-10,5.588922e-09,5.588922e-11
9.499978e+00,1.004366e-09,1.927707e-08,1.927707e-10,3.114625e-10,5.645064e-09,5.645064e-11
9.502114e+00,1.006460e-09,1.943869e-08,1.943869e-10,3.110354e-10,5.678101e-09,5.678101e-11
9.504251e+00,1.005293e-09,1.954604e-08,1.954604e-10,3.100225e-10,5.695395e-09,5.695395e-11
9.506388e+00,1.003831e-09,1.961882e-08,1.961882e-10,3.103704e-10,5.712469e-09,5.712469e-11
9.508525e+00,1.003845e-09,1.968549e-08,1.968549e-10,3.115069e-10,5.742088e-09,5.742088e-11
9.510661e+00,1.004725e-09,1.973936e-08,1.973936e-10,3.117749e-10,5.770443e-09,5.770443e-11
9.512798e+00,1.005425e-09,1.974110e-08,1.974110e-10,3.114653e-10,5.784243e-09,5.784243e-11
9.514935e+00,1.005093e-09,1.965778e-08,1.965778e-10,3.118978e-10,5.769884e-09,5.769884e-11
9.517072e+00,1.001784e-09,1.949720e-08,1.949720e-10,3.119958e-10,5.739716e-09,5.739716e-11
9.519208e+00,9.941463e-10,1.929724e-08,1.929724e-10,3.095394e-10,5.698246e-09,5.698246e-11
9.521345e+00,9.850133e-10,1.908741e-08,1.908741e-10,3.057289e-10,5.655399e-09,5.655399e-11
9.523482e+00,9.789215e-10,1.887143e-08,1.887143e-10,3.041680e-10,5.616487e-09,5.616487e-11
9.525619e+00,9.752039e-10,1.863254e-08,1.863254e-10,3.049649e-10,5.574424e-09,5.574424e-11
9.527755e+00,9.676876e-10,1.834676e-08,1.834676e-10,3.038498e-10,5.520778e-09,5.520778e-11
9.529892e+00,9.527231e-10,1.799509e-08,1.799509e-10,2.985293e-10,5.433806e-09,5.433806e-11
9.532029e+00,9.342409e-10,1.760080e-08,1.760080e-10,2.923708e-10,5.339542e-09,5.339542e-11
9.534166e+00,9.187029e-10,1.720002e-08,1.720002e-10,2.892771e-10,5.242546e-09,5.242546e-11
9.536302e+00,9.073832e-10,1.682093e-08,1.682093e-10,2.880001e-10,5.156125e-09,5.156125e-11
9.538439e+00,8.966662e-10,1.647181e-08,1.647181e-10,2.848329e-10,5.062148e-09,5.062148e-11
9.540576e+00,8.847980e-10,1.614475e-08,1.614475e-10,2.799327e-10,4.967352e-09,4.967352e-11
9.542712e+00,8.739222e-10,1.581926e-08,1.581926e-10,2.768843e-10,4.879683e-09,4.879683e-11
9.544849e+00,8.648248e-10,1.547948e-08,1.547948e-10,2.761133e-10,4.787003e-09,4.787003e-11
9.546986e+00,8.546932e-10,1.514858e-08,1.514858e-10,2.735542e-10,4.692744e-09,4.692744e-11
9.549123e+00,8.422493e-10,1.485713e-08,1.485713e-10,2.675429e-10,4.583304e-09,4.583304e-11
9.551259e+00,8.307875e-10,1.462425e-08,1.462425e-10,2.621690e-10,4.503106e-09,4.503106e-11
9.553396e+00,8.233273e-10,1.444205e-08,1.444205e-10,2.609773e-10,4.446855e-09,4.446855e-11
9.555533e+00,8.175844e-10,1.429275e-08,1.429275e-10,2.611661e-10,4.412507e-09,4.412507e-11
9.557670e+00,8.087951e-10,1.414944e-08,1.414944e-10,2.577323e-10,4.358992e-09,4.358992e-11
9.559806e+00,7.961228e-10,1.400666e-08,1.400666e-10,2.511552e-10,4.292905e-09,4.292905e-11
9.561943e+00,7.832280e-10,1.387778e-08,1.387778e-10,2.464556e-10,4.249097e-09,4.249097e-11
9.564080e+00,7.730481e-10,1.378042e-08,1.378042e-10,2.453258e-10,4.226104e-09,4.226104e-11
9.566217e+00,7.653008e-10,1.372378e-08,1.372378e-10,2.440769e-10,4.218973e-09,4.218973e-11
9.568353e+00,7.597264e-10,1.369962e-08,1.369962e-10,2.403150e-10,4.190581e-09,4.190581e-11
9.570490e+00,7.574641e-10,1.370272e-08,1.370272e-10,2.369228e-10,4.178237e-09,4.178237e-11
9.572627e+00,7.573877e-10,1.369983e-08,1.369983e-10,2.368410e-10,4.175587e-09,4.175587e-11
9.574764e+00,7.555232e-10,1.367319e-08,1.367319e-10,2.377379e-10,4.181121e-09,4.181121e-11
9.576900e+00,7.506279e-10,1.364110e-08,1.364110e-10,2.357327e-10,4.169893e-09,4.169893e-11
9.579037e+00,7.472186e-10,1.363154e-08,1.363154e-10,2.320559e-10,4.148294e-09,4.148294e-11
9.581174e+00,7.497066e-10,1.365135e-08,1.365135e-10,2.313515e-10,4.146130e-09,4.146130e-11
9.583311e+00,7.554711e-10,1.368140e-08,1.368140e-10,2.342697e-10,4.154676e-09,4.154676e-11
9.585447e+00,7.575575e-10,1.368907e-08,1.368907e-10,2.363262e-10,4.165468e-09,4.165468e-11
9.587584e+00,7.539201e-10,1.366876e-08,1.366876e-10,2.347275e-10,4.151514e-09,4.151514e-11
9.589721e+00,7.502208e-10,1.365447e-08,1.365447e-10,2.323611e-10,4.139030e-09,4.139030e-11
9.591858e+00,7.515960e-10,1.366553e-08,1.366553e-10,2.328185e-10,4.135087e-09,4.135087e-11
9.593994e+00,7.558147e-10,1.370291e-08,1.370291e-10,2.349232e-10,4.141195e-09,4.141195e-11
9.596131e+00,7.577059e-10,1.373638e-08,1.373638e-10,2.352806e-10,4.140226e-09,4.140226e-11
9.598268e+00,7.568637e-10,1.375517e-08,1.375517e-10,2.337587e-10,4.130762e-09,4.130762e-11
9.600405e+00,7.573706e-10,1.378152e-08,1.378152e-10,2.332132e-10,4.129363e-09,4.129363e-11
9.602541e+00,7.614155e-10,1.382609e-08,1.382609e-10,2.347841e-10,4.134605e-09,4.134605e-11
9.604678e+00,7.665669e-10,1.388634e-08,1.388634e-10,2.364866e-10,4.143395e-09,4.143395e-11
9.606815e+00,7.692509e-10,1.394956e-08,1.394956e-10,2.366401e-10,4.146907e-09,4.146907e-11
9.608952e+00,7.690113e-10,1.399623e-08,1.399623e-10,2.362684e-10,4.152902e-09,4.152902e-11
9.611088e+00,7.683564e-10,1.403574e-08,1.403574e-10,2.370917e-10,4.166703e-09,4.166703e-11
9.613225e+00,7.692773e-10,1.409202e-08,1.409202e-10,2.389319e-10,4.189654e-09,4.189654e-11
9.615362e+00,7.718448e-10,1.416232e-08,1.416232e-10,2.406425e-10,4.215976e-09,4.215976e-11
9.617499e+00,7.752560e-10,1.424245e-08,1.424245e-10,2.421484e-10,4.245548e-09,4.245548e-11
9.619635e+00,7.783499e-10,1.432265e-08,1.432265e-10,2.439902e-10,4.281102e-09,4.281102e-11
9.621772e+00,7.801280e-10,1.439312e-08,1.439312e-10,2.460057e-10,4.320581e-09,4.320581e-11
9.623909e+00,7.814122e-10,1.446894e-08,1.446894e-10,2.478433e-10,4.362710e-09,4.362710e-11
9.626046e+00,7.848073e-10,1.455813e-08,1.455813e-10,2.498982e-10,4.405057e-09,4.405057e-11
9.628182e+00,7.916691e-10,1.465744e-08,1.465744e-10,2.527439e-10,4.447145e-09,4.447145e-11
9.630319e+00,8.002729e-10,1.476060e-08,1.476060e-10,2.562327e-10,4.488007e-09,4.488007e-11
9.632456e+00,8.074713e-10,1.485525e-08,1.485525e-10,2.595197e-10,4.525230e-09,4.525230e-11
9.634593e+00,8.117624e-10,1.494078e-08,1.494078e-10,2.618427e-10,4.556936e-09,4.556936e-11
9.636729e+00,8.150108e-10,1.502588e-08,1.502588e-10,2.634528e-10,4.584233e-09,4.584233e-11
9.638866e+00,8.206178e-10,1.511617e-08,1.511617e-10,2.655109e-10,4.611103e-09,4.611103e-11
9.641003e+00,8.291196e-10,1.521448e-08,1.521448e-10,2.685199e-10,4.640197e-09,4.640197e-11
9.643140e+00,8.369237e-10,1.531373e-08,1.531373e-10,2.713670e-10,4.670499e-09,4.670499e-11
9.645276e+00,8.409048e-10,1.540525e-08,1.540525e-10,2.727615e-10,4.697794e-09,4.697794e-11
9.647413e+00,8.426920e-10,1.549830e-08,1.549830e-10,2.731934e-10,4.723961e-09,4.723961e-11
9.649550e+00,8.465931e-10,1.560110e-08,1.560110e-10,2.744720e-10,4.752854e-09,4.752854e-11
9.651687e+00,8.538207e-10,1.571597e-08,1.571597e-10,2.771226e-10,4.785504e-09,4.785504e-11
9.653823e+00,8.606306e-10,1.584059e-08,1.584059e-10,2.792132e-10,4.817700e-09,4.817700e-11
9.655960e+00,8.634476e-10,1.596065e-08,1.596065e-10,2.790638e-10,4.840269e-09,4.840269e-11
9.658097e+00,8.644161e-10,1.607877e-08,1.607877e-10,2.783616e-10,4.861111e-09,4.861111e-11
9.660234e+00,8.685752e-10,1.620489e-08,1.620489e-10,2.799143e-10,4.883833e-09,4.883833e-11
9.662370e+00,8.761217e-10,1.634305e-08,1.634305e-10,2.827755e-10,4.911409e-09,4.911409e-11
9.664507e+00,8.823363e-10,1.648233e-08,1.648233e-10,2.834849e-10,4.925624e-09,4.925624e-11
9.666644e+00,8.853235e-10,1.661129e-08,1.661129e-10,2.821093e-10,4.931790e-09,4.931790e-11
9.668781e+00,8.886103e-10,1.672965e-08,1.672965e-10,2.825663e-10,4.943246e-09,4.943246e-11
9.670917e+00,8.946518e-10,1.684106e-08,1.684106e-10,2.859416e-10,4.964574e-09,4.964574e-11
9.673054e+00,9.004392e-10,1.694553e-08,1.694553e-10,2.880924e-10,4.984122e-09,4.984122e-11
9.675191e+00,9.024608e-10,1.702932e-08,1.702932e-10,2.863919e-10,4.976451e-09,4.976451e-11
9.677328e+00,9.023471e-10,1.708869e-08,1.708869e-10,2.845059e-10,4.975849e-09,4.975849e-11
9.679464e+00,9.038162e-10,1.711825e-08,1.711825e-10,2.865391e-10,4.980520e-09,4.980520e-11
9.681601e+00,9.061576e-10,1.713022e-08,1.713022e-10,2.898177e-10,5.003640e-09,5.003640e-11
9.683738e+00,9.057807e-10,1.711575e-08,1.711575e-10,2.890212e-10,4.985282e-09,4.985282e-11
9.685875e+00,9.032069e-10,1.707323e-08,1.707323e-10,2.855296e-10,4.953744e-09,4.953744e-11
9.688011e+00,9.019855e-10,1.699906e-08,1.699906e-10,2.854588e-10,4.932084e-09,4.932084e-11
9.690148e+00,9.009690e-10,1.688647e-08,1.688647e-10,2.887401e-10,4.930858e-09,4.930858e-11
9.692285e+00,8.949092e-10,1.673616e-08,1.673616e-10,2.884592e-10,4.912639e-09,4.912639e-11
9.694422e+00,8.839336e-10,1.655519e-08,1.655519e-10,2.826902e-10,4.838299e-09,4.838299e-11
9.696558e+00,8.748777e-10,1.636557e-08,1.636557e-10,2.783853e-10,4.792551e-09,4.792551e-11
9.698695e+00,8.705084e-10,1.616162e-08,1.616162e-10,2.798449e-10,4.763086e-09,4.763086e-11
9.700832e+00,8.644907e-10,1.593752e-08,1.593752e-10,2.811676e-10,4.760632e-09,4.760632e-11
9.702969e+00,8.512662e-10,1.567039e-08,1.567039e-10,2.759422e-10,4.674097e-09,4.674097e-11
9.705105e+00,8.356957e-10,1.539138e-08,1.539138e-10,2.683376e-10,4.588270e-09,4.588270e-11
9.707242e+00,8.262616e-10,1.512085e-08,1.512085e-10,2.665089e-10,4.530927e-09,4.530927e-11
9.709379e+00,8.219789e-10,1.487098e-08,1.487098e-10,2.690083e-10,4.516184e-09,4.516184e-11
9.711516e+00,8.144073e-10,1.462376e-08,1.462376e-10,2.672584e-10,4.466329e-09,4.466329e-11
9.713652e+00,8.012157e-10,1.436770e-08,1.436770e-10,2.598895e-10,4.358000e-09,4.358000e-11
9.715789e+00,7.885844e-10,1.411059e-08,1.411059e-10,2.545513e-10,4.286680e-09,4.286680e-11
9.717926e+00,7.794220e-10,1.384828e-08,1.384828e-10,2.543438e-10,4.231036e-09,4.231036e-11
9.720063e+00,7.691092e-10,1.358879e-08,1.358879e-10,2.527694e-10,4.188734e-09,4.188734e-11
9.722199e+00,7.554454e-10,1.333081e-08,1.333081e-10,2.457834e-10,4.069867e-09,4.069867e-11
9.724336e+00,7.436681e-10,1.310921e-08,1.310921e-10,2.391579e-10,3.980948e-09,3.980948e-11
9.726473e+00,7.374826e-10,1.291771e-08,1.291771e-10,2.383865e-10,3.919027e-09,3.919027e-11
9.728609e+00,7.321454e-10,1.274203e-08,1.274203e-10,2.392041e-10,3.887139e-09,3.887139e-11
9.730746e+00,7.219383e-10,1.253696e-08,1.253696e-10,2.349961e-10,3.797490e-09,3.797490e-11
9.732883e+00,7.092525e-10,1.231692e-08,1.231692e-10,2.278833e-10,3.688087e-09,3.688087e-11
9.735020e+00,7.001224e-10,1.211080e-08,1.211080e-10,2.245772e-10,3.608755e-09,3.608755e-11
9.737156e+00,6.944315e-10,1.194069e-08,1.194069e-10,2.248879e-10,3.560722e-09,3.560722e-11
9.739293e+00,6.877267e-10,1.180701e-08,1.180701e-10,2.230346e-10,3.512599e-09,3.512599e-11
9.741430e+00,6.806682e-10,1.170561e-08,1.170561e-10,2.184927e-10,3.447392e-09,3.447392e-11
9.743567e+00,6.780788e-10,1.162906e-08,1.162906e-10,2.165546e-10,3.413928e-09,3.413928e-11
9.745703e+00,6.790115e-10,1.154265e-08,1.154265e-10,2.181806e-10,3.392710e-09,3.392710e-11
9.747840e+00,6.767035e-10,1.143549e-08,1.143549e-10,2.179157e-10,3.371276e-09,3.371276e-11
9.749977e+00,6.699478e-10,1.132577e-08,1.132577e-10,2.138105e-10,3.324403e-09,3.324403e-11
9.752114e+00,6.662360e-10,1.126848e-08,1.126848e-10,2.113036e-10,3.311871e-09,3.311871e-11
9.754250e+00,6.705343e-10,1.127624e-08,1.127624e-10,2.138338e-10,3.333026e-09,3.333026e-11
9.756387e+00,6.779297e-10,1.133374e-08,1.133374e-10,2.170603e-10,3.378705e-09,3.378705e-11
9.758524e+00,6.813019e-10,1.138180e-08,1.138180e-10,2.165488e-10,3.394126e-09,3.394126e-11
9.760661e+00,6.807289e-10,1.138649e-08,1.138649e-10,2.147750e-10,3.403893e-09,3.403893e-11
9.762797e+00,6.806926e-10,1.136194e-08,1.136194e-10,2.157587e-10,3.415440e-09,3.415440e-11
9.764934e+00,6.824617e-10,1.136019e-08,1.136019e-10,2.179144e-10,3.444889e-09,3.444889e-11
9.767071e+00,6.846437e-10,1.140989e-08,1.140989e-10,2.178799e-10,3.463019e-09,3.463019e-11
9.769208e+00,6.881919e-10,1.151718e-08,1.151718e-10,2.174780e-10,3.494366e-09,3.494366e-11
9.771344e+00,6.948892e-10,1.165986e-08,1.165986e-10,2.204151e-10,3.544031e-09,3.544031e-11
9.773481e+00,7.023397e-10,1.179064e-08,1.179064e-10,2.249538e-10,3.599991e-09,3.599991e-11
9.775618e+00,7.063959e-10,1.188422e-08,1.188422e-10,2.264135e-10,3.625146e-09,3.625146e-11
9.777755e+00,7.080383e-10,1.197106e-08,1.197106e-10,2.252655e-10,3.633958e-09,3.633958e-11
9.779891e+00,7.127012e-10,1.210193e-08,1.210193e-10,2.265377e-10,3.665610e-09,3.665610e-11
9.782028e+00,7.226839e-10,1.229743e-08,1.229743e-10,2.314744e-10,3.725189e-09,3.725189e-11
9.784165e+00,7.348199e-10,1.254804e-08,1.254804e-10,2.360023e-10,3.796393e-09,3.796393e-11
9.786302e+00,7.459196e-10,1.281485e-08,1.281485e-10,2.381272e-10,3.855890e-09,3.855890e-11
9.788438e+00,7.557289e-10,1.305035e-08,1.305035e-10,2.404774e-10,3.915700e-09,3.915700e-11
9.790575e+00,7.641922e-10,1.323891e-08,1.323891e-10,2.444552e-10,3.969428e-09,3.969428e-11
9.792712e+00,7.707380e-10,1.341053e-08,1.341053e-10,2.478236e-10,4.023018e-09,4.023018e-11
9.794849e+00,7.774424e-10,1.359939e-08,1.359939e-10,2.497810e-10,4.072263e-09,4.072263e-11
9.796985e+00,7.880816e-10,1.381906e-08,1.381906e-10,2.531649e-10,4.138598e-09,4.138598e-11
9.799122e+00,8.022072e-10,1.405697e-08,1.405697e-10,2.591145e-10,4.217958e-09,4.217958e-11
9.801259e+00,8.146570e-10,1.427802e-08,1.427802e-10,2.644081e-10,4.294660e-09,4.294660e-11
9.803396e+00,8.226598e-10,1.445035e-08,1.445035e-10,2.668631e-10,4.347425e-09,4.347425e-11
9.805532e+00,8.293364e-10,1.458653e-08,1.458653e-10,2.687061e-10,4.390392e-09,4.390392e-11
9.807669e+00,8.382508e-10,1.472412e-08,1.472412e-10,2.719621e-10,4.435473e-09,4.435473e-11
9.809806e+00,8.488440e-10,1.489037e-08,1.489037e-10,2.749731e-10,4.484752e-09,4.484752e-11
9.811943e+00,8.597665e-10,1.508930e-08,1.508930e-10,2.764251e-10,4.531360e-09,4.531360e-11
9.814079e+00,8.720476e-10,1.531039e-08,1.531039e-10,2.786915e-10,4.588363e-09,4.588363e-11
9.816216e+00,8.854561e-10,1.551985e-08,1.551985e-10,2.831851e-10,4.649190e-09,4.649190e-11
9.818353e+00,8.958277e-10,1.569710e-08,1.569710e-10,2.863709e-10,4.702292e-09,4.702292e-11
9.820490e+00,9.008872e-10,1.584987e-08,1.584987e-10,2.856239e-10,4.729580e-09,4.729580e-11
9.822626e+00,9.051949e-10,1.601453e-08,1.601453e-10,2.849473e-10,4.770186e-09,4.770186e-11
9.824763e+00,9.136469e-10,1.620794e-08,1.620794e-10,2.888669e-10,4.834252e-09,4.834252e-11
9.826900e+00,9.231279e-10,1.642717e-08,1.642717e-10,2.942574e-10,4.924210e-09,4.924210e-11
9.829037e+00,9.270280e-10,1.664453e-08,1.664453e-10,2.950717e-10,4.985871e-09,4.985871e-11
9.831173e+00,9.259881e-10,1.684637e-08,1.684637e-10,2.928100e-10,5.036921e-09,5.036921e-11
9.833310e+00,9.268183e-10,1.704084e-08,1.704084e-10,2.941122e-10,5.097772e-09,5.097772e-11
9.835447e+00,9.319380e-10,1.724756e-08,1.724756e-10,2.991690e-10,5.182452e-09,5.182452e-11
9.837584e+00,9.376152e-10,1.747105e-08,1.747105e-10,3.016543e-10,5.251538e-09,5.251538e-11
9.839720e+00,9.427433e-10,1.770302e-08,1.770302e-10,3.002938e-10,5.285476e-09,5.285476e-11
9.841857e+00,9.511574e-10,1.794112e-08,1.794112e-10,3.013524e-10,5.334869e-09,5.334869e-11
9.843994e+00,9.628279e-10,1.816366e-08,1.816366e-10,3.072838e-10,5.394954e-09,5.394954e-11
9.846131e+00,9.706985e-10,1.834466e-08,1.834466e-10,3.114232e-10,5.455998e-09,5.455998e-11
9.848267e+00,9.705356e-10,1.845944e-08,1.845944e-10,3.088435e-10,5.450815e-09,5.450815e-11
9.850404e+00,9.675166e-10,1.852041e-08,1.852041e-10,3.048603e-10,5.441790e-09,5.441790e-11
9.852541e+00,9.677484e-10,1.853832e-08,1.853832e-10,3.060376e-10,5.436920e-09,5.436920e-11
9.854678e+00,9.687285e-10,1.852265e-08,1.852265e-10,3.093970e-10,5.456978e-09,5.456978e-11
9.856814e+00,9.645074e-10,1.845564e-08,1.845564e-10,3.082534e-10,5.441217e-09,5.441217e-11
9.858951e+00,9.558460e-10,1.833066e-08,1.833066e-10,3.037749e-10,5.406698e-09,5.406698e-11
9.861088e+00,9.484495e-10,1.815590e-08,1.815590e-10,3.023147e-10,5.371517e-09,5.371517e-11
9.863225e+00,9.437366e-10,1.796185e-08,1.796185e-10,3.040595e-10,5.348531e-09,5.348531e-11
9.865361e+00,9.384549e-10,1.777052e-08,1.777052e-10,3.034818e-10,5.326209e-09,5.326209e-11
9.867498e+00,9.320576e-10,1.758904e-08,1.758904e-10,2.998116e-10,5.295500e-09,5.295500e-11
9.869635e+00,9.272158e-10,1.740980e-08,1.740980e-10,2.978927e-10,5.278584e-09,5.278584e-11
9.871772e+00,9.233545e-10,1.722839e-08,1.722839e-10,2.988107e-10,5.258484e-09,5.258484e-11
9.873908e+00,9.168551e-10,1.706090e-08,1.706090e-10,2.980667e-10,5.242687e-09,5.242687e-11
9.876045e+00,9.085001e-10,1.691828e-08,1.691828e-10,2.942999e-10,5.223970e-09,5.223970e-11
9.878182e+00,9.031746e-10,1.680065e-08,1.680065e-10,2.919894e-10,5.229250e-09,5.229250e-11
9.880319e+00,9.007336e-10,1.668158e-08,1.668158e-10,2.928404e-10,5.233349e-09,5.233349e-11
9.882455e+00,8.949123e-10,1.654599e-08,1.654599e-10,2.922517e-10,5.227256e-09,5.227256e-11
9.884592e+00,8.836088e-10,1.640362e-08,1.640362e-10,2.878919e-10,5.207086e-09,5.207086e-11
9.886729e+00,8.727320e-10,1.628410e-08,1.628410e-10,2.842096e-10,5.212276e-09,5.212276e-11
9.888866e+00,8.664106e-10,1.618179e-08,1.618179e-10,2.842543e-10,5.231954e-09,5.231954e-11
9.891002e+00,8.605416e-10,1.608191e-08,1.608191e-10,2.838819e-10,5.243854e-09,5.243854e-11
9.893139e+00,8.507052e-10,1.597492e-08,1.597492e-10,2.793530e-10,5.220159e-09,5.220159e-11
9.895276e+00,8.405634e-10,1.588600e-08,1.588600e-10,2.747945e-10,5.209576e-09,5.209576e-11
9.897413e+00,8.361288e-10,1.582777e-08,1.582777e-10,2.752407e-10,5.227490e-09,5.227490e-11
9.899549e+00,8.358816e-10,1.578910e-08,1.578910e-10,2.774350e-10,5.264673e-09,5.264673e-11
9.901686e+00,8.340857e-10,1.573904e-08,1.573904e-10,2.756313e-10,5.259631e-09,5.259631e-11
9.903823e+00,8.309900e-10,1.568300e-08,1.568300e-10,2.721359e-10,5.243425e-09,5.243425e-11
9.905960e+00,8.312736e-10,1.563809e-08,1.563809e-10,2.732095e-10,5.249040e-09,5.249040e-11
9.908096e+00,8.338957e-10,1.560461e-08,1.560461e-10,2.773520e-10,5.294482e-09,5.294482e-11
9.910233e+00,8.327044e-10,1.554921e-08,1.554921e-10,2.773192e-10,5.313202e-09,5.313202e-11
9.912370e+00,8.268852e-10,1.545100e-08,1.545100e-10,2.728684e-10,5.292935e-09,5.292935e-11
9.914506e+00,8.218631e-10,1.532977e-08,1.532977e-10,2.712557e-10,5.281252e-09,5.281252e-11
9.916643e+00,8.193092e-10,1.520987e-08,1.520987e-10,2.743059e-10,5.302887e-09,5.302887e-11
9.918780e+00,8.148196e-10,1.509700e-08,1.509700e-10,2.753228e-10,5.334550e-09,5.334550e-11
9.920917e+00,8.072886e-10,1.497066e-08,1.497066e-10,2.712993e-10,5.314676e-09,5.314676e-11
9.923053e+00,8.023483e-10,1.483688e-08,1.483688e-10,2.685426e-10,5.300875e-09,5.300875e-11
9.925190e+00,8.028164e-10,1.470531e-08,1.470531e-10,2.715208e-10,5.296026e-09,5.296026e-11
9.927327e+00,8.028059e-10,1.459141e-08,1.459141e-10,2.745555e-10,5.322190e-09,5.322190e-11
9.929464e+00,7.969910e-10,1.447485e-08,1.447485e-10,2.715573e-10,5.296321e-09,5.296321e-11
9.931600e+00,7.897433e-10,1.436196e-08,1.436196e-10,2.666870e-10,5.269834e-09,5.269834e-11
9.933737e+00,7.876412e-10,1.425152e-08,1.425152e-10,2.668072e-10,5.240498e-09,5.240498e-11
9.935874e+00,7.880339e-10,1.415964e-08,1.415964e-10,2.694213e-10,5.233162e-09,5.233162e-11
9.938011e+00,7.836845e-10,1.406980e-08,1.406980e-10,2.674908e-10,5.194529e-09,5.194529e-11
9.940147e+00,7.750417e-10,1.397572e-08,1.397572e-10,2.620142e-10,5.140300e-09,5.140300e-11
9.942284e+00,7.687429e-10,1.387652e-08,1.387652e-10,2.598949e-10,5.096935e-09,5.096935e-11
9.944421e+00,7.662348e-10,1.377672e-08,1.377672e-10,2.615343e-10,5.052357e-09,5.052357e-11
9.946558e+00,7.625983e-10,1.368559e-08,1.368559e-10,2.605723e-10,4.996845e-09,4.996845e-11
9.948694e+00,7.557801e-10,1.360536e-08,1.360536e-10,2.554994e-10,4.916097e-09,4.916097e-11
9.950831e+00,7.492383e-10,1.352565e-08,1.352565e-10,2.519600e-10,4.862768e-09,4.862768e-11
9.952968e+00,7.445293e-10,1.342191e-08,1.342191e-10,2.522119e-10,4.806764e-09,4.806764e-11
9.955105e+00,7.385535e-10,1.331030e-08,1.331030e-10,2.511776e-10,4.745024e-09,4.745024e-11
9.957241e+00,7.308407e-10,1.319787e-08,1.319787e-10,2.461774e-10,4.649131e-09,4.649131e-11
9.959378e+00,7.265182e-10,1.311422e-08,1.311422e-10,2.423984e-10,4.583712e-09,4.583712e-11
9.961515e+00,7.275017e-10,1.304087e-08,1.304087e-10,2.436112e-10,4.536818e-09,4.536818e-11
9.963652e+00,7.274182e-10,1.294839e-08,1.294839e-10,2.449579e-10,4.493144e-09,4.493144e-11
9.965788e+00,7.216045e-10,1.282782e-08,1.282782e-10,2.415112e-10,4.407752e-09,4.407752e-11
9.967925e+00,7.157027e-10,1.272688e-08,1.272688e-10,2.372384e-10,4.334398e-09,4.334398e-11
9.970062e+00,7.168278e-10,1.266535e-08,1.266535e-10,2.379754e-10,4.293787e-09,4.293787e-11
9.972199e+00,7.218124e-10,1.263279e-08,1.263279e-10,2.410660e-10,4.279409e-09,4.279409e-11
9.974335e+00,7.224281e-10,1.260017e-08,1.260017e-10,2.401090e-10,4.238721e-09,4.238721e-11
9.976472e+00,7.185808e-10,1.257354e-08,1.257354e-10,2.361685e-10,4.187872e-09,4.187872e-11
9.978609e+00,7.180904e-10,1.259278e-08,1.259278e-10,2.358186e-10,4.171523e-09,4.171523e-11
9.980746e+00,7.245880e-10,1.266966e-08,1.266966e-10,2.399490e-10,4.195181e-09,4.195181e-11
9.982882e+00,7.330027e-10,1.279385e-08,1.279385e-10,2.427841e-10,4.225460e-09,4.225460e-11
9.985019e+00,7.383659e-10,1.294168e-08,1.294168e-10,2.420295e-10,4.233993e-09,4.233993e-11
9.987156e+00,7.426268e-10,1.311830e-08,1.311830e-10,2.422203e-10,4.264407e-09,4.264407e-11
9.989293e+00,7.493876e-10,1.333543e-08,1.333543e-10,2.460815e-10,4.321690e-09,4.321690e-11
9.991429e+00,7.574531e-10,1.359409e-08,1.359409e-10,2.496803e-10,4.400687e-09,4.400687e-11
9.993566e+00,7.640982e-10,1.387570e-08,1.387570e-10,2.496748e-10,4.458835e-09,4.458835e-11
9.995703e+00,7.703324e-10,1.417394e-08,1.417394e-10,2.491434e-10,4.522965e-09,4.522965e-11
9.997840e+00,7.785317e-10,1.448059e-08,1.448059e-10,2.519008e-10,4.598860e-09,4.598860e-11
9.999976e+00,7.885149e-10,1.479766e-08,1.479766e-10,2.562633e-10,4.695087e-09,4.695087e-11
1.000211e+01,7.991150e-10,1.512450e-08,1.512450e-10,2.588126e-10,4.787111e-09,4.787111e-11
1.000425e+01,8.101987e-10,1.544619e-08,1.544619e-10,2.601123e-10,4.874784e-09,4.874784e-11
1.000639e+01,8.207745e-10,1.574374e-08,1.574374e-10,2.624736e-10,4.959225e-09,4.959225e-11
1.000852e+01,8.281868e-10,1.600171e-08,1.600171e-10,2.652982e-10,5.040518e-09,5.040518e-11
1.001066e+01,8.316894e-10,1.622013e-08,1.622013e-10,2.666417e-10,5.115812e-09,5.115812e-11
1.001280e+01,8.346356e-10,1.640981e-08,1.640981e-10,2.671381e-10,5.181713e-09,5.181713e-11
1.001493e+01,8.406818e-10,1.657216e-08,1.657216e-10,2.688320e-10,5.238567e-09,5.238567e-11
1.001707e+01,8.486770e-10,1.670261e-08,1.670261e-10,2.714831e-10,5.283023e-09,5.283023e-11
1.001921e+01,8.538675e-10,1.678226e-08,1.678226e-10,2.731765e-10,5.313071e-09,5.313071e-11
1.002134e+01,8.536931e-10,1.678283e-08,1.678283e-10,2.734730e-10,5.326353e-09,5.326353e-11
1.002348e+01,8.494472e-10,1.671226e-08,1.671226e-10,2.729547e-10,5.323198e-09,5.323198e-11
1.002562e+01,8.434088e-10,1.659640e-08,1.659640e-10,2.711688e-10,5.301000e-09,5.301000e-11
1.002775e+01,8.375680e-10,1.644821e-08,1.644821e-10,2.681854e-10,5.262181e-09,5.262181e-11
1.002989e+01,8.334090e-10,1.627966e-08,1.627966e-10,2.662527e-10,5.222297e-09,5.222297e-11
1.003203e+01,8.291164e-10,1.607518e-08,1.607518e-10,2.661661e-10,5.185414e-09,5.185414e-11
1.003416e+01,8.195839e-10,1.580018e-08,1.580018e-10,2.644469e-10,5.136337e-09,5.136337e-11
1.003630e+01,8.035727e-10,1.545115e-08,1.545115e-10,2.586494e-10,5.049554e-09,5.049554e-11
1.003844e+01,7.877734e-10,1.506788e-08,1.506788e-10,2.528160e-10,4.957326e-09,4.957326e-11
1.004057e+01,7.791074e-10,1.468769e-08,1.468769e-10,2.521595e-10,4.879400e-09,4.879400e-11
1.004271e+01,7.751906e-10,1.433063e-08,1.433063e-10,2.543573e-10,4.832414e-09,4.832414e-11
1.004485e+01,7.678101e-10,1.397576e-08,1.397576e-10,2.527912e-10,4.762113e-09,4.762113e-11
1.004698e+01,7.546923e-10,1.360273e-08,1.360273e-10,2.473451e-10,4.675445e-09,4.675445e-11
1.004912e+01,7.414018e-10,1.320555e-08,1.320555e-10,2.443022e-10,4.598374e-09,4.598374e-11
1.005126e+01,7.310797e-10,1.279197e-08,1.279197e-10,2.450632e-10,4.542033e-09,4.542033e-11
1.005340e+01,7.197027e-10,1.239079e-08,1.239079e-10,2.433262e-10,4.482759e-09,4.482759e-11
1.005553e+01,7.050903e-10,1.202070e-08,1.202070e-10,2.364449e-10,4.371005e-09,4.371005e-11
1.005767e+01,6.929664e-10,1.171948e-08,1.171948e-10,2.311640e-10,4.293848e-09,4.293848e-11
1.005981e+01,6.881329e-10,1.149383e-08,1.149383e-10,2.326423e-10,4.246677e-09,4.246677e-11
1.006194e+01,6.858050e-10,1.131690e-08,1.131690e-10,2.352477e-10,4.238738e-09,4.238738e-11
1.006408e+01,6.785788e-10,1.110845e-08,1.110845e-10,2.314954e-10,4.135314e-09,4.135314e-11
1.006622e+01,6.675636e-10,1.087538e-08,1.087538e-10,2.243382e-10,4.012961e-09,4.012961e-11
1.006835e+01,6.593422e-10,1.066485e-08,1.066485e-10,2.219040e-10,3.914946e-09,3.914946e-11
1.007049e+01,6.551211e-10,1.053902e-08,1.053902e-10,2.237906e-10,3.881374e-09,3.881374e-11
1.007263e+01,6.505113e-10,1.049305e-08,1.049305e-10,2.224602e-10,3.827672e-09,3.827672e-11
1.007476e+01,6.448467e-10,1.049375e-08,1.049375e-10,2.169520e-10,3.727719e-09,3.727719e-11
1.007690e+01,6.423789e-10,1.049737e-08,1.049737e-10,2.145420e-10,3.674749e-09,3.674749e-11
1.007904e+01,6.433043e-10,1.045168e-08,1.045168e-10,2.176474e-10,3.636307e-09,3.636307e-11
1.008117e+01,6.424048e-10,1.037345e-08,1.037345e-10,2.196215e-10,3.610075e-09,3.610075e-11
1.008331e+01,6.391952e-10,1.030122e-08,1.030122e-10,2.168473e-10,3.508033e-09,3.508033e-11
1.008545e+01,6.407710e-10,1.031308e-08,1.031308e-10,2.154368e-10,3.469234e-09,3.469234e-11
1.008758e+01,6.500460e-10,1.039858e-08,1.039858e-10,2.204947e-10,3.479861e-09,3.479861e-11
1.008972e+01,6.593346e-10,1.051123e-08,1.051123e-10,2.268688e-10,3.539423e-09,3.539423e-11
1.009186e+01,6.615899e-10,1.056651e-08,1.056651e-10,2.276569e-10,3.532023e-09,3.532023e-11
1.009399e+01,6.613519e-10,1.057814e-08,1.057814e-10,2.255982e-10,3.509141e-09,3.509141e-11
1.009613e+01,6.675810e-10,1.059270e-08,1.059270e-10,2.280130e-10,3.519185e-09,3.519185e-11
1.009827e+01,6.799299e-10,1.066278e-08,1.066278e-10,2.344926e-10,3.571653e-09,3.571653e-11
1.010040e+01,6.904114e-10,1.078832e-08,1.078832e-10,2.382357e-10,3.624024e-09,3.624024e-11
1.010254e+01,6.968356e-10,1.094455e-08,1.094455e-10,2.381294e-10,3.653224e-09,3.653224e-11
1.010468e+01,7.055089e-10,1.112814e-08,1.112814e-10,2.403167e-10,3.719682e-09,3.719682e-11
1.010681e+01,7.194859e-10,1.130890e-08,1.130890e-10,2.467951e-10,3.796816e-09,3.796816e-11
1.010895e+01,7.331766e-10,1.148248e-08,1.148248e-10,2.518348e-10,3.869636e-09,3.869636e-11
1.011109e+01,7.423119e-10,1.165526e-08,1.165526e-10,2.523732e-10,3.897237e-09,3.897237e-11
1.011322e+01,7.509262e-10,1.187110e-08,1.187110e-10,2.533429e-10,3.952188e-09,3.952188e-11
1.011536e+01,7.637161e-10,1.212754e-08,1.212754e-10,2.588786e-10,4.029179e-09,4.029179e-11
1.011750e+01,7.781762e-10,1.241429e-08,1.241429e-10,2.652761e-10,4.125900e-09,4.125900e-11
1.011963e+01,7.896954e-10,1.269572e-08,1.269572e-10,2.677449e-10,4.185340e-09,4.185340e-11
1.012177e+01,7.996423e-10,1.297463e-08,1.297463e-10,2.686988e-10,4.242367e-09,4.242367e-11
1.012391e+01,8.124488e-10,1.326432e-08,1.326432e-10,2.732389e-10,4.315084e-09,4.315084e-11
1.012604e+01,8.276333e-10,1.357243e-08,1.357243e-10,2.802896e-10,4.409049e-09,4.409049e-11
1.012818e+01,8.406320e-10,1.390095e-08,1.390095e-10,2.845811e-10,4.496464e-09,4.496464e-11
1.013032e+01,8.508577e-10,1.423708e-08,1.423708e-10,2.856669e-10,4.567059e-09,4.567059e-11
1.013245e+01,8.628345e-10,1.458006e-08,1.458006e-10,2.886300e-10,4.654666e-09,4.654666e-11
1.013459e+01,8.780892e-10,1.492154e-08,1.492154e-10,2.952486e-10,4.754610e-09,4.754610e-11
1.013673e+01,8.920667e-10,1.526554e-08,1.526554e-10,3.009075e-10,4.863317e-09,4.863317e-11
1.013886e+01,9.015477e-10,1.561405e-08,1.561405e-10,3.026196e-10,4.950963e-09,4.950963e-11
1.014100e+01,9.097936e-10,1.597723e-08,1.597723e-10,3.039166e-10,5.052020e-09,5.052020e-11
1.014314e+01,9.207559e-10,1.634114e-08,1.634114e-10,3.085830e-10,5.162131e-09,5.162131e-11
1.014528e+01,9.323622e-10,1.668075e-08,1.668075e-10,3.144610e-10,5.274119e-09,5.274119e-11
1.014741e+01,9.397020e-10,1.697948e-08,1.697948e-10,3.170613e-10,5.362295e-09,5.362295e-11
1.014955e+01,9.425848e-10,1.724417e-08,1.724417e-10,3.165741e-10,5.430955e-09,5.430955e-11
1.015169e+01,9.460315e-10,1.749702e-08,1.749702e-10,3.172503e-10,5.502728e-09,5.502728e-11
1.015382e+01,9.531780e-10,1.774411e-08,1.774411e-10,3.206475e-10,5.573349e-09,5.573349e-11
1.015596e+01,9.611138e-10,1.797334e-08,1.797334e-10,3.235801e-10,5.637993e-09,5.637993e-11
1.015810e+01,9.653251e-10,1.815258e-08,1.815258e-10,3.231021e-10,5.672269e-09,5.672269e-11
1.016023e+01,9.656745e-10,1.826094e-08,1.826094e-10,3.205612e-10,5.682036e-09,5.682036e-11
1.016237e+01,9.657418e-10,1.830396e-08,1.830396e-10,3.192720e-10,5.675353e-09,5.675353e-11
1.016451e+01,9.678273e-10,1.830346e-08,1.830346e-10,3.196939e-10,5.659563e-09,5.659563e-11
1.016664e+01,9.708738e-10,1.828022e-08,1.828022e-10,3.194382e-10,5.634936e-09,5.634936e-11
1.016878e+01,9.725251e-10,1.823638e-08,1.823638e-10,3.172688e-10,5.596122e-09,5.596122e-11
1.017092e+01,9.717076e-10,1.815471e-08,1.815471e-10,3.146447e-10,5.552987e-09,5.552987e-11
1.017305e+01,9.689238e-10,1.801330e-08,1.801330e-10,3.133601e-10,5.499130e-09,5.499130e-11
1.017519e+01,9.644837e-10,1.780376e-08,1.780376e-10,3.127225e-10,5.432193e-09,5.432193e-11
1.017733e+01,9.576712e-10,1.753679e-08,1.753679e-10,3.102181e-10,5.346854e-09,5.346854e-11
1.017946e+01,9.484738e-10,1.723990e-08,1.723990e-10,3.054476e-10,5.246482e-09,5.246482e-11
1.018160e+01,9.387315e-10,1.693770e-08,1.693770e-10,3.012881e-10,5.153782e-09,5.153782e-11
1.018374e+01,9.300652e-10,1.663908e-08,1.663908e-10,2.998855e-10,5.071041e-09,5.071041e-11
1.018587e+01,9.219227e-10,1.634541e-08,1.634541e-10,2.994277e-10,5.000354e-09,5.000354e-11
1.018801e+01,9.130150e-10,1.604484e-08,1.604484e-10,2.967203e-10,4.918666e-09,4.918666e-11
1.019015e+01,9.037862e-10,1.572851e-08,1.572851e-10,2.921717e-10,4.826332e-09,4.826332e-11
1.019228e+01,8.959652e-10,1.540493e-08,1.540493e-10,2.893124e-10,4.740607e-09,4.740607e-11
1.019442e+01,8.899788e-10,1.509513e-08,1.509513e-10,2.891859e-10,4.667786e-09,4.667786e-11
1.019656e+01,8.844445e-10,1.482145e-08,1.482145e-10,2.888353e-10,4.610839e-09,4.610839e-11
1.019869e+01,8.785904e-10,1.458893e-08,1.458893e-10,2.862018e-10,4.550953e-09,4.550953e-11
1.020083e+01,8.733026e-10,1.438360e-08,1.438360e-10,2.834174e-10,4.504934e-09,4.504934e-11
1.020297e+01,8.680161e-10,1.416915e-08,1.416915e-10,2.830043e-10,4.464511e-09,4.464511e-11
1.020510e+01,8.589529e-10,1.391720e-08,1.391720e-10,2.828681e-10,4.426943e-09,4.426943e-11
1.020724e+01,8.436466e-10,1.362998e-08,1.362998e-10,2.791092e-10,4.372114e-09,4.372114e-11
1.020938e+01,8.255764e-10,1.334233e-08,1.334233e-10,2.726510e-10,4.308958e-09,4.308958e-11
1.021151e+01,8.109114e-10,1.308342e-08,1.308342e-10,2.683761e-10,4.263366e-09,4.263366e-11
1.021365e+01,8.010974e-10,1.285873e-08,1.285873e-10,2.679325e-10,4.232515e-09,4.232515e-11
1.021579e+01,7.920293e-10,1.265513e-08,1.265513e-10,2.675347e-10,4.209528e-09,4.209528e-11
1.021792e+01,7.807929e-10,1.245235e-08,1.245235e-10,2.640478e-10,4.164833e-09,4.164833e-11
1.022006e+01,7.697516e-10,1.225446e-08,1.225446e-10,2.597166e-10,4.118811e-09,4.118811e-11
1.022220e+01,7.621565e-10,1.207915e-08,1.207915e-10,2.579879e-10,4.078602e-09,4.078602e-11
1.022433e+01,7.566100e-10,1.194299e-08,1.194299e-10,2.577612e-10,4.051313e-09,4.051313e-11
1.022647e+01,7.495024e-10,1.183684e-08,1.183684e-10,2.556212e-10,4.018503e-09,4.018503e-11
1.022861e+01,7.407597e-10,1.175177e-08,1.175177e-10,2.514690e-10,3.979361e-09,3.979361e-11
1.023075e+01,7.331302e-10,1.167871e-08,1.167871e-10,2.482471e-10,3.944974e-09,3.944974e-11
1.023288e+01,7.270019e-10,1.160195e-08,1.160195e-10,2.468733e-10,3.913530e-09,3.913530e-11
1.023502e+01,7.196910e-10,1.150770e-08,1.150770e-10,2.448747e-10,3.879247e-09,3.879247e-11
1.023716e+01,7.099288e-10,1.139575e-08,1.139575e-10,2.407282e-10,3.830542e-09,3.830542e-11
1.023929e+01,6.998208e-10,1.127663e-08,1.127663e-10,2.362145e-10,3.779846e-09,3.779846e-11
1.024143e+01,6.916679e-10,1.116201e-08,1.116201e-10,2.332703e-10,3.729996e-09,3.729996e-11
1.024357e+01,6.850650e-10,1.106700e-08,1.106700e-10,2.311867e-10,3.687116e-09,3.687116e-11
1.024570e+01,6.783927e-10,1.098692e-08,1.098692e-10,2.282559e-10,3.641697e-09,3.641697e-11
1.024784e+01,6.717628e-10,1.091640e-08,1.091640e-10,2.246286e-10,3.593845e-09,3.593845e-11
1.024998e+01,6.663551e-10,1.085316e-08,1.085316e-10,2.216054e-10,3.542677e-09,3.542677e-11
1.025211e+01,6.622372e-10,1.081087e-08,1.081087e-10,2.191292e-10,3.493971e-09,3.493971e-11
1.025425e+01,6.595302e-10,1.080446e-08,1.080446e-10,2.165269e-10,3.451020e-09,3.451020e-11
1.025639e+01,6.603584e-10,1.083900e-08,1.083900e-10,2.146485e-10,3.418727e-09,3.418727e-11
1.025852e+01,6.664142e-10,1.090989e-08,1.090989e-10,2.147096e-10,3.399006e-09,3.399006e-11
1.026066e+01,6.753070e-10,1.100338e-08,1.100338e-10,2.158169e-10,3.385027e-09,3.385027e-11
1.026280e+01,6.825858e-10,1.110987e-08,1.110987e-10,2.158377e-10,3.374402e-09,3.374402e-11
1.026493e+01,6.870638e-10,1.122841e-08,1.122841e-10,2.145409e-10,3.370549e-09,3.370549e-11
1.026707e+01,6.916356e-10,1.136855e-08,1.136855e-10,2.139002e-10,3.385918e-09,3.385918e-11
1.026921e+01,6.987557e-10,1.153535e-08,1.153535e-10,2.148884e-10,3.416900e-09,3.416900e-11
1.027134e+01,7.073043e-10,1.173735e-08,1.173735e-10,2.160540e-10,3.458536e-09,3.458536e-11
1.027348e+01,7.153064e-10,1.198220e-08,1.198220e-10,2.162994e-10,3.507982e-09,3.507982e-11
1.027562e+01,7.238645e-10,1.227863e-08,1.227863e-10,2.171409e-10,3.581241e-09,3.581241e-11
1.027775e+01,7.357522e-10,1.262944e-08,1.262944e-10,2.204927e-10,3.680898e-09,3.680898e-11
1.027989e+01,7.509086e-10,1.302765e-08,1.302765e-10,2.253560e-10,3.798810e-09,3.798810e-11
1.028203e+01,7.664026e-10,1.346502e-08,1.346502e-10,2.291175e-10,3.921568e-09,3.921568e-11
1.028416e+01,7.809057e-10,1.393427e-08,1.393427e-10,2.317224e-10,4.051707e-09,4.051707e-11
1.028630e+01,7.961375e-10,1.443101e-08,1.443101e-10,2.356659e-10,4.202285e-09,4.202285e-11
1.028844e+01,8.133461e-10,1.494791e-08,1.494791e-10,2.417522e-10,4.368371e-09,4.368371e-11
1.029057e+01,8.309060e-10,1.547728e-08,1.547728e-10,2.476316e-10,4.541316e-09,4.541316e-11
1.029271e+01,8.465541e-10,1.601059e-08,1.601059e-10,2.514017e-10,4.708574e-09,4.708574e-11
1.029485e+01,8.605205e-10,1.654225e-08,1.654225e-10,2.546148e-10,4.881734e-09,4.881734e-11
1.029698e+01,8.748475e-10,1.706730e-08,1.706730e-10,2.598839e-10,5.064402e-09,5.064402e-11
1.029912e+01,8.902850e-10,1.758111e-08,1.758111e-10,2.667720e-10,5.252384e-09,5.252384e-11
1.030126e+01,9.059235e-10,1.807560e-08,1.807560e-10,2.726701e-10,5.431691e-09,5.431691e-11
1.030339e+01,9.214005e-10,1.854296e-08,1.854296e-10,2.771466e-10,5.598256e-09,5.598256e-11
1.030553e+01,9.369522e-10,1.897664e-08,1.897664e-10,2.824507e-10,5.762304e-09,5.762304e-11
1.030767e+01,9.512908e-10,1.936521e-08,1.936521e-10,2.893335e-10,5.920893e-09,5.920893e-11
1.030980e+01,9.620471e-10,1.970041e-08,1.970041e-10,2.952472e-10,6.067502e-09,6.067502e-11
1.031194e+01,9.690719e-10,1.997964e-08,1.997964e-10,2.981837e-10,6.189031e-09,6.189031e-11
1.031408e+01,9.750085e-10,2.020416e-08,2.020416e-10,2.998898e-10,6.291402e-09,6.291402e-11
1.031621e+01,9.817536e-10,2.037354e-08,2.037354e-10,3.031945e-10,6.379508e-09,6.379508e-11
1.031835e+01,9.879484e-10,2.048302e-08,2.048302e-10,3.077844e-10,6.452019e-09,6.452019e-11
1.032049e+01,9.911700e-10,2.052614e-08,2.052614e-10,3.109545e-10,6.500327e-09,6.500327e-11
1.032263e+01,9.915366e-10,2.050072e-08,2.050072e-10,3.118298e-10,6.518309e-09,6.518309e-11
1.032476e+01,9.909840e-10,2.040834e-08,2.040834e-10,3.122808e-10,6.511459e-09,6.511459e-11
1.032690e+01,9.896849e-10,2.025234e-08,2.025234e-10,3.135093e-10,6.482487e-09,6.482487e-11
1.032904e+01,9.856181e-10,2.003381e-08,2.003381e-10,3.141224e-10,6.431246e-09,6.431246e-11
1.033117e+01,9.779012e-10,1.975357e-08,1.975357e-10,3.125464e-10,6.352640e-09,6.352640e-11
1.033331e+01,9.682244e-10,1.941887e-08,1.941887e-10,3.093966e-10,6.248738e-09,6.248738e-11
1.033545e+01,9.582224e-10,1.903927e-08,1.903927e-10,3.061276e-10,6.124640e-09,6.124640e-11
1.033758e+01,9.475691e-10,1.862330e-08,1.862330e-10,3.028724e-10,5.984435e-09,5.984435e-11
1.033972e+01,9.351285e-10,1.817778e-08,1.817778e-10,2.988360e-10,5.829479e-09,5.829479e-11
1.034186e+01,9.207274e-10,1.770803e-08,1.770803e-10,2.938558e-10,5.661868e-09,5.661868e-11
1.034399e+01,9.052467e-10,1.722399e-08,1.722399e-10,2.884532e-10,5.485654e-09,5.485654e-11
1.034613e+01,8.896685e-10,1.674115e-08,1.674115e-10,2.830002e-10,5.305867e-09,5.305867e-11
1.034827e+01,8.748091e-10,1.627122e-08,1.627122e-10,2.778700e-10,5.127162e-09,5.127162e-11
1.035040e+01,8.610844e-10,1.582153e-08,1.582153e-10,2.735566e-10,4.953849e-09,4.953849e-11
1.035254e+01,8.478214e-10,1.539150e-08,1.539150e-10,2.697204e-10,4.787689e-09,4.787689e-11
1.035468e+01,8.337491e-10,1.498214e-08,1.498214e-10,2.651678e-10,4.627677e-09,4.627677e-11
1.035681e+01,8.194450e-10,1.460375e-08,1.460375e-10,2.598760e-10,4.475747e-09,4.475747e-11
1.035895e+01,8.079835e-10,1.426877e-08,1.426877e-10,2.557701e-10,4.340937e-09,4.340937e-11
1.036109e+01,8.009262e-10,1.398081e-08,1.398081e-10,2.538970e-10,4.226462e-09,4.226462e-11
1.036322e+01,7.952827e-10,1.373081e-08,1.373081e-10,2.522463e-10,4.130543e-09,4.130543e-11
1.036536e+01,7.870300e-10,1.350092e-08,1.350092e-10,2.485108e-10,4.040125e-09,4.040125e-11
1.036750e+01,7.766892e-10,1.329179e-08,1.329179e-10,2.439339e-10,3.964011e-09,3.964011e-11
1.036963e+01,7.685926e-10,1.311756e-08,1.311756e-10,2.417047e-10,3.910282e-09,3.910282e-11
1.037177e+01,7.645883e-10,1.298380e-08,1.298380e-10,2.418710e-10,3.881654e-09,3.881654e-11
1.037391e+01,7.614668e-10,1.288448e-08,1.288448e-10,2.410657e-10,3.863791e-09,3.863791e-11
1.037604e+01,7.556791e-10,1.279727e-08,1.279727e-10,2.379032e-10,3.844578e-09,3.844578e-11
1.037818e+01,7.481536e-10,1.270876e-08,1.270876e-10,2.353025e-10,3.842376e-09,3.842376e-11
1.038032e+01,7.422429e-10,1.263033e-08,1.263033e-10,2.356598e-10,3.856249e-09,3.856249e-11
1.038245e+01,7.388074e-10,1.258151e-08,1.258151e-10,2.369063e-10,3.888858e-09,3.888858e-11
1.038459e+01,7.364268e-10,1.256466e-08,1.256466e-10,2.362604e-10,3.913946e-09,3.913946e-11
1.038673e+01,7.348848e-10,1.257451e-08,1.257451e-10,2.351535e-10,3.947888e-09,3.947888e-11
1.038886e+01,7.350131e-10,1.259660e-08,1.259660e-10,2.367740e-10,3.995877e-09,3.995877e-11
1.039100e+01,7.358976e-10,1.262307e-08,1.262307e-10,2.404252e-10,4.054929e-09,4.054929e-11
1.039314e+01,7.354626e-10,1.265924e-08,1.265924e-10,2.423240e-10,4.109239e-09,4.109239e-11
1.039527e+01,7.339136e-10,1.271195e-08,1.271195e-10,2.416548e-10,4.149387e-09,4.149387e-11
1.039741e+01,7.338469e-10,1.278431e-08,1.278431e-10,2.418487e-10,4.199209e-09,4.199209e-11
1.039955e+01,7.363425e-10,1.286980e-08,1.286980e-10,2.449857e-10,4.254241e-09,4.254241e-11
1.040168e+01,7.392721e-10,1.296482e-08,1.296482e-10,2.484761e-10,4.313666e-09,4.313666e-11
1.040382e+01,7.406902e-10,1.306436e-08,1.306436e-10,2.492645e-10,4.354332e-09,4.354332e-11
1.040596e+01,7.419456e-10,1.316605e-08,1.316605e-10,2.485858e-10,4.386384e-09,4.386384e-11
1.040810e+01,7.452970e-10,1.326615e-08,1.326615e-10,2.496526e-10,4.417204e-09,4.417204e-11
1.041023e+01,7.502350e-10,1.336280e-08,1.336280e-10,2.525399e-10,4.446278e-09,4.446278e-11
1.041237e+01,7.548736e-10,1.345722e-08,1.345722e-10,2.546714e-10,4.468728e-09,4.468728e-11
1.041451e+01,7.595698e-10,1.355460e-08,1.355460e-10,2.552824e-10,4.479019e-09,4.479019e-11
1.041664e+01,7.664396e-10,1.365618e-08,1.365618e-10,2.563698e-10,4.490076e-09,4.490076e-11
1.041878e+01,7.754969e-10,1.375362e-08,1.375362e-10,2.592301e-10,4.500632e-09,4.500632e-11
1.042092e+01,7.836701e-10,1.383863e-08,1.383863e-10,2.623188e-10,4.508885e-09,4.508885e-11
1.042305e+01,7.885082e-10,1.390947e-08,1.390947e-10,2.635000e-10,4.507024e-09,4.507024e-11
1.042519e+01,7.915296e-10,1.397776e-08,1.397776e-10,2.631293e-10,4.497930e-09,4.497930e-11
1.042733e+01,7.965299e-10,1.405590e-08,1.405590e-10,2.635015e-10,4.490192e-09,4.490192e-11
1.042946e+01,8.047060e-10,1.415009e-08,1.415009e-10,2.656652e-10,4.486366e-09,4.486366e-11
1.043160e+01,8.135008e-10,1.426069e-08,1.426069e-10,2.682569e-10,4.487182e-09,4.487182e-11
1.043374e+01,8.205013e-10,1.438290e-08,1.438290e-10,2.696308e-10,4.487405e-09,4.487405e-11
1.043587e+01,8.264918e-10,1.451869e-08,1.451869e-10,2.700398e-10,4.490494e-09,4.490494e-11
1.043801e+01,8.341986e-10,1.467893e-08,1.467893e-10,2.711976e-10,4.504596e-09,4.504596e-11
1.044015e+01,8.450082e-10,1.487610e-08,1.487610e-10,2.740779e-10,4.535071e-09,4.535071e-11
1.044228e+01,8.576947e-10,1.511517e-08,1.511517e-10,2.777434e-10,4.582006e-09,4.582006e-11
1.044442e+01,8.701680e-10,1.539187e-08,1.539187e-10,2.806402e-10,4.638547e-09,4.638547e-11
1.044656e+01,8.818986e-10,1.569713e-08,1.569713e-10,2.828145e-10,4.704987e-09,4.704987e-11
1.044869e+01,8.936504e-10,1.602208e-08,1.602208e-10,2.856300e-10,4.780815e-09,4.780815e-11
1.045083e+01,9.051585e-10,1.636142e-08,1.636142e-10,2.891174e-10,4.864035e-09,4.864035e-11
1.045297e+01,9.153510e-10,1.671322e-08,1.671322e-10,2.917405e-10,4.948202e-09,4.948202e-11
1.045510e+01,9.246607e-10,1.707630e-08,1.707630e-10,2.931706e-10,5.030439e-09,5.030439e-11
1.045724e+01,9.347748e-10,1.744283e-08,1.744283e-10,2.950746e-10,5.114969e-09,5.114969e-11
1.045938e+01,9.458775e-10,1.780542e-08,1.780542e-10,2.983666e-10,5.201444e-09,5.201444e-11
1.046151e+01,9.561440e-10,1.815461e-08,1.815461e-10,3.015189e-10,5.285628e-09,5.285628e-11
1.046365e+01,9.643876e-10,1.847717e-08,1.847717e-10,3.029506e-10,5.357229e-09,5.357229e-11
1.046579e+01,9.714161e-10,1.876630e-08,1.876630e-10,3.035614e-10,5.420345e-09,5.420345e-11
1.046792e+01,9.781230e-10,1.901732e-08,1.901732e-10,3.050789e-10,5.477316e-09,5.477316e-11
1.047006e+01,9.836253e-10,1.923247e-08,1.923247e-10,3.070665e-10,5.530616e-09,5.530616e-11
1.047220e+01,9.870535e-10,1.941192e-08,1.941192e-10,3.079291e-10,5.572093e-09,5.572093e-11
1.047433e+01,9.900663e-10,1.955743e-08,1.955743e-10,3.082410e-10,5.605197e-09,5.605197e-11
1.047647e+01,9.943370e-10,1.966324e-08,1.966324e-10,3.099455e-10,5.631760e-09,5.631760e-11
1.047861e+01,9.972881e-10,1.972202e-08,1.972202e-10,3.122146e-10,5.651389e-09,5.651389e-11
1.048074e+01,9.947859e-10,1.973095e-08,1.973095e-10,3.120547e-10,5.656048e-09,5.656048e-11
1.048288e+01,9.881027e-10,1.970239e-08,1.970239e-10,3.096918e-10,5.648573e-09,5.648573e-11
1.048502e+01,9.833056e-10,1.965412e-08,1.965412e-10,3.089351e-10,5.643944e-09,5.643944e-11
1.048715e+01,9.827161e-10,1.959031e-08,1.959031e-10,3.109623e-10,5.642332e-09,5.642332e-11
1.048929e+01,9.815706e-10,1.951096e-08,1.951096e-10,3.120754e-10,5.640526e-09,5.640526e-11
1.049143e+01,9.753408e-10,1.940631e-08,1.940631e-10,3.097511e-10,5.621301e-09,5.621301e-11
1.049356e+01,9.662390e-10,1.928220e-08,1.928220e-10,3.069900e-10,5.606845e-09,5.606845e-11
1.049570e+01,9.589916e-10,1.914750e-08,1.914750e-10,3.072210e-10,5.597121e-09,5.597121e-11
1.049784e+01,9.533313e-10,1.901367e-08,1.901367e-10,3.082405e-10,5.598322e-09,5.598322e-11
1.049998e+01,9.456805e-10,1.887862e-08,1.887862e-10,3.060631e-10,5.581138e-09,5.581138e-11
1.050211e+01,9.365539e-10,1.874484e-08,1.874484e-10,3.023410e-10,5.562229e-09,5.562229e-11
1.050425e+01,9.299840e-10,1.861546e-08,1.861546e-10,3.020007e-10,5.555232e-09,5.555232e-11
1.050639e+01,9.259350e-10,1.848517e-08,1.848517e-10,3.045120e-10,5.558263e-09,5.558263e-11
1.050852e+01,9.196694e-10,1.834800e-08,1.834800e-10,3.040307e-10,5.548888e-09,5.548888e-11
1.051066e+01,9.099117e-10,1.820233e-08,1.820233e-10,2.991383e-10,5.508797e-09,5.508797e-11
1.051280e+01,9.017862e-10,1.806168e-08,1.806168e-10,2.956745e-10,5.482151e-09,5.482151e-11
1.051493e+01,8.990824e-10,1.792453e-08,1.792453e-10,2.972446e-10,5.463104e-09,5.463104e-11
1.051707e+01,8.987243e-10,1.778911e-08,1.778911e-10,2.993390e-10,5.453424e-09,5.453424e-11
1.051921e+01,8.961653e-10,1.764057e-08,1.764057e-10,2.968879e-10,5.403862e-09,5.403862e-11
1.052134e+01,8.924422e-10,1.747903e-08,1.747903e-10,2.925194e-10,5.347998e-09,5.347998e-11
1.052348e+01,8.912630e-10,1.730645e-08,1.730645e-10,2.918410e-10,5.297778e-09,5.297778e-11
1.052562e+01,8.917686e-10,1.712681e-08,1.712681e-10,2.939000e-10,5.259424e-09,5.259424e-11
1.052775e+01,8.900911e-10,1.693786e-08,1.693786e-10,2.930487e-10,5.202905e-09,5.202905e-11
1.052989e+01,8.865515e-10,1.673903e-08,1.673903e-10,2.887198e-10,5.118902e-09,5.118902e-11
1.053203e+01,8.851203e-10,1.653952e-08,1.653952e-10,2.862279e-10,5.047324e-09,5.047324e-11
1.053416e+01,8.856732e-10,1.633721e-08,1.633721e-10,2.875323e-10,4.982572e-09,4.982572e-11
1.053630e+01,8.830726e-10,1.612731e-08,1.612731e-10,2.879177e-10,4.924302e-09,4.924302e-11
1.053844e+01,8.753897e-10,1.590749e-08,1.590749e-10,2.838979e-10,4.835001e-09,4.835001e-11
1.054057e+01,8.677618e-10,1.569435e-08,1.569435e-10,2.789151e-10,4.750119e-09,4.750119e-11
1.054271e+01,8.655263e-10,1.549580e-08,1.549580e-10,2.777394e-10,4.675777e-09,4.675777e-11
1.054485e+01,8.668017e-10,1.531594e-08,1.531594e-10,2.791124e-10,4.616405e-09,4.616405e-11
1.054698e+01,8.654652e-10,1.513874e-08,1.513874e-10,2.783012e-10,4.550475e-09,4.550475e-11
1.054912e+01,8.595848e-10,1.495092e-08,1.495092e-10,2.744873e-10,4.472608e-09,4.472608e-11
1.055126e+01,8.528970e-10,1.476376e-08,1.476376e-10,2.711676e-10,4.403751e-09,4.403751e-11
1.055339e+01,8.484677e-10,1.459121e-08,1.459121e-10,2.702051e-10,4.341924e-09,4.341924e-11
1.055553e+01,8.449011e-10,1.443943e-08,1.443943e-10,2.695434e-10,4.289750e-09,4.289750e-11
1.055767e+01,8.395778e-10,1.429783e-08,1.429783e-10,2.672197e-10,4.231908e-09,4.231908e-11
1.055980e+01,8.321138e-10,1.414613e-08,1.414613e-10,2.642223e-10,4.177828e-09,4.177828e-11
1.056194e+01,8.237601e-10,1.397844e-08,1.397844e-10,2.623143e-10,4.130018e-09,4.130018e-11
1.056408e+01,8.157943e-10,1.382132e-08,1.382132e-10,2.614624e-10,4.091597e-09,4.091597e-11
1.056621e+01,8.092611e-10,1.369723e-08,1.369723e-10,2.605232e-10,4.062626e-09,4.062626e-11
1.056835e+01,8.047546e-10,1.361228e-08,1.361228e-10,2.590686e-10,4.039523e-09,4.039523e-11
1.057049e+01,8.018916e-10,1.355332e-08,1.355332e-10,2.577189e-10,4.027284e-09,4.027284e-11
1.057262e+01,7.996919e-10,1.349932e-08,1.349932e-10,2.571593e-10,4.023998e-09,4.023998e-11
1.057476e+01,7.976078e-10,1.345855e-08,1.345855e-10,2.572615e-10,4.031960e-09,4.031960e-11
1.057690e+01,7.963604e-10,1.345228e-08,1.345228e-10,2.573537e-10,4.050924e-09,4.050924e-11
1.057903e+01,7.972654e-10,1.348730e-08,1.348730e-10,2.571682e-10,4.077232e-09,4.077232e-11
1.058117e+01,8.004102e-10,1.355320e-08,1.355320e-10,2.573250e-10,4.114200e-09,4.114200e-11
1.058331e+01,8.039173e-10,1.362837e-08,1.362837e-10,2.585003e-10,4.159692e-09,4.159692e-11
1.058545e+01,8.054033e-10,1.369881e-08,1.369881e-10,2.600676e-10,4.213614e-09,4.213614e-11
1.058758e+01,8.044418e-10,1.376676e-08,1.376676e-10,2.607054e-10,4.269329e-09,4.269329e-11
1.058972e+01,8.030169e-10,1.384061e-08,1.384061e-10,2.605560e-10,4.326819e-09,4.326819e-11
1.059186e+01,8.030826e-10,1.391940e-08,1.391940e-10,2.612899e-10,4.391341e-09,4.391341e-11
1.059399e+01,8.038398e-10,1.400058e-08,1.400058e-10,2.633313e-10,4.460552e-09,4.460552e-11
1.059613e+01,8.030062e-10,1.408280e-08,1.408280e-10,2.648173e-10,4.531302e-09,4.531302e-11
1.059827e+01,8.011451e-10,1.416914e-08,1.416914e-10,2.648155e-10,4.594540e-09,4.594540e-11
1.060040e+01,8.019035e-10,1.426723e-08,1.426723e-10,2.654363e-10,4.661374e-09,4.661374e-11
1.060254e+01,8.068351e-10,1.437642e-08,1.437642e-10,2.684372e-10,4.730568e-09,4.730568e-11
1.060468e+01,8.126959e-10,1.449661e-08,1.449661e-10,2.718308e-10,4.800578e-09,4.800578e-11
1.060681e+01,8.163824e-10,1.462344e-08,1.462344e-10,2.729749e-10,4.857885e-09,4.857885e-11
1.060895e+01,8.199305e-10,1.476353e-08,1.476353e-10,2.732204e-10,4.911918e-09,4.911918e-11
1.061109e+01,8.269532e-10,1.491762e-08,1.491762e-10,2.757360e-10,4.968565e-09,4.968565e-11
1.061322e+01,8.360167e-10,1.508607e-08,1.508607e-10,2.797500e-10,5.028778e-09,5.028778e-11
1.061536e+01,8.422667e-10,1.526271e-08,1.526271e-10,2.814601e-10,5.078119e-09,5.078119e-11
1.061750e+01,8.455668e-10,1.545001e-08,1.545001e-10,2.808521e-10,5.117326e-09,5.117326e-11
1.061963e+01,8.511291e-10,1.565779e-08,1.565779e-10,2.822293e-10,5.163064e-09,5.163064e-11
1.062177e+01,8.608529e-10,1.588588e-08,1.588588e-10,2.867270e-10,5.215188e-09,5.215188e-11
1.062391e+01,8.700254e-10,1.613227e-08,1.613227e-10,2.899367e-10,5.265855e-09,5.265855e-11
1.062604e+01,8.751065e-10,1.638913e-08,1.638913e-10,2.893823e-10,5.295675e-09,5.295675e-11
1.062818e+01,8.793988e-10,1.666443e-08,1.666443e-10,2.890872e-10,5.334489e-09,5.334489e-11
1.063032e+01,8.870622e-10,1.695543e-08,1.695543e-10,2.927106e-10,5.381240e-09,5.381240e-11
1.063245e+01,8.961000e-10,1.725983e-08,1.725983e-10,2.968772e-10,5.440450e-09,5.440450e-11
1.063459e+01,9.018876e-10,1.755891e-08,1.755891e-10,2.967450e-10,5.470498e-09,5.470498e-11
1.063673e+01,9.046573e-10,1.785035e-08,1.785035e-10,2.944161e-10,5.498912e-09,5.498912e-11
1.063886e+01,9.081185e-10,1.812652e-08,1.812652e-10,2.953064e-10,5.534652e-09,5.534652e-11
1.064100e+01,9.122280e-10,1.838294e-08,1.838294e-10,2.985707e-10,5.586198e-09,5.586198e-11
1.064314e+01,9.137864e-10,1.861638e-08,1.861638e-10,2.985578e-10,5.617628e-09,5.617628e-11
1.064527e+01,9.139052e-10,1.882617e-08,1.882617e-10,2.951119e-10,5.625274e-09,5.625274e-11
1.064741e+01,9.175923e-10,1.902032e-08,1.902032e-10,2.943374e-10,5.649311e-09,5.649311e-11
1.064955e+01,9.242891e-10,1.918780e-08,1.918780e-10,2.977670e-10,5.682556e-09,5.682556e-11
1.065168e+01,9.265146e-10,1.930824e-08,1.930824e-10,2.990493e-10,5.713393e-09,5.713393e-11
1.065382e+01,9.211450e-10,1.937037e-08,1.937037e-10,2.946158e-10,5.694480e-09,5.694480e-11
1.065596e+01,9.151502e-10,1.940353e-08,1.940353e-10,2.901273e-10,5.685487e-09,5.685487e-11
1.065809e+01,9.158979e-10,1.942078e-08,1.942078e-10,2.914814e-10,5.686534e-09,5.686534e-11
1.066023e+01,9.212004e-10,1.942728e-08,1.942728e-10,2.954705e-10,5.707449e-09,5.707449e-11
1.066237e+01,9.239604e-10,1.940681e-08,1.940681e-10,2.956130e-10,5.693962e-09,5.693962e-11
1.066450e+01,9.224501e-10,1.934626e-08,1.934626e-10,2.927329e-10,5.667062e-09,5.667062e-11
1.066664e+01,9.203361e-10,1.924370e-08,1.924370e-10,2.924524e-10,5.649383e-09,5.649383e-11
1.066878e+01,9.188507e-10,1.911418e-08,1.911418e-10,2.949175e-10,5.640256e-09,5.640256e-11
1.067091e+01,9.154783e-10,1.897284e-08,1.897284e-10,2.948691e-10,5.623982e-09,5.623982e-11
1.067305e+01,9.102075e-10,1.882948e-08,1.882948e-10,2.911948e-10,5.583159e-09,5.583159e-11
1.067519e+01,9.064658e-10,1.869496e-08,1.869496e-10,2.887478e-10,5.559216e-09,5.559216e-11
1.067733e+01,9.048395e-10,1.856222e-08,1.856222e-10,2.897200e-10,5.539941e-09,5.539941e-11
1.067946e+01,9.015252e-10,1.841969e-08,1.841969e-10,2.900792e-10,5.520161e-09,5.520161e-11
1.068160e+01,8.949267e-10,1.825776e-08,1.825776e-10,2.868219e-10,5.471265e-09,5.471265e-11
1.068374e+01,8.888072e-10,1.809226e-08,1.809226e-10,2.829020e-10,5.418198e-09,5.418198e-11
1.068587e+01,8.866190e-10,1.794193e-08,1.794193e-10,2.819066e-10,5.372414e-09,5.372414e-11
1.068801e+01,8.870188e-10,1.782050e-08,1.782050e-10,2.824953e-10,5.337364e-09,5.337364e-11
1.069015e+01,8.871605e-10,1.772435e-08,1.772435e-10,2.815999e-10,5.302544e-09,5.302544e-11
1.069228e+01,8.868028e-10,1.763614e-08,1.763614e-10,2.795723e-10,5.266013e-09,5.266013e-11
1.069442e+01,8.861886e-10,1.752848e-08,1.752848e-10,2.782325e-10,5.227753e-09,5.227753e-11
1.069656e+01,8.832967e-10,1.738943e-08,1.738943e-10,2.768191e-10,5.182527e-09,5.182527e-11
1.069869e+01,8.771471e-10,1.723580e-08,1.723580e-10,2.739904e-10,5.131941e-09,5.131941e-11
1.070083e+01,8.711870e-10,1.709740e-08,1.709740e-10,2.713090e-10,5.087417e-09,5.087417e-11
1.070297e+01,8.692596e-10,1.699108e-08,1.699108e-10,2.708461e-10,5.057152e-09,5.057152e-11
1.070510e+01,8.698768e-10,1.691042e-08,1.691042e-10,2.714060e-10,5.036592e-09,5.036592e-11
1.070724e+01,8.685619e-10,1.682450e-08,1.682450e-10,2.707827e-10,5.011821e-09,5.011821e-11
1.070938e+01,8.641331e-10,1.670110e-08,1.670110e-10,2.696200e-10,4.977413e-09,4.977413e-11
1.071151e+01,8.589921e-10,1.653895e-08,1.653895e-10,2.694954e-10,4.933931e-09,4.933931e-11
1.071365e+01,8.549476e-10,1.637137e-08,1.637137e-10,2.694660e-10,4.891236e-09,4.891236e-11
1.071579e+01,8.519298e-10,1.623607e-08,1.623607e-10,2.680171e-10,4.850587e-09,4.850587e-11
1.071792e+01,8.497720e-10,1.614845e-08,1.614845e-10,2.665213e-10,4.827270e-09,4.827270e-11
1.072006e+01,8.482365e-10,1.609036e-08,1.609036e-10,2.671050e-10,4.819264e-09,4.819264e-11
1.072220e+01,8.456799e-10,1.602441e-08,1.602441e-10,2.682453e-10,4.817967e-09,4.817967e-11
1.072433e+01,8.405387e-10,1.591784e-08,1.591784e-10,2.666026e-10,4.792816e-09,4.792816e-11
1.072647e+01,8.343952e-10,1.578117e-08,1.578117e-10,2.629804e-10,4.751756e-09,4.751756e-11
1.072861e+01,8.306621e-10,1.566255e-08,1.566255e-10,2.616570e-10,4.724367e-09,4.724367e-11
1.073074e+01,8.295263e-10,1.559784e-08,1.559784e-10,2.632679e-10,4.726085e-09,4.726085e-11
1.073288e+01,8.278175e-10,1.558807e-08,1.558807e-10,2.637911e-10,4.745605e-09,4.745605e-11
1.073502e+01,8.245802e-10,1.561100e-08,1.561100e-10,2.617123e-10,4.762402e-09,4.762402e-11
1.073715e+01,8.220441e-10,1.562382e-08,1.562382e-10,2.603601e-10,4.784696e-09,4.784696e-11
1.073929e+01,8.200256e-10,1.558924e-08,1.558924e-10,2.612027e-10,4.794643e-09,4.794643e-11
1.074143e+01,8.151233e-10,1.551810e-08,1.551810e-10,2.608688e-10,4.795429e-09,4.795429e-11
1.074356e+01,8.074072e-10,1.545384e-08,1.545384e-10,2.576835e-10,4.783492e-09,4.783492e-11
1.074570e+01,8.024128e-10,1.544331e-08,1.544331e-10,2.554658e-10,4.793932e-09,4.793932e-11
1.074784e+01,8.036483e-10,1.549474e-08,1.549474e-10,2.573245e-10,4.825129e-09,4.825129e-11
1.074997e+01,8.071131e-10,1.557161e-08,1.557161e-10,2.602530e-10,4.865209e-09,4.865209e-11
1.075211e+01,8.066037e-10,1.560055e-08,1.560055e-10,2.598545e-10,4.874070e-09,4.874070e-11
1.075425e+01,8.015344e-10,1.554315e-08,1.554315e-10,2.570979e-10,4.852320e-09,4.852320e-11
1.075638e+01,7.958334e-10,1.543267e-08,1.543267e-10,2.557846e-10,4.817607e-09,4.817607e-11
1.075852e+01,7.914770e-10,1.534426e-08,1.534426e-10,2.557374e-10,4.793242e-09,4.793242e-11
1.076066e+01,7.879218e-10,1.531380e-08,1.531380e-10,2.541526e-10,4.772372e-09,4.772372e-11
1.076280e+01,7.861543e-10,1.533436e-08,1.533436e-10,2.519535e-10,4.758717e-09,4.758717e-11
1.076493e+01,7.871113e-10,1.535583e-08,1.535583e-10,2.522560e-10,4.750636e-09,4.750636e-11
1.076707e+01,7.873886e-10,1.531896e-08,1.531896e-10,2.536812e-10,4.731997e-09,4.731997e-11
1.076921e+01,7.830370e-10,1.521999e-08,1.521999e-10,2.519862e-10,4.682954e-09,4.682954e-11
1.077134e+01,7.771002e-10,1.511920e-08,1.511920e-10,2.480554e-10,4.621508e-09,4.621508e-11
1.077348e+01,7.769266e-10,1.507861e-08,1.507861e-10,2.473127e-10,4.584868e-09,4.584868e-11
1.077562e+01,7.837427e-10,1.511186e-08,1.511186e-10,2.506162e-10,4.579688e-09,4.579688e-11
1.077775e+01,7.912253e-10,1.519194e-08,1.519194e-10,2.528617e-10,4.585399e-09,4.585399e-11
1.077989e+01,7.951770e-10,1.527014e-08,1.527014e-10,2.517887e-10,4.573890e-09,4.573890e-11
1.078203e+01,7.988196e-10,1.532682e-08,1.532682e-10,2.514362e-10,4.564223e-09,4.564223e-11
1.078416e+01,8.061522e-10,1.537756e-08,1.537756e-10,2.545585e-10,4.558043e-09,4.558043e-11
1.078630e+01,8.153982e-10,1.546480e-08,1.546480e-10,2.576083e-10,4.568854e-09,4.568854e-11
1.078844e+01,8.234173e-10,1.560850e-08,1.560850e-10,2.573426e-10,4.570590e-09,4.570590e-11
1.079057e+01,8.318595e-10,1.581058e-08,1.581058e-10,2.570688e-10,4.599522e-09,4.599522e-11
1.079271e+01,8.434361e-10,1.604569e-08,1.604569e-10,2.607210e-10,4.648200e-09,4.648200e-11
1.079485e+01,8.556482e-10,1.628277e-08,1.628277e-10,2.653293e-10,4.712697e-09,4.712697e-11
1.079698e+01,8.643701e-10,1.650382e-08,1.650382e-10,2.659694e-10,4.746594e-09,4.746594e-11
1.079912e+01,8.710171e-10,1.672861e-08,1.672861e-10,2.645430e-10,4.778938e-09,4.778938e-11
1.080126e+01,8.800365e-10,1.698055e-08,1.698055e-10,2.665160e-10,4.833931e-09,4.833931e-11
1.080339e+01,8.914031e-10,1.726558e-08,1.726558e-10,2.714154e-10,4.915187e-09,4.915187e-11
1.080553e+01,9.011605e-10,1.756523e-08,1.756523e-10,2.739745e-10,4.992386e-09,4.992386e-11
1.080767e+01,9.081526e-10,1.785646e-08,1.785646e-10,2.734809e-10,5.055284e-09,5.055284e-11
1.080980e+01,9.147174e-10,1.812631e-08,1.812631e-10,2.743345e-10,5.127441e-09,5.127441e-11
1.081194e+01,9.211999e-10,1.837733e-08,1.837733e-10,2.775496e-10,5.204035e-09,5.204035e-11
1.081408e+01,9.256935e-10,1.862112e-08,1.862112e-10,2.792389e-10,5.281623e-09,5.281623e-11
1.081621e+01,9.295570e-10,1.886234e-08,1.886234e-10,2.784122e-10,5.346267e-09,5.346267e-11
1.081835e+01,9.368493e-10,1.909736e-08,1.909736e-10,2.792571e-10,5.421408e-09,5.421408e-11
1.082049e+01,9.466367e-10,1.930622e-08,1.930622e-10,2.833448e-10,5.497437e-09,5.497437e-11
1.082262e+01,9.525591e-10,1.946968e-08,1.946968e-10,2.862499e-10,5.566529e-09,5.566529e-11
1.082476e+01,9.527301e-10,1.958308e-08,1.958308e-10,2.854450e-10,5.610142e-09,5.610142e-11
1.082690e+01,9.531643e-10,1.966258e-08,1.966258e-10,2.849894e-10,5.651619e-09,5.651619e-11
1.082903e+01,9.578426e-10,1.971251e-08,1.971251e-10,2.881131e-10,5.691878e-09,5.691878e-11
1.083117e+01,9.618972e-10,1.972918e-08,1.972918e-10,2.912211e-10,5.728599e-09,5.728599e-11
1.083331e+01,9.594130e-10,1.969027e-08,1.969027e-10,2.903311e-10,5.736767e-09,5.736767e-11
1.083544e+01,9.527798e-10,1.959100e-08,1.959100e-10,2.883426e-10,5.733187e-09,5.733187e-11
1.083758e+01,9.485669e-10,1.944056e-08,1.944056e-10,2.898075e-10,5.720580e-09,5.720580e-11
1.083972e+01,9.477226e-10,1.925658e-08,1.925658e-10,2.927313e-10,5.705927e-09,5.705927e-11
1.084185e+01,9.462042e-10,1.904239e-08,1.904239e-10,2.925943e-10,5.661341e-09,5.661341e-11
1.084399e+01,9.429756e-10,1.880330e-08,1.880330e-10,2.910005e-10,5.608951e-09,5.608951e-11
1.084613e+01,9.400072e-10,1.852979e-08,1.852979e-10,2.925211e-10,5.555751e-09,5.555751e-11
1.084826e+01,9.353712e-10,1.821830e-08,1.821830e-10,2.952551e-10,5.508119e-09,5.508119e-11
1.085040e+01,9.247114e-10,1.786963e-08,1.786963e-10,2.930988e-10,5.427937e-09,5.427937e-11
1.085254e+01,9.098741e-10,1.749538e-08,1.749538e-10,2.867287e-10,5.323376e-09,5.323376e-11
1.085468e+01,8.976195e-10,1.712368e-08,1.712368e-10,2.832124e-10,5.235896e-09,5.235896e-11
1.085681e+01,8.888541e-10,1.676084e-08,1.676084e-10,2.839175e-10,5.172529e-09,5.172529e-11
1.085895e+01,8.774868e-10,1.640159e-08,1.640159e-10,2.821977e-10,5.111599e-09,5.111599e-11
1.086109e+01,8.617076e-10,1.604550e-08,1.604550e-10,2.754145e-10,5.009652e-09,5.009652e-11
1.086322e+01,8.481425e-10,1.571942e-08,1.571942e-10,2.700674e-10,4.941220e-09,4.941220e-11
1.086536e+01,8.412301e-10,1.542717e-08,1.542717e-10,2.706021e-10,4.902031e-09,4.902031e-11
1.086750e+01,8.357219e-10,1.517312e-08,1.517312e-10,2.713692e-10,4.900315e-09,4.900315e-11
1.086963e+01,8.251893e-10,1.493274e-08,1.493274e-10,2.662200e-10,4.844520e-09,4.844520e-11
1.087177e+01,8.124475e-10,1.471637e-08,1.471637e-10,2.592336e-10,4.803721e-09,4.803721e-11
1.087391e+01,8.043319e-10,1.453435e-08,1.453435e-10,2.576235e-10,4.795206e-09,4.795206e-11
1.087604e+01,7.999706e-10,1.438672e-08,1.438672e-10,2.592209e-10,4.825394e-09,4.825394e-11
1.087818e+01,7.928780e-10,1.424953e-08,1.424953e-10,2.564643e-10,4.822024e-09,4.822024e-11
1.088032e+01,7.825769e-10,1.411483e-08,1.411483e-10,2.496844e-10,4.786088e-09,4.786088e-11
1.088245e+01,7.751390e-10,1.399108e-08,1.399108e-10,2.464733e-10,4.779908e-09,4.779908e-11
1.088459e+01,7.724425e-10,1.387661e-08,1.387661e-10,2.485588e-10,4.790129e-09,4.790129e-11
1.088673e+01,7.693100e-10,1.376607e-08,1.376607e-10,2.491575e-10,4.799101e-09,4.799101e-11
1.088886e+01,7.625090e-10,1.364581e-08,1.364581e-10,2.447761e-10,4.754491e-09,4.754491e-11
1.089100e+01,7.552829e-10,1.352727e-08,1.352727e-10,2.405428e-10,4.723153e-09,4.723153e-11
1.089314e+01,7.507839e-10,1.340837e-08,1.340837e-10,2.407365e-10,4.696849e-09,4.696849e-11
1.089527e+01,7.472550e-10,1.330099e-08,1.330099e-10,2.418122e-10,4.682363e-09,4.682363e-11
1.089741e+01,7.432243e-10,1.320165e-08,1.320165e-10,2.395579e-10,4.635053e-09,4.635053e-11
1.089955e+01,7.420573e-10,1.312481e-08,1.312481e-10,2.368601e-10,4.588545e-09,4.588545e-11
1.090168e+01,7.464065e-10,1.306648e-08,1.306648e-10,2.383466e-10,4.555960e-09,4.555960e-11
1.090382e+01,7.525480e-10,1.301757e-08,1.301757e-10,2.422074e-10,4.535008e-09,4.535008e-11
1.090596e+01,7.557426e-10,1.297262e-08,1.297262e-10,2.436986e-10,4.506006e-09,4.506006e-11
1.090809e+01,7.575148e-10,1.293825e-08,1.293825e-10,2.431417e-10,4.470827e-09,4.470827e-11
1.091023e+01,7.616533e-10,1.291600e-08,1.291600e-10,2.442042e-10,4.446782e-09,4.446782e-11
1.091237e+01,7.661704e-10,1.288950e-08,1.288950e-10,2.467165e-10,4.428020e-09,4.428020e-11
1.091450e+01,7.655951e-10,1.283661e-08,1.283661e-10,2.472157e-10,4.403988e-09,4.403988e-11
1.091664e+01,7.597771e-10,1.276360e-08,1.276360e-10,2.453957e-10,4.372090e-09,4.372090e-11
1.091878e+01,7.549223e-10,1.270532e-08,1.270532e-10,2.445485e-10,4.347838e-09,4.347838e-11
1.092091e+01,7.555789e-10,1.267677e-08,1.267677e-10,2.458658e-10,4.331790e-09,4.331790e-11
1.092305e+01,7.597864e-10,1.267833e-08,1.267833e-10,2.471701e-10,4.316772e-09,4.316772e-11
1.092519e+01,7.633510e-10,1.267755e-08,1.267755e-10,2.475523e-10,4.297035e-09,4.297035e-11
1.092732e+01,7.653549e-10,1.264389e-08,1.264389e-10,2.487207e-10,4.279224e-09,4.279224e-11
1.092946e+01,7.673155e-10,1.260235e-08,1.260235e-10,2.509212e-10,4.266345e-09,4.266345e-11
1.093160e+01,7.701743e-10,1.258395e-08,1.258395e-10,2.520103e-10,4.252329e-09,4.252329e-11
1.093373e+01,7.744563e-10,1.258932e-08,1.258932e-10,2.518260e-10,4.233624e-09,4.233624e-11
1.093587e+01,7.800526e-10,1.261282e-08,1.261282e-10,2.528442e-10,4.221625e-09,4.221625e-11
1.093801e+01,7.842709e-10,1.261957e-08,1.261957e-10,2.551808e-10,4.214655e-09,4.214655e-11
1.094015e+01,7.840603e-10,1.258689e-08,1.258689e-10,2.557973e-10,4.203641e-09,4.203641e-11
1.094228e+01,7.813636e-10,1.255569e-08,1.255569e-10,2.541272e-10,4.185171e-09,4.185171e-11
1.094442e+01,7.818212e-10,1.256214e-08,1.256214e-10,2.536672e-10,4.177871e-09,4.177871e-11
1.094656e+01,7.872692e-10,1.261236e-08,1.261236e-10,2.561987e-10,4.183799e-09,4.183799e-11
1.094869e+01,7.937531e-10,1.270226e-08,1.270226e-10,2.588162e-10,4.199810e-09,4.199810e-11
1.095083e+01,7.978782e-10,1.281301e-08,1.281301e-10,2.590055e-10,4.210993e-09,4.210993e-11
1.095297e+01,8.014435e-10,1.294688e-08,1.294688e-10,2.587911e-10,4.230634e-09,4.230634e-11
1.095510e+01,8.077488e-10,1.312713e-08,1.312713e-10,2.607329e-10,4.263824e-09,4.263824e-11
1.095724e+01,8.162528e-10,1.335827e-08,1.335827e-10,2.632217e-10,4.309909e-09,4.309909e-11
1.095938e+01,8.240373e-10,1.362862e-08,1.362862e-10,2.635781e-10,4.353183e-09,4.353183e-11
1.096151e+01,8.306776e-10,1.392679e-08,1.392679e-10,2.630940e-10,4.404212e-09,4.404212e-11
1.096365e+01,8.377203e-10,1.424084e-08,1.424084e-10,2.645747e-10,4.466599e-09,4.466599e-11
1.096579e+01,8.447277e-10,1.457182e-08,1.457182e-10,2.671074e-10,4.541824e-09,4.541824e-11
1.096792e+01,8.505714e-10,1.491163e-08,1.491163e-10,2.682416e-10,4.613696e-09,4.613696e-11
1.097006e+01,8.567493e-10,1.525659e-08,1.525659e-10,2.691657e-10,4.692222e-09,4.692222e-11
1.097220e+01,8.644309e-10,1.559773e-08,1.559773e-10,2.723281e-10,4.778740e-09,4.778740e-11
1.097433e+01,8.705213e-10,1.592834e-08,1.592834e-10,2.759438e-10,4.874354e-09,4.874354e-11
1.097647e+01,8.721439e-10,1.624040e-08,1.624040e-10,2.766550e-10,4.956736e-09,4.956736e-11
1.097861e+01,8.729244e-10,1.653634e-08,1.653634e-10,2.761495e-10,5.035828e-09,5.035828e-11
1.098074e+01,8.787324e-10,1.681236e-08,1.681236e-10,2.789640e-10,5.118346e-09,5.118346e-11
1.098288e+01,8.884555e-10,1.706026e-08,1.706026e-10,2.843110e-10,5.204319e-09,5.204319e-11
1.098502e+01,8.950315e-10,1.726504e-08,1.726504e-10,2.866034e-10,5.265564e-09,5.265564e-11
1.098715e+01,8.962161e-10,1.741434e-08,1.741434e-10,2.850188e-10,5.292800e-09,5.292800e-11
1.098929e+01,8.979334e-10,1.751667e-08,1.751667e-10,2.854408e-10,5.319997e-09,5.319997e-11
1.099143e+01,9.039919e-10,1.756895e-08,1.756895e-10,2.901966e-10,5.344472e-09,5.344472e-11
1.099356e+01,9.092356e-10,1.756946e-08,1.756946e-10,2.933642e-10,5.358728e-09,5.358728e-11
1.099570e+01,9.081303e-10,1.750295e-08,1.750295e-10,2.908571e-10,5.313097e-09,5.313097e-11
1.099784e+01,9.041056e-10,1.738698e-08,1.738698e-10,2.880258e-10,5.275858e-09,5.275858e-11
1.099997e+01,9.032038e-10,1.722908e-08,1.722908e-10,2.906228e-10,5.247695e-09,5.247695e-11
1.100211e+01,9.035391e-10,1.703830e-08,1.703830e-10,2.944545e-10,5.244964e-09,5.244964e-11
1.100425e+01,8.992648e-10,1.680737e-08,1.680737e-10,2.923548e-10,5.183166e-09,5.183166e-11
1.100638e+01,8.915210e-10,1.655232e-08,1.655232e-10,2.868869e-10,5.107265e-09,5.107265e-11
1.100852e+01,8.870819e-10,1.629033e-08,1.629033e-10,2.866584e-10,5.067509e-09,5.067509e-11
1.101066e+01,8.870543e-10,1.602890e-08,1.602890e-10,2.919606e-10,5.068040e-09,5.068040e-11
1.101279e+01,8.850807e-10,1.576494e-08,1.576494e-10,2.940577e-10,5.060131e-09,5.060131e-11
1.101493e+01,8.780960e-10,1.548597e-08,1.548597e-10,2.897221e-10,4.984749e-09,4.984749e-11
1.101707e+01,8.711907e-10,1.521893e-08,1.521893e-10,2.865568e-10,4.949990e-09,4.949990e-11
1.101920e+01,8.681099e-10,1.496450e-08,1.496450e-10,2.898607e-10,4.942992e-09,4.942992e-11
1.102134e+01,8.641671e-10,1.472719e-08,1.472719e-10,2.934518e-10,4.970455e-09,4.970455e-11
1.102348e+01,8.546987e-10,1.448790e-08,1.448790e-10,2.902596e-10,4.922882e-09,4.922882e-11
1.102561e+01,8.438120e-10,1.426590e-08,1.426590e-10,2.841532e-10,4.872289e-09,4.872289e-11
1.102775e+01,8.372433e-10,1.406550e-08,1.406550e-10,2.828205e-10,4.844054e-09,4.844054e-11
1.102989e+01,8.318754e-10,1.388185e-08,1.388185e-10,2.845768e-10,4.841166e-09,4.841166e-11
1.103203e+01,8.207930e-10,1.369468e-08,1.369468e-10,2.816242e-10,4.805118e-09,4.805118e-11
1.103416e+01,8.055813e-10,1.351017e-08,1.351017e-10,2.735070e-10,4.718474e-09,4.718474e-11
1.103630e+01,7.949948e-10,1.335183e-08,1.335183e-10,2.678805e-10,4.657255e-09,4.657255e-11
1.103844e+01,7.920292e-10,1.321535e-08,1.321535e-10,2.680232e-10,4.610633e-09,4.610633e-11
1.104057e+01,7.897434e-10,1.309134e-08,1.309134e-10,2.680590e-10,4.577924e-09,4.577924e-11
1.104271e+01,7.820735e-10,1.295097e-08,1.295097e-10,2.630562e-10,4.498104e-09,4.498104e-11
1.104485e+01,7.723098e-10,1.281004e-08,1.281004e-10,2.566645e-10,4.425286e-09,4.425286e-11
1.104698e+01,7.664683e-10,1.268275e-08,1.268275e-10,2.542288e-10,4.366717e-09,4.366717e-11
1.104912e+01,7.636540e-10,1.258096e-08,1.258096e-10,2.540736e-10,4.330735e-09,4.330735e-11
1.105126e+01,7.587683e-10,1.249039e-08,1.249039e-10,2.513256e-10,4.282721e-09,4.282721e-11
1.105339e+01,7.512069e-10,1.240735e-08,1.240735e-10,2.463259e-10,4.228522e-09,4.228522e-11
1.105553e+01,7.445672e-10,1.232822e-08,1.232822e-10,2.431709e-10,4.186981e-09,4.186981e-11
1.105767e+01,7.402282e-10,1.226003e-08,1.226003e-10,2.425573e-10,4.157737e-09,4.157737e-11
1.105980e+01,7.368549e-10,1.221330e-08,1.221330e-10,2.417047e-10,4.137035e-09,4.137035e-11
1.106194e+01,7.346362e-10,1.218977e-08,1.218977e-10,2.398977e-10,4.114482e-09,4.114482e-11
1.106408e+01,7.352347e-10,1.218883e-08,1.218883e-10,2.392165e-10,4.102677e-09,4.102677e-11
1.106621e+01,7.377671e-10,1.219087e-08,1.219087e-10,2.400770e-10,4.092568e-09,4.092568e-11
1.106835e+01,7.389548e-10,1.218792e-08,1.218792e-10,2.401928e-10,4.081354e-09,4.081354e-11
1.107049e+01,7.379796e-10,1.218127e-08,1.218127e-10,2.385879e-10,4.062945e-09,4.062945e-11
1.107262e+01,7.380709e-10,1.218661e-08,1.218661e-10,2.372747e-10,4.049628e-09,4.049628e-11
1.107476e+01,7.417260e-10,1.221051e-08,1.221051e-10,2.376584e-10,4.041146e-09,4.041146e-11
1.107690e+01,7.470713e-10,1.225261e-08,1.225261e-10,2.382716e-10,4.035752e-09,4.035752e-11
1.107903e+01,7.512340e-10,1.230481e-08,1.230481e-10,2.378337e-10,4.031138e-09,4.031138e-11
1.108117e+01,7.545162e-10,1.236169e-08,1.236169e-10,2.376270e-10,4.035953e-09,4.035953e-11
1.108331e+01,7.587204e-10,1.242153e-08,1.242153e-10,2.388401e-10,4.048908e-09,4.048908e-11
1.108544e+01,7.635709e-10,1.248825e-08,1.248825e-10,2.401628e-10,4.062467e-09,4.062467e-11
1.108758e+01,7.675971e-10,1.257249e-08,1.257249e-10,2.402039e-10,4.072785e-09,4.072785e-11
1.108972e+01,7.710005e-10,1.268366e-08,1.268366e-10,2.401459e-10,4.093124e-09,4.093124e-11
1.109185e+01,7.749852e-10,1.282320e-08,1.282320e-10,2.416262e-10,4.130547e-09,4.130547e-11
1.109399e+01,7.791610e-10,1.297544e-08,1.297544e-10,2.436214e-10,4.172688e-09,4.172688e-11
1.109613e+01,7.818118e-10,1.312100e-08,1.312100e-10,2.438873e-10,4.199900e-09,4.199900e-11
1.109826e+01,7.828079e-10,1.326037e-08,1.326037e-10,2.425523e-10,4.214066e-09,4.214066e-11
1.110040e+01,7.843206e-10,1.341422e-08,1.341422e-10,2.419696e-10,4.236159e-09,4.236159e-11
1.110254e+01,7.882441e-10,1.360045e-08,1.360045e-10,2.432207e-10,4.275189e-09,4.275189e-11
1.110467e+01,7.942408e-10,1.381758e-08,1.381758e-10,2.447892e-10,4.321676e-09,4.321676e-11
1.110681e+01,8.005830e-10,1.404527e-08,1.404527e-10,2.451809e-10,4.360434e-09,4.360434e-11
1.110895e+01,8.055725e-10,1.425774e-08,1.425774e-10,2.448015e-10,4.393571e-09,4.393571e-11
1.111108e+01,8.079435e-10,1.444066e-08,1.444066e-10,2.444466e-10,4.428972e-09,4.428972e-11
1.111322e+01,8.078468e-10,1.460143e-08,1.460143e-10,2.440236e-10,4.469250e-09,4.469250e-11
1.111536e+01,8.076168e-10,1.475794e-08,1.475794e-10,2.434522e-10,4.509481e-09,4.509481e-11
1.111750e+01,8.100179e-10,1.492154e-08,1.492154e-10,2.433648e-10,4.545758e-09,4.545758e-11
1.111963e+01,8.153388e-10,1.509375e-08,1.509375e-10,2.442473e-10,4.584007e-09,4.584007e-11
1.112177e+01,8.212717e-10,1.525917e-08,1.525917e-10,2.457381e-10,4.626844e-09,4.626844e-11
1.112391e+01,8.258020e-10,1.539237e-08,1.539237e-10,2.472871e-10,4.666230e-09,4.666230e-11
1.112604e+01,8.288747e-10,1.548487e-08,1.548487e-10,2.486117e-10,4.691539e-09,4.691539e-11
1.112818e+01,8.314368e-10,1.555999e-08,1.555999e-10,2.493642e-10,4.703424e-09,4.703424e-11
1.113032e+01,8.342421e-10,1.565178e-08,1.565178e-10,2.495235e-10,4.715208e-09,4.715208e-11
1.113245e+01,8.380631e-10,1.577782e-08,1.577782e-10,2.500872e-10,4.742631e-09,4.742631e-11
1.113459e+01,8.433961e-10,1.592634e-08,1.592634e-10,2.520125e-10,4.781466e-09,4.781466e-11
1.113673e+01,8.488714e-10,1.606214e-08,1.606214e-10,2.543746e-10,4.811347e-09,4.811347e-11
1.113886e+01,8.518668e-10,1.616610e-08,1.616610e-10,2.549826e-10,4.818975e-09,4.818975e-11
1.114100e+01,8.520281e-10,1.625688e-08,1.625688e-10,2.536914e-10,4.815678e-09,4.815678e-11
1.114314e+01,8.527667e-10,1.637020e-08,1.637020e-10,2.534988e-10,4.831141e-09,4.831141e-11
1.114527e+01,8.570623e-10,1.651620e-08,1.651620e-10,2.563034e-10,4.863198e-09,4.863198e-11
1.114741e+01,8.630886e-10,1.668081e-08,1.668081e-10,2.596899e-10,4.896346e-09,4.896346e-11
1.114955e+01,8.666064e-10,1.684014e-08,1.684014e-10,2.604925e-10,4.910302e-09,4.910302e-11
1.115168e+01,8.665001e-10,1.697373e-08,1.697373e-10,2.596418e-10,4.921468e-09,4.921468e-11
1.115382e+01,8.652954e-10,1.707281e-08,1.707281e-10,2.605429e-10,4.941489e-09,4.941489e-11
1.115596e+01,8.646077e-10,1.714165e-08,1.714165e-10,2.632957e-10,4.962900e-09,4.962900e-11
1.115809e+01,8.637211e-10,1.719280e-08,1.719280e-10,2.645476e-10,4.968406e-09,4.968406e-11
1.116023e+01,8.629816e-10,1.723954e-08,1.723954e-10,2.635900e-10,4.958023e-09,4.958023e-11
1.116237e+01,8.645611e-10,1.728993e-08,1.728993e-10,2.639786e-10,4.972344e-09,4.972344e-11
1.116450e+01,8.682463e-10,1.731651e-08,1.731651e-10,2.675982e-10,5.002990e-09,5.002990e-11
1.116664e+01,8.695964e-10,1.727366e-08,1.727366e-10,2.708296e-10,5.024235e-09,5.024235e-11
1.116878e+01,8.654273e-10,1.714211e-08,1.714211e-10,2.695750e-10,4.993793e-09,4.993793e-11
1.117091e+01,8.589780e-10,1.695844e-08,1.695844e-10,2.659799e-10,4.944944e-09,4.944944e-11
1.117305e+01,8.560158e-10,1.677059e-08,1.677059e-10,2.656390e-10,4.924381e-09,4.924381e-11
1.117519e+01,8.567778e-10,1.659009e-08,1.659009e-10,2.689748e-10,4.934808e-09,4.934808e-11
1.117732e+01,8.557224e-10,1.638584e-08,1.638584e-10,2.707817e-10,4.938015e-09,4.938015e-11
1.117946e+01,8.495662e-10,1.611721e-08,1.611721e-10,2.684193e-10,4.893915e-09,4.893915e-11
1.118160e+01,8.411335e-10,1.578093e-08,1.578093e-10,2.653760e-10,4.835357e-09,4.835357e-11
1.118373e+01,8.339703e-10,1.540877e-08,1.540877e-10,2.651836e-10,4.788142e-09,4.788142e-11
1.118587e+01,8.274293e-10,1.503938e-08,1.503938e-10,2.659178e-10,4.763078e-09,4.763078e-11
1.118801e+01,8.196939e-10,1.468278e-08,1.468278e-10,2.640955e-10,4.721077e-09,4.721077e-11
1.119014e+01,8.121729e-10,1.434356e-08,1.434356e-10,2.607128e-10,4.659744e-09,4.659744e-11
1.119228e+01,8.073564e-10,1.403288e-08,1.403288e-10,2.592382e-10,4.604076e-09,4.604076e-11
1.119442e+01,8.042696e-10,1.374901e-08,1.374901e-10,2.598171e-10,4.569143e-09,4.569143e-11
1.119655e+01,7.994219e-10,1.346684e-08,1.346684e-10,2.590866e-10,4.535636e-09,4.535636e-11
1.119869e+01,7.918413e-10,1.317434e-08,1.317434e-10,2.554480e-10,4.468992e-09,4.468992e-11
1.120083e+01,7.842554e-10,1.289694e-08,1.289694e-10,2.514050e-10,4.380222e-09,4.380222e-11
1.120296e+01,7.790139e-10,1.267984e-08,1.267984e-10,2.493377e-10,4.301485e-09,4.301485e-11
1.120510e+01,7.753560e-10,1.254251e-08,1.254251e-10,2.482381e-10,4.254565e-09,4.254565e-11
1.120724e+01,7.713665e-10,1.244977e-08,1.244977e-10,2.462461e-10,4.218975e-09,4.218975e-11
1.120938e+01,7.660837e-10,1.233949e-08,1.233949e-10,2.432016e-10,4.161068e-09,4.161068e-11
1.121151e+01,7.590220e-10,1.218652e-08,1.218652e-10,2.396802e-10,4.069398e-09,4.069398e-11
1.121365e+01,7.505467e-10,1.203495e-08,1.203495e-10,2.359078e-10,3.974884e-09,3.974884e-11
1.121579e+01,7.432427e-10,1.194003e-08,1.194003e-10,2.325271e-10,3.906744e-09,3.906744e-11
1.121792e+01,7.402528e-10,1.190983e-08,1.190983e-10,2.307490e-10,3.862293e-09,3.862293e-11
1.122006e+01,7.413478e-10,1.191123e-08,1.191123e-10,2.303720e-10,3.814788e-09,3.814788e-11
1.122220e+01,7.429358e-10,1.191571e-08,1.191571e-10,2.296237e-10,3.752877e-09,3.752877e-11
1.122433e+01,7.428617e-10,1.191624e-08,1.191624e-10,2.281063e-10,3.695078e-09,3.695078e-11
1.122647e+01,7.428628e-10,1.192009e-08,1.192009e-10,2.274217e-10,3.658206e-09,3.658206e-11
1.122861e+01,7.450979e-10,1.193002e-08,1.193002e-10,2.281519e-10,3.631906e-09,3.631906e-11
1.123074e+01,7.482134e-10,1.194556e-08,1.194556e-10,2.283581e-10,3.596567e-09,3.596567e-11
1.123288e+01,7.495557e-10,1.196773e-08,1.196773e-10,2.267136e-10,3.551211e-09,3.551211e-11
1.123502e+01,7.495848e-10,1.200232e-08,1.200232e-10,2.254315e-10,3.532058e-09,3.532058e-11
1.123715e+01,7.503608e-10,1.204217e-08,1.204217e-10,2.267416e-10,3.544555e-09,3.544555e-11
1.123929e+01,7.511834e-10,1.206431e-08,1.206431e-10,2.283382e-10,3.564090e-09,3.564090e-11
1.124143e+01,7.498786e-10,1.206000e-08,1.206000e-10,2.268899e-10,3.547174e-09,3.547174e-11
1.124356e+01,7.474861e-10,1.206318e-08,1.206318e-10,2.241033e-10,3.528902e-09,3.528902e-11
1.124570e+01,7.470489e-10,1.210363e-08,1.210363e-10,2.243319e-10,3.547085e-09,3.547085e-11
1.124784e+01,7.486708e-10,1.218111e-08,1.218111e-10,2.274042e-10,3.605844e-09,3.605844e-11
1.124997e+01,7.501634e-10,1.227474e-08,1.227474e-10,2.288751e-10,3.659175e-09,3.659175e-11
1.125211e+01,7.517969e-10,1.236540e-08,1.236540e-10,2.276823e-10,3.682035e-09,3.682035e-11
1.125425e+01,7.562922e-10,1.246232e-08,1.246232e-10,2.280920e-10,3.719877e-09,3.719877e-11
1.125638e+01,7.635228e-10,1.257626e-08,1.257626e-10,2.322677e-10,3.785504e-09,3.785504e-11
1.125852e+01,7.693722e-10,1.270079e-08,1.270079e-10,2.364125e-10,3.873707e-09,3.873707e-11
1.126066e+01,7.719750e-10,1.281969e-08,1.281969e-10,2.371172e-10,3.932601e-09,3.932601e-11
1.126279e+01,7.753350e-10,1.293463e-08,1.293463e-10,2.371711e-10,3.988443e-09,3.988443e-11
1.126493e+01,7.828426e-10,1.304852e-08,1.304852e-10,2.407473e-10,4.053151e-09,4.053151e-11
1.126707e+01,7.904994e-10,1.316392e-08,1.316392e-10,2.457828e-10,4.140133e-09,4.140133e-11
1.126920e+01,7.923523e-10,1.325521e-08,1.325521e-10,2.472770e-10,4.208681e-09,4.208681e-11
1.127134e+01,7.899515e-10,1.332189e-08,1.332189e-10,2.459931e-10,4.261236e-09,4.261236e-11
1.127348e+01,7.900552e-10,1.338485e-08,1.338485e-10,2.470134e-10,4.313321e-09,4.313321e-11
1.127561e+01,7.948042e-10,1.346331e-08,1.346331e-10,2.511866e-10,4.374313e-09,4.374313e-11
1.127775e+01,8.002729e-10,1.355435e-08,1.355435e-10,2.544756e-10,4.432977e-09,4.432977e-11
1.127989e+01,8.038646e-10,1.364112e-08,1.364112e-10,2.554311e-10,4.475584e-09,4.475584e-11
1.128202e+01,8.074588e-10,1.370781e-08,1.370781e-10,2.573213e-10,4.517878e-09,4.517878e-11
1.128416e+01,8.126245e-10,1.376328e-08,1.376328e-10,2.615516e-10,4.556273e-09,4.556273e-11
1.128630e+01,8.176721e-10,1.383024e-08,1.383024e-10,2.648149e-10,4.593577e-09,4.593577e-11
1.128843e+01,8.214498e-10,1.390831e-08,1.390831e-10,2.653075e-10,4.612479e-09,4.612479e-11
1.129057e+01,8.256476e-10,1.399536e-08,1.399536e-10,2.661410e-10,4.638405e-09,4.638405e-11
1.129271e+01,8.303797e-10,1.406845e-08,1.406845e-10,2.693418e-10,4.662890e-09,4.662890e-11
1.129485e+01,8.318935e-10,1.412922e-08,1.412922e-10,2.715207e-10,4.687486e-09,4.687486e-11
1.129698e+01,8.290040e-10,1.418833e-08,1.418833e-10,2.698446e-10,4.687265e-09,4.687265e-11
1.129912e+01,8.271212e-10,1.427035e-08,1.427035e-10,2.679371e-10,4.692223e-09,4.692223e-11
1.130126e+01,8.304575e-10,1.437604e-08,1.437604e-10,2.701015e-10,4.705614e-09,4.705614e-11
1.130339e+01,8.347569e-10,1.448753e-08,1.448753e-10,2.735086e-10,4.729219e-09,4.729219e-11
1.130553e+01,8.337607e-10,1.458492e-08,1.458492e-10,2.728585e-10,4.727105e-09,4.727105e-11
1.130767e+01,8.295647e-10,1.468641e-08,1.468641e-10,2.697113e-10,4.716949e-09,4.716949e-11
1.130980e+01,8.297272e-10,1.480947e-08,1.480947e-10,2.699626e-10,4.720382e-09,4.720382e-11
1.131194e+01,8.355215e-10,1.495138e-08,1.495138e-10,2.736511e-10,4.739949e-09,4.739949e-11
1.131408e+01,8.399420e-10,1.510209e-08,1.510209e-10,2.746159e-10,4.751138e-09,4.751138e-11
1.131621e+01,8.384951e-10,1.523631e-08,1.523631e-10,2.710036e-10,4.733123e-09,4.733123e-11
1.131835e+01,8.356645e-10,1.536434e-08,1.536434e-10,2.686441e-10,4.734577e-09,4.734577e-11
1.132049e+01,8.368445e-10,1.549828e-08,1.549828e-10,2.710247e-10,4.751269e-09,4.751269e-11
1.132262e+01,8.398166e-10,1.563746e-08,1.563746e-10,2.733417e-10,4.783155e-09,4.783155e-11
1.132476e+01,8.395273e-10,1.576604e-08,1.576604e-10,2.709812e-10,4.776207e-09,4.776207e-11
1.132690e+01,8.363247e-10,1.588575e-08,1.588575e-10,2.674087e-10,4.779891e-09,4.779891e-11
1.132903e+01,8.337427e-10,1.599053e-08,1.599053e-10,2.679051e-10,4.797508e-09,4.797508e-11
1.133117e+01,8.319129e-10,1.608478e-08,1.608478e-10,2.704205e-10,4.835736e-09,4.835736e-11
1.133331e+01,8.289327e-10,1.616533e-08,1.616533e-10,2.694815e-10,4.849362e-09,4.849362e-11
1.133544e+01,8.257298e-10,1.622848e-08,1.622848e-10,2.657612e-10,4.845926e-09,4.845926e-11
1.133758e+01,8.243910e-10,1.627345e-08,1.627345e-10,2.645232e-10,4.859227e-09,4.859227e-11
1.133972e+01,8.234193e-10,1.628894e-08,1.628894e-10,2.663355e-10,4.879786e-09,4.879786e-11
1.134185e+01,8.192333e-10,1.627251e-08,1.627251e-10,2.662934e-10,4.897988e-09,4.897988e-11
1.134399e+01,8.122826e-10,1.622468e-08,1.622468e-10,2.625702e-10,4.886279e-09,4.886279e-11
1.134613e+01,8.070382e-10,1.615051e-08,1.615051e-10,2.594469e-10,4.880609e-09,4.880609e-11
1.134826e+01,8.048155e-10,1.604821e-08,1.604821e-10,2.599898e-10,4.878054e-09,4.878054e-11
1.135040e+01,8.012326e-10,1.591347e-08,1.591347e-10,2.612157e-10,4.877299e-09,4.877299e-11
1.135254e+01,7.929014e-10,1.574045e-08,1.574045e-10,2.595588e-10,4.858461e-09,4.858461e-11
1.135467e+01,7.823235e-10,1.553780e-08,1.553780e-10,2.564048e-10,4.830577e-09,4.830577e-11
1.135681e+01,7.733604e-10,1.531426e-08,1.531426e-10,2.548482e-10,4.804063e-09,4.804063e-11
1.135895e+01,7.658193e-10,1.507609e-08,1.507609e-10,2.547239e-10,4.776971e-09,4.776971e-11
1.136108e+01,7.572911e-10,1.482414e-08,1.482414e-10,2.539039e-10,4.744535e-09,4.744535e-11
1.136322e+01,7.472941e-10,1.455897e-08,1.455897e-10,2.519396e-10,4.703709e-09,4.703709e-11
1.136536e+01,7.372269e-10,1.428871e-08,1.428871e-10,2.497686e-10,4.658439e-09,4.658439e-11
1.136749e+01,7.278559e-10,1.402020e-08,1.402020e-10,2.475437e-10,4.607669e-09,4.607669e-11
1.136963e+01,7.185546e-10,1.375782e-08,1.375782e-10,2.449554e-10,4.550290e-09,4.550290e-11
1.137177e+01,7.083022e-10,1.350460e-08,1.350460e-10,2.422006e-10,4.488959e-09,4.488959e-11
1.137390e+01,6.964915e-10,1.326037e-08,1.326037e-10,2.390307e-10,4.425686e-09,4.425686e-11
1.137604e+01,6.836367e-10,1.303594e-08,1.303594e-10,2.346392e-10,4.356385e-09,4.356385e-11
1.137818e+01,6.720693e-10,1.284569e-08,1.284569e-10,2.298332e-10,4.287530e-09,4.287530e-11
1.138031e+01,6.642291e-10,1.269444e-08,1.269444e-10,2.269954e-10,4.228723e-09,4.228723e-11
1.138245e+01,6.587357e-10,1.257975e-08,1.257975e-10,2.260598e-10,4.184548e-09,4.184548e-11
1.138459e+01,6.507984e-10,1.248532e-08,1.248532e-10,2.234422e-10,4.144254e-09,4.144254e-11
1.138673e+01,6.392505e-10,1.240220e-08,1.240220e-10,2.178243e-10,4.095158e-09,4.095158e-11
1.138886e+01,6.296439e-10,1.234903e-08,1.234903e-10,2.134055e-10,4.067094e-09,4.067094e-11
1.139100e+01,6.267907e-10,1.232766e-08,1.232766e-10,2.134903e-10,4.059773e-09,4.059773e-11
1.139314e+01,6.279740e-10,1.232966e-08,1.232966e-10,2.147184e-10,4.074159e-09,4.074159e-11
1.139527e+01,6.274570e-10,1.233553e-08,1.233553e-10,2.124570e-10,4.062958e-09,4.062958e-11
1.139741e+01,6.245184e-10,1.233042e-08,1.233042e-10,2.085645e-10,4.055050e-09,4.055050e-11
1.139955e+01,6.225753e-10,1.231169e-08,1.231169e-10,2.080373e-10,4.059083e-09,4.059083e-11
1.140168e+01,6.226950e-10,1.229703e-08,1.229703e-10,2.101565e-10,4.084933e-09,4.084933e-11
1.140382e+01,6.230583e-10,1.228209e-08,1.228209e-10,2.097958e-10,4.089881e-09,4.089881e-11
1.140596e+01,6.240920e-10,1.227501e-08,1.227501e-10,2.069209e-10,4.074785e-09,4.074785e-11
1.140809e+01,6.286120e-10,1.228233e-08,1.228233e-10,2.072137e-10,4.087242e-09,4.087242e-11
1.141023e+01,6.356346e-10,1.230172e-08,1.230172e-10,2.119589e-10,4.123955e-09,4.123955e-11
1.141237e+01,6.403366e-10,1.232979e-08,1.232979e-10,2.151730e-10,4.169444e-09,4.169444e-11
1.141450e+01,6.426979e-10,1.236176e-08,1.236176e-10,2.139761e-10,4.176769e-09,4.176769e-11
1.141664e+01,6.492919e-10,1.242230e-08,1.242230e-10,2.141162e-10,4.214947e-09,4.214947e-11
1.141878e+01,6.629318e-10,1.251519e-08,1.251519e-10,2.201953e-10,4.280307e-09,4.280307e-11
1.142091e+01,6.774990e-10,1.263487e-08,1.263487e-10,2.275854e-10,4.377375e-09,4.377375e-11
1.142305e+01,6.879768e-10,1.275636e-08,1.275636e-10,2.305967e-10,4.436841e-09,4.436841e-11
1.142519e+01,6.986808e-10,1.289818e-08,1.289818e-10,2.323915e-10,4.508959e-09,4.508959e-11
1.142732e+01,7.151705e-10,1.305444e-08,1.305444e-10,2.389956e-10,4.602673e-09,4.602673e-11
1.142946e+01,7.336433e-10,1.322402e-08,1.322402e-10,2.481246e-10,4.723761e-09,4.723761e-11
1.143160e+01,7.462316e-10,1.337946e-08,1.337946e-10,2.528283e-10,4.815247e-09,4.815247e-11
1.143373e+01,7.538943e-10,1.352507e-08,1.352507e-10,2.537126e-10,4.890675e-09,4.890675e-11
1.143587e+01,7.648373e-10,1.367711e-08,1.367711e-10,2.578789e-10,4.986768e-09,4.986768e-11
1.143801e+01,7.804505e-10,1.383557e-08,1.383557e-10,2.661477e-10,5.102241e-09,5.102241e-11
1.144014e+01,7.925975e-10,1.398138e-08,1.398138e-10,2.713039e-10,5.203561e-09,5.203561e-11
1.144228e+01,7.970728e-10,1.408877e-08,1.408877e-10,2.707077e-10,5.257709e-09,5.257709e-11
1.144442e+01,8.002285e-10,1.418244e-08,1.418244e-10,2.708866e-10,5.326796e-09,5.326796e-11
1.144655e+01,8.079540e-10,1.427011e-08,1.427011e-10,2.758649e-10,5.403433e-09,5.403433e-11
1.144869e+01,8.167326e-10,1.436267e-08,1.436267e-10,2.801127e-10,5.487342e-09,5.487342e-11
1.145083e+01,8.211189e-10,1.443537e-08,1.443537e-10,2.786775e-10,5.508111e-09,5.508111e-11
1.145296e+01,8.229812e-10,1.450033e-08,1.450033e-10,2.761530e-10,5.535921e-09,5.535921e-11
1.145510e+01,8.268102e-10,1.454989e-08,1.454989e-10,2.783797e-10,5.569541e-09,5.569541e-11
1.145724e+01,8.309972e-10,1.459576e-08,1.459576e-10,2.818034e-10,5.622360e-09,5.622360e-11
1.145937e+01,8.313405e-10,1.463033e-08,1.463033e-10,2.797257e-10,5.619503e-09,5.619503e-11
1.146151e+01,8.300972e-10,1.466492e-08,1.466492e-10,2.746557e-10,5.594449e-09,5.594449e-11
1.146365e+01,8.330528e-10,1.470958e-08,1.470958e-10,2.745065e-10,5.588873e-09,5.588873e-11
1.146578e+01,8.387984e-10,1.474313e-08,1.474313e-10,2.787975e-10,5.599953e-09,5.599953e-11
1.146792e+01,8.401740e-10,1.475636e-08,1.475636e-10,2.792756e-10,5.590667e-09,5.590667e-11
1.147006e+01,8.366630e-10,1.475549e-08,1.475549e-10,2.740382e-10,5.522872e-09,5.522872e-11
1.147220e+01,8.358469e-10,1.477051e-08,1.477051e-10,2.705724e-10,5.476437e-09,5.476437e-11
1.147433e+01,8.407599e-10,1.479777e-08,1.479777e-10,2.727369e-10,5.437357e-09,5.437357e-11
1.147647e+01,8.447751e-10,1.482606e-08,1.482606e-10,2.743641e-10,5.409013e-09,5.409013e-11
1.147861e+01,8.425582e-10,1.483036e-08,1.483036e-10,2.700760e-10,5.323530e-09,5.323530e-11
1.148074e+01,8.386324e-10,1.483565e-08,1.483565e-10,2.642884e-10,5.237509e-09,5.237509e-11
1.148288e+01,8.402484e-10,1.485851e-08,1.485851e-10,2.635769e-10,5.163982e-09,5.163982e-11
1.148502e+01,8.466927e-10,1.489758e-08,1.489758e-10,2.660915e-10,5.103610e-09,5.103610e-11
1.148715e+01,8.513877e-10,1.493939e-08,1.493939e-10,2.654182e-10,5.022782e-09,5.022782e-11
1.148929e+01,8.521104e-10,1.496958e-08,1.496958e-10,2.613099e-10,4.921232e-09,4.921232e-11
1.149143e+01,8.527285e-10,1.499078e-08,1.499078e-10,2.591723e-10,4.835305e-09,4.835305e-11
1.149356e+01,8.555419e-10,1.501488e-08,1.501488e-10,2.604985e-10,4.759191e-09,4.759191e-11
1.149570e+01,8.582072e-10,1.504250e-08,1.504250e-10,2.611206e-10,4.689434e-09,4.689434e-11
1.149784e+01,8.587650e-10,1.506419e-08,1.506419e-10,2.588321e-10,4.607629e-09,4.607629e-11
1.149997e+01,8.579405e-10,1.507743e-08,1.507743e-10,2.561895e-10,4.536264e-09,4.536264e-11
1.150211e+01,8.556793e-10,1.507320e-08,1.507320e-10,2.551217e-10,4.475276e-09,4.475276e-11
1.150425e+01,8.507035e-10,1.505345e-08,1.505345e-10,2.541478e-10,4.423613e-09,4.423613e-11
1.150638e+01,8.439782e-10,1.502490e-08,1.502490e-10,2.520006e-10,4.375242e-09,4.375242e-11
1.150852e+01,8.383939e-10,1.498959e-08,1.498959e-10,2.498851e-10,4.333053e-09,4.333053e-11
1.151066e+01,8.345469e-10,1.494422e-08,1.494422e-10,2.488393e-10,4.299310e-09,4.299310e-11
1.151279e+01,8.301380e-10,1.488267e-08,1.488267e-10,2.480977e-10,4.270625e-09,4.270625e-11
1.151493e+01,8.240670e-10,1.480107e-08,1.480107e-10,2.471323e-10,4.244567e-09,4.244567e-11
1.151707e+01,8.181642e-10,1.470135e-08,1.470135e-10,2.465650e-10,4.221370e-09,4.221370e-11
1.151920e+01,8.140535e-10,1.458622e-08,1.458622e-10,2.463618e-10,4.199275e-09,4.199275e-11
1.152134e+01,8.105720e-10,1.445656e-08,1.445656e-10,2.455033e-10,4.172765e-09,4.172765e-11
1.152348e+01,8.058785e-10,1.430948e-08,1.430948e-10,2.442210e-10,4.144638e-09,4.144638e-11
1.152561e+01,8.000707e-10,1.414014e-08,1.414014e-10,2.440054e-10,4.116357e-09,4.116357e-11
1.152775e+01,7.937580e-10,1.394725e-08,1.394725e-10,2.444616e-10,4.090075e-09,4.090075e-11
1.152989e+01,7.865042e-10,1.372990e-08,1.372990e-10,2.434638e-10,4.052348e-09,4.052348e-11
1.153202e+01,7.783368e-10,1.348966e-08,1.348966e-10,2.413191e-10,4.007694e-09,4.007694e-11
1.153416e+01,7.702396e-10,1.323067e-08,1.323067e-10,2.408523e-10,3.969025e-09,3.969025e-11
1.153630e+01,7.617312e-10,1.295812e-08,1.295812e-10,2.422582e-10,3.939492e-09,3.939492e-11
1.153843e+01,7.509004e-10,1.267952e-08,1.267952e-10,2.420746e-10,3.910766e-09,3.910766e-11
1.154057e+01,7.382501e-10,1.240452e-08,1.240452e-10,2.390254e-10,3.866712e-09,3.866712e-11
1.154271e+01,7.272524e-10,1.214469e-08,1.214469e-10,2.366524e-10,3.839022e-09,3.839022e-11
1.154484e+01,7.196599e-10,1.190182e-08,1.190182e-10,2.375042e-10,3.825248e-09,3.825248e-11
1.154698e+01,7.132777e-10,1.167813e-08,1.167813e-10,2.387204e-10,3.827882e-09,3.827882e-11
1.154912e+01,7.064661e-10,1.147609e-08,1.147609e-10,2.370713e-10,3.812233e-09,3.812233e-11
1.155125e+01,7.016579e-10,1.130900e-08,1.130900e-10,2.347837e-10,3.805999e-09,3.805999e-11
1.155339e+01,7.008427e-10,1.117467e-08,1.117467e-10,2.355544e-10,3.815991e-09,3.815991e-11
1.155553e+01,7.004552e-10,1.105875e-08,1.105875e-10,2.375594e-10,3.840303e-09,3.840303e-11
1.155767e+01,6.956569e-10,1.093048e-08,1.093048e-10,2.362051e-10,3.846593e-09,3.846593e-11
1.155980e+01,6.878285e-10,1.078346e-08,1.078346e-10,2.321632e-10,3.837240e-09,3.837240e-11
1.156194e+01,6.821486e-10,1.062560e-08,1.062560e-10,2.302775e-10,3.837687e-09,3.837687e-11
1.156408e+01,6.790263e-10,1.046345e-08,1.046345e-10,2.311833e-10,3.842789e-09,3.842789e-11
1.156621e+01,6.740169e-10,1.029806e-08,1.029806e-10,2.305466e-10,3.836838e-09,3.836838e-11
1.156835e+01,6.659159e-10,1.013441e-08,1.013441e-10,2.269607e-10,3.803432e-09,3.803432e-11
1.157049e+01,6.590640e-10,9.991218e-09,9.991218e-11,2.243512e-10,3.773891e-09,3.773891e-11
1.157262e+01,6.566128e-10,9.879866e-09,9.879866e-11,2.250059e-10,3.748823e-09,3.748823e-11
1.157476e+01,6.565220e-10,9.804555e-09,9.804555e-11,2.258361e-10,3.722598e-09,3.722598e-11
1.157690e+01,6.562067e-10,9.754830e-09,9.754830e-11,2.241607e-10,3.669955e-09,3.669955e-11
1.157903e+01,6.569125e-10,9.743481e-09,9.743481e-11,2.223092e-10,3.616254e-09,3.616254e-11
1.158117e+01,6.601556e-10,9.775055e-09,9.775055e-11,2.228860e-10,3.569660e-09,3.569660e-11
1.158331e+01,6.635095e-10,9.851505e-09,9.851505e-11,2.236777e-10,3.534549e-09,3.534549e-11
1.158544e+01,6.644000e-10,9.950173e-09,9.950173e-11,2.217928e-10,3.481625e-09,3.481625e-11
1.158758e+01,6.649902e-10,1.005589e-08,1.005589e-10,2.193211e-10,3.426170e-09,3.426170e-11
1.158972e+01,6.683799e-10,1.015900e-08,1.015900e-10,2.196785e-10,3.375996e-09,3.375996e-11
1.159185e+01,6.724998e-10,1.025962e-08,1.025962e-10,2.212432e-10,3.343303e-09,3.343303e-11
1.159399e+01,6.731636e-10,1.035481e-08,1.035481e-10,2.201859e-10,3.300873e-09,3.300873e-11
1.159613e+01,6.711214e-10,1.044964e-08,1.044964e-10,2.173176e-10,3.256821e-09,3.256821e-11
1.159826e+01,6.708062e-10,1.055273e-08,1.055273e-10,2.164989e-10,3.220182e-09,3.220182e-11
1.160040e+01,6.733797e-10,1.067261e-08,1.067261e-10,2.176727e-10,3.201958e-09,3.201958e-11
1.160254e+01,6.758527e-10,1.081085e-08,1.081085e-10,2.171568e-10,3.186912e-09,3.186912e-11
1.160467e+01,6.769901e-10,1.095547e-08,1.095547e-10,2.145072e-10,3.167251e-09,3.167251e-11
1.160681e+01,6.793178e-10,1.109851e-08,1.109851e-10,2.133634e-10,3.161783e-09,3.161783e-11
1.160895e+01,6.842912e-10,1.123599e-08,1.123599e-10,2.148815e-10,3.160449e-09,3.160449e-11
1.161108e+01,6.896370e-10,1.137663e-08,1.137663e-10,2.157291e-10,3.167487e-09,3.167487e-11
1.161322e+01,6.933069e-10,1.152058e-08,1.152058e-10,2.141696e-10,3.165064e-09,3.165064e-11
1.161536e+01,6.964903e-10,1.165776e-08,1.165776e-10,2.131851e-10,3.185274e-09,3.185274e-11
1.161749e+01,7.002415e-10,1.176734e-08,1.176734e-10,2.148831e-10,3.206448e-09,3.206448e-11
1.161963e+01,7.029401e-10,1.184795e-08,1.184795e-10,2.165576e-10,3.225973e-09,3.225973e-11
1.162177e+01,7.037496e-10,1.191556e-08,1.191556e-10,2.157248e-10,3.231137e-09,3.231137e-11
1.162390e+01,7.049793e-10,1.199419e-08,1.199419e-10,2.146700e-10,3.259093e-09,3.259093e-11
1.162604e+01,7.082000e-10,1.208731e-08,1.208731e-10,2.161693e-10,3.309589e-09,3.309589e-11
1.162818e+01,7.112968e-10,1.218961e-08,1.218961e-10,2.183812e-10,3.362588e-09,3.362588e-11
1.163031e+01,7.126850e-10,1.230589e-08,1.230589e-10,2.182974e-10,3.399703e-09,3.399703e-11
1.163245e+01,7.152134e-10,1.245818e-08,1.245818e-10,2.173963e-10,3.446994e-09,3.446994e-11
1.163459e+01,7.221222e-10,1.265455e-08,1.265455e-10,2.190938e-10,3.527590e-09,3.527590e-11
1.163672e+01,7.315859e-10,1.288051e-08,1.288051e-10,2.226263e-10,3.625306e-09,3.625306e-11
1.163886e+01,7.396107e-10,1.311412e-08,1.311412e-10,2.245176e-10,3.707596e-09,3.707596e-11
1.164100e+01,7.466329e-10,1.335513e-08,1.335513e-10,2.247642e-10,3.774188e-09,3.774188e-11
1.164313e+01,7.560791e-10,1.361419e-08,1.361419e-10,2.264383e-10,3.853371e-09,3.853371e-11
1.164527e+01,7.673834e-10,1.388405e-08,1.388405e-10,2.297520e-10,3.951289e-09,3.951289e-11
1.164741e+01,7.759054e-10,1.413415e-08,1.413415e-10,2.315240e-10,4.041930e-09,4.041930e-11
1.164955e+01,7.801322e-10,1.434177e-08,1.434177e-10,2.309251e-10,4.104616e-09,4.104616e-11
1.165168e+01,7.837038e-10,1.451670e-08,1.451670e-10,2.308228e-10,4.152765e-09,4.152765e-11
1.165382e+01,7.890190e-10,1.467883e-08,1.467883e-10,2.323398e-10,4.207639e-09,4.207639e-11
1.165596e+01,7.935134e-10,1.483279e-08,1.483279e-10,2.329022e-10,4.265556e-09,4.265556e-11
1.165809e+01,7.943275e-10,1.495830e-08,1.495830e-10,2.312321e-10,4.306468e-09,4.306468e-11
1.166023e+01,7.930726e-10,1.503926e-08,1.503926e-10,2.299556e-10,4.328940e-09,4.328940e-11
1.166237e+01,7.930590e-10,1.508304e-08,1.508304e-10,2.310375e-10,4.340350e-09,4.340350e-11
1.166450e+01,7.946469e-10,1.511497e-08,1.511497e-10,2.324332e-10,4.355921e-09,4.355921e-11
1.166664e+01,7.964753e-10,1.513870e-08,1.513870e-10,2.322621e-10,4.360239e-09,4.360239e-11
1.166878e+01,7.987317e-10,1.514625e-08,1.514625e-10,2.326133e-10,4.365238e-09,4.365238e-11
1.167091e+01,8.015532e-10,1.512269e-08,1.512269e-10,2.354289e-10,4.356868e-09,4.356868e-11
1.167305e+01,8.024365e-10,1.506901e-08,1.506901e-10,2.381047e-10,4.347614e-09,4.347614e-11
1.167519e+01,7.994903e-10,1.499742e-08,1.499742e-10,2.375153e-10,4.322639e-09,4.322639e-11
1.167732e+01,7.953729e-10,1.491757e-08,1.491757e-10,2.356144e-10,4.301895e-09,4.301895e-11
1.167946e+01,7.941166e-10,1.482458e-08,1.482458e-10,2.364623e-10,4.285772e-09,4.285772e-11
1.168160e+01,7.953100e-10,1.471318e-08,1.471318e-10,2.394587e-10,4.265221e-09,4.265221e-11
1.168373e+01,7.952314e-10,1.459158e-08,1.459158e-10,2.404828e-10,4.235643e-09,4.235643e-11
1.168587e+01,7.930815e-10,1.447127e-08,1.447127e-10,2.389995e-10,4.199183e-09,4.199183e-11
1.168801e+01,7.921017e-10,1.436057e-08,1.436057e-10,2.388957e-10,4.187632e-09,4.187632e-11
1.169014e+01,7.942970e-10,1.425241e-08,1.425241e-10,2.419269e-10,4.182981e-09,4.182981e-11
1.169228e+01,7.974990e-10,1.414537e-08,1.414537e-10,2.449986e-10,4.181173e-09,4.181173e-11
1.169442e+01,7.993117e-10,1.404664e-08,1.404664e-10,2.456062e-10,4.171256e-09,4.171256e-11
1.169655e+01,8.008045e-10,1.396888e-08,1.396888e-10,2.459044e-10,4.184586e-09,4.184586e-11
1.169869e+01,8.038654e-10,1.391054e-08,1.391054e-10,2.486614e-10,4.221634e-09,4.221634e-11
1.170083e+01,8.076497e-10,1.385816e-08,1.385816e-10,2.525719e-10,4.261164e-09,4.261164e-11
1.170296e+01,8.102600e-10,1.380519e-08,1.380519e-10,2.547949e-10,4.285190e-09,4.285190e-11
1.170510e+01,8.120608e-10,1.376111e-08,1.376111e-10,2.555839e-10,4.299148e-09,4.299148e-11
1.170724e+01,8.145443e-10,1.373415e-08,1.373415e-10,2.572279e-10,4.320581e-09,4.320581e-11
1.170937e+01,8.174518e-10,1.371952e-08,1.371952e-10,2.601205e-10,4.340855e-09,4.340855e-11
1.171151e+01,8.191203e-10,1.370726e-08,1.370726e-10,2.624948e-10,4.346116e-09,4.346116e-11
1.171365e+01,8.186803e-10,1.369340e-08,1.369340e-10,2.632021e-10,4.333452e-09,4.333452e-11
1.171578e+01,8.166932e-10,1.368405e-08,1.368405e-10,2.628170e-10,4.318142e-09,4.318142e-11
1.171792e+01,8.140989e-10,1.368564e-08,1.368564e-10,2.623891e-10,4.313683e-09,4.313683e-11
1.172006e+01,8.118146e-10,1.369848e-08,1.369848e-10,2.625532e-10,4.319299e-09,4.319299e-11
1.172219e+01,8.108138e-10,1.371953e-08,1.371953e-10,2.633893e-10,4.327839e-09,4.327839e-11
1.172433e+01,8.114317e-10,1.374958e-08,1.374958e-10,2.642869e-10,4.340042e-09,4.340042e-11
1.172647e+01,8.128860e-10,1.378938e-08,1.378938e-10,2.645577e-10,4.360275e-09,4.360275e-11
1.172860e+01,8.143127e-10,1.383195e-08,1.383195e-10,2.646987e-10,4.393882e-09,4.393882e-11
1.173074e+01,8.158692e-10,1.386910e-08,1.386910e-10,2.660440e-10,4.435454e-09,4.435454e-11
1.173288e+01,8.177843e-10,1.390206e-08,1.390206e-10,2.683467e-10,4.478770e-09,4.478770e-11
1.173502e+01,8.196218e-10,1.393980e-08,1.393980e-10,2.695326e-10,4.518843e-09,4.518843e-11
1.173715e+01,8.216098e-10,1.399019e-08,1.399019e-10,2.692241e-10,4.556337e-09,4.556337e-11
1.173929e+01,8.249513e-10,1.405052e-08,1.405052e-10,2.700418e-10,4.605324e-09,4.605324e-11
1.174143e+01,8.295335e-10,1.410808e-08,1.410808e-10,2.733442e-10,4.656895e-09,4.656895e-11
1.174356e+01,8.332844e-10,1.415828e-08,1.415828e-10,2.763659e-10,4.705250e-09,4.705250e-11
1.174570e+01,8.355877e-10,1.420719e-08,1.420719e-10,2.765824e-10,4.732093e-09,4.732093e-11
1.174784e+01,8.390945e-10,1.426968e-08,1.426968e-10,2.764005e-10,4.761988e-09,4.761988e-11
1.174997e+01,8.456608e-10,1.434696e-08,1.434696e-10,2.794634e-10,4.801912e-09,4.801912e-11
1.175211e+01,8.523369e-10,1.443117e-08,1.443117e-10,2.841391e-10,4.848558e-09,4.848558e-11
1.175425e+01,8.550363e-10,1.450880e-08,1.450880e-10,2.857074e-10,4.876588e-09,4.876588e-11
1.175638e+01,8.551710e-10,1.458424e-08,1.458424e-10,2.842306e-10,4.887147e-09,4.887147e-11
1.175852e+01,8.578850e-10,1.467365e-08,1.467365e-10,2.846106e-10,4.908293e-09,4.908293e-11
1.176066e+01,8.639081e-10,1.479202e-08,1.479202e-10,2.883519e-10,4.941904e-09,4.941904e-11
1.176279e+01,8.688093e-10,1.494251e-08,1.494251e-10,2.911623e-10,4.981830e-09,4.981830e-11
1.176493e+01,8.712564e-10,1.511907e-08,1.511907e-10,2.906935e-10,5.004403e-09,5.004403e-11
1.176707e+01,8.757715e-10,1.532021e-08,1.532021e-10,2.908245e-10,5.036891e-09,5.036891e-11
1.176920e+01,8.849117e-10,1.553248e-08,1.553248e-10,2.948240e-10,5.076438e-09,5.076438e-11
1.177134e+01,8.944544e-10,1.575331e-08,1.575331e-10,2.995148e-10,5.123911e-09,5.123911e-11
1.177348e+01,9.001318e-10,1.597893e-08,1.597893e-10,3.008545e-10,5.152050e-09,5.152050e-11
1.177561e+01,9.047417e-10,1.622320e-08,1.622320e-10,3.011103e-10,5.183871e-09,5.183871e-11
1.177775e+01,9.134483e-10,1.648306e-08,1.648306e-10,3.048187e-10,5.226939e-09,5.226939e-11
1.177989e+01,9.246647e-10,1.674020e-08,1.674020e-10,3.104502e-10,5.279903e-09,5.279903e-11
1.178202e+01,9.317236e-10,1.695712e-08,1.695712e-10,3.125984e-10,5.308908e-09,5.308908e-11
1.178416e+01,9.330022e-10,1.711882e-08,1.711882e-10,3.110755e-10,5.315067e-09,5.315067e-11
1.178630e+01,9.337775e-10,1.724092e-08,1.724092e-10,3.109296e-10,5.320620e-09,5.320620e-11
1.178843e+01,9.373593e-10,1.734871e-08,1.734871e-10,3.135509e-10,5.335457e-09,5.335457e-11
1.179057e+01,9.412319e-10,1.745724e-08,1.745724e-10,3.147733e-10,5.351930e-09,5.351930e-11
1.179271e+01,9.434593e-10,1.755857e-08,1.755857e-10,3.129944e-10,5.352516e-09,5.352516e-11
1.179484e+01,9.460861e-10,1.764337e-08,1.764337e-10,3.122858e-10,5.362700e-09,5.362700e-11
1.179698e+01,9.495762e-10,1.768053e-08,1.768053e-10,3.147532e-10,5.370365e-09,5.370365e-11
1.179912e+01,9.502975e-10,1.766910e-08,1.766910e-10,3.162569e-10,5.377311e-09,5.377311e-11
1.180125e+01,9.472640e-10,1.763187e-08,1.763187e-10,3.137984e-10,5.352749e-09,5.352749e-11
1.180339e+01,9.462724e-10,1.760935e-08,1.760935e-10,3.116039e-10,5.341743e-09,5.341743e-11
1.180553e+01,9.524654e-10,1.761220e-08,1.761220e-10,3.145271e-10,5.349139e-09,5.349139e-11
1.180766e+01,9.618610e-10,1.761896e-08,1.761896e-10,3.195338e-10,5.375725e-09,5.375725e-11
1.180980e+01,9.659737e-10,1.757597e-08,1.757597e-10,3.201110e-10,5.369395e-09,5.369395e-11
1.181194e+01,9.633282e-10,1.745472e-08,1.745472e-10,3.165630e-10,5.330914e-09,5.330914e-11
1.181407e+01,9.603304e-10,1.728550e-08,1.728550e-10,3.149621e-10,5.295511e-09,5.295511e-11
1.181621e+01,9.609642e-10,1.711137e-08,1.711137e-10,3.169355e-10,5.272300e-09,5.272300e-11
1.181835e+01,9.622314e-10,1.695993e-08,1.695993e-10,3.177287e-10,5.260112e-09,5.260112e-11
1.182048e+01,9.610929e-10,1.682516e-08,1.682516e-10,3.150595e-10,5.230134e-09,5.230134e-11
1.182262e+01,9.593880e-10,1.669325e-08,1.669325e-10,3.129969e-10,5.218497e-09,5.218497e-11
1.182476e+01,9.590354e-10,1.653165e-08,1.653165e-10,3.145732e-10,5.207538e-09,5.207538e-11
1.182690e+01,9.574050e-10,1.633605e-08,1.633605e-10,3.162446e-10,5.200184e-09,5.200184e-11
1.182903e+01,9.516455e-10,1.613542e-08,1.613542e-10,3.138040e-10,5.171061e-09,5.171061e-11
1.183117e+01,9.445665e-10,1.597712e-08,1.597712e-10,3.096685e-10,5.153617e-09,5.153617e-11
1.183331e+01,9.416606e-10,1.589216e-08,1.589216e-10,3.091721e-10,5.170582e-09,5.170582e-11
1.183544e+01,9.435262e-10,1.587912e-08,1.587912e-10,3.121358e-10,5.215626e-09,5.215626e-11
1.183758e+01,9.453605e-10,1.589557e-08,1.589557e-10,3.134590e-10,5.263475e-09,5.263475e-11
1.183972e+01,9.438107e-10,1.588539e-08,1.588539e-10,3.111314e-10,5.283779e-09,5.283779e-11
1.184185e+01,9.403532e-10,1.583939e-08,1.583939e-10,3.085674e-10,5.301758e-09,5.301758e-11
1.184399e+01,9.378843e-10,1.579343e-08,1.579343e-10,3.087444e-10,5.325841e-09,5.325841e-11
1.184613e+01,9.376659e-10,1.579584e-08,1.579584e-10,3.104421e-10,5.370041e-09,5.370041e-11
1.184826e+01,9.398571e-10,1.585793e-08,1.585793e-10,3.113543e-10,5.421975e-09,5.421975e-11
1.185040e+01,9.438741e-10,1.595412e-08,1.595412e-10,3.116249e-10,5.478730e-09,5.478730e-11
1.185254e+01,9.472491e-10,1.602895e-08,1.602895e-10,3.126299e-10,5.533233e-09,5.533233e-11
1.185467e+01,9.463753e-10,1.603481e-08,1.603481e-10,3.140207e-10,5.570096e-09,5.570096e-11
1.185681e+01,9.399370e-10,1.598587e-08,1.598587e-10,3.138588e-10,5.591382e-09,5.591382e-11
1.185895e+01,9.313507e-10,1.593394e-08,1.593394e-10,3.116629e-10,5.600496e-09,5.600496e-11
1.186108e+01,9.261494e-10,1.591205e-08,1.591205e-10,3.096548e-10,5.611171e-09,5.611171e-11
1.186322e+01,9.260078e-10,1.592086e-08,1.592086e-10,3.099788e-10,5.626411e-09,5.626411e-11
1.186536e+01,9.267591e-10,1.593305e-08,1.593305e-10,3.117821e-10,5.638909e-09,5.638909e-11
1.186749e+01,9.232149e-10,1.590292e-08,1.590292e-10,3.120988e-10,5.635932e-09,5.635932e-11
1.186963e+01,9.148802e-10,1.581281e-08,1.581281e-10,3.094146e-10,5.605517e-09,5.605517e-11
1.187177e+01,9.059022e-10,1.568889e-08,1.568889e-10,3.056291e-10,5.563188e-09,5.563188e-11
1.187390e+01,9.001992e-10,1.557075e-08,1.557075e-10,3.038503e-10,5.524518e-09,5.524518e-11
1.187604e+01,8.973447e-10,1.548233e-08,1.548233e-10,3.044080e-10,5.498780e-09,5.498780e-11
1.187818e+01,8.935427e-10,1.541639e-08,1.541639e-10,3.044569e-10,5.479605e-09,5.479605e-11
1.188031e+01,8.868921e-10,1.535094e-08,1.535094e-10,3.023363e-10,5.454830e-09,5.454830e-11
1.188245e+01,8.796358e-10,1.526385e-08,1.526385e-10,3.002131e-10,5.430190e-09,5.430190e-11
1.188459e+01,8.739164e-10,1.514700e-08,1.514700e-10,3.002856e-10,5.402445e-09,5.402445e-11
1.188672e+01,8.680464e-10,1.502352e-08,1.502352e-10,3.007164e-10,5.379753e-09,5.379753e-11
1.188886e+01,8.597439e-10,1.491320e-08,1.491320e-10,2.986228e-10,5.351882e-09,5.351882e-11
1.189100e+01,8.507635e-10,1.482461e-08,1.482461e-10,2.951595e-10,5.329216e-09,5.329216e-11
1.189313e+01,8.447403e-10,1.475751e-08,1.475751e-10,2.938232e-10,5.318048e-09,5.318048e-11
1.189527e+01,8.418023e-10,1.470381e-08,1.470381e-10,2.946389e-10,5.314046e-09,5.314046e-11
1.189741e+01,8.386661e-10,1.464448e-08,1.464448e-10,2.939154e-10,5.302514e-09,5.302514e-11
1.189954e+01,8.342530e-10,1.457408e-08,1.457408e-10,2.903800e-10,5.272126e-09,5.272126e-11
1.190168e+01,8.319647e-10,1.450378e-08,1.450378e-10,2.876151e-10,5.245952e-09,5.245952e-11
1.190382e+01,8.347687e-10,1.444869e-08,1.444869e-10,2.883786e-10,5.226365e-09,5.226365e-11
1.190595e+01,8.411476e-10,1.442332e-08,1.442332e-10,2.903428e-10,5.216275e-09,5.216275e-11
1.190809e+01,8.482995e-10,1.442147e-08,1.442147e-10,2.904463e-10,5.195278e-09,5.195278e-11
1.191023e+01,8.561649e-10,1.443771e-08,1.443771e-10,2.900641e-10,5.178875e-09,5.178875e-11
1.191237e+01,8.648867e-10,1.445392e-08,1.445392e-10,2.918529e-10,5.168269e-09,5.168269e-11
1.191450e+01,8.715760e-10,1.447141e-08,1.447141e-10,2.941768e-10,5.166660e-09,5.166660e-11
1.191664e+01,8.741100e-10,1.450475e-08,1.450475e-10,2.937021e-10,5.159517e-09,5.159517e-11
1.191878e+01,8.758832e-10,1.458003e-08,1.458003e-10,2.917535e-10,5.156292e-09,5.156292e-11
1.192091e+01,8.819956e-10,1.471345e-08,1.471345e-10,2.926550e-10,5.172891e-09,5.172891e-11
1.192305e+01,8.916891e-10,1.490460e-08,1.490460e-10,2.964935e-10,5.209323e-09,5.209323e-11
1.192519e+01,8.994794e-10,1.514812e-08,1.514812e-10,2.988413e-10,5.255120e-09,5.255120e-11
1.192732e+01,9.041062e-10,1.544340e-08,1.544340e-10,2.982781e-10,5.298712e-09,5.298712e-11
1.192946e+01,9.110221e-10,1.580591e-08,1.580591e-10,2.989349e-10,5.365292e-09,5.365292e-11
1.193160e+01,9.236131e-10,1.623209e-08,1.623209e-10,3.032517e-10,5.452569e-09,5.452569e-11
1.193373e+01,9.373684e-10,1.671320e-08,1.671320e-10,3.074598e-10,5.559820e-09,5.559820e-11
1.193587e+01,9.469132e-10,1.722488e-08,1.722488e-10,3.079769e-10,5.657938e-09,5.657938e-11
1.193801e+01,9.542139e-10,1.776261e-08,1.776261e-10,3.076449e-10,5.769030e-09,5.769030e-11
1.194014e+01,9.645484e-10,1.831592e-08,1.831592e-10,3.108716e-10,5.892442e-09,5.892442e-11
1.194228e+01,9.774919e-10,1.886769e-08,1.886769e-10,3.159432e-10,6.028761e-09,6.028761e-11
1.194442e+01,9.877522e-10,1.939645e-08,1.939645e-10,3.178155e-10,6.148281e-09,6.148281e-11
1.194655e+01,9.935172e-10,1.988879e-08,1.988879e-10,3.166741e-10,6.252714e-09,6.252714e-11
1.194869e+01,9.985495e-10,2.034239e-08,2.034239e-10,3.175341e-10,6.359147e-09,6.359147e-11
1.195083e+01,1.005287e-09,2.075096e-08,2.075096e-10,3.215147e-10,6.462139e-09,6.462139e-11
1.195296e+01,1.010806e-09,2.110776e-08,2.110776e-10,3.237486e-10,6.551546e-09,6.551546e-11
1.195510e+01,1.012375e-09,2.139989e-08,2.139989e-10,3.216132e-10,6.602081e-09,6.602081e-11
1.195724e+01,1.012435e-09,2.162867e-08,2.162867e-10,3.192549e-10,6.643017e-09,6.643017e-11
1.195937e+01,1.014325e-09,2.178961e-08,2.178961e-10,3.206274e-10,6.670224e-09,6.670224e-11
1.196151e+01,1.016655e-09,2.188224e-08,2.188224e-10,3.228842e-10,6.688471e-09,6.688471e-11
1.196365e+01,1.016350e-09,2.190094e-08,2.190094e-10,3.214264e-10,6.667679e-09,6.667679e-11
1.196578e+01,1.014358e-09,2.184798e-08,2.184798e-10,3.177986e-10,6.622513e-09,6.622513e-11
1.196792e+01,1.013469e-09,2.172699e-08,2.172699e-10,3.169775e-10,6.568569e-09,6.568569e-11
1.197006e+01,1.012709e-09,2.153663e-08,2.153663e-10,3.190242e-10,6.505414e-09,6.505414e-11
1.197219e+01,1.008397e-09,2.127959e-08,2.127959e-10,3.190139e-10,6.424104e-09,6.424104e-11
1.197433e+01,1.000369e-09,2.096158e-08,2.096158e-10,3.151935e-10,6.307570e-09,6.307570e-11
1.197647e+01,9.929128e-10,2.060011e-08,2.060011e-10,3.118624e-10,6.188748e-09,6.188748e-11
1.197860e+01,9.881972e-10,2.020812e-08,2.020812e-10,3.122766e-10,6.067633e-09,6.067633e-11
1.198074e+01,9.828224e-10,1.979552e-08,1.979552e-10,3.134652e-10,5.951222e-09,5.951222e-11
1.198288e+01,9.735490e-10,1.936696e-08,1.936696e-10,3.112582e-10,5.817755e-09,5.817755e-11
1.198501e+01,9.632588e-10,1.894086e-08,1.894086e-10,3.070145e-10,5.681172e-09,5.681172e-11
1.198715e+01,9.569825e-10,1.853388e-08,1.853388e-10,3.051469e-10,5.558445e-09,5.558445e-11
1.198929e+01,9.543578e-10,1.815540e-08,1.815540e-10,3.059936e-10,5.449330e-09,5.449330e-11
1.199142e+01,9.506161e-10,1.780351e-08,1.780351e-10,3.057177e-10,5.348634e-09,5.348634e-11
1.199356e+01,9.436947e-10,1.747135e-08,1.747135e-10,3.025342e-10,5.242218e-09,5.242218e-11
1.199570e+01,9.366546e-10,1.716700e-08,1.716700e-10,2.990856e-10,5.149376e-09,5.149376e-11
1.199783e+01,9.328303e-10,1.690038e-08,1.690038e-10,2.980559e-10,5.071708e-09,5.071708e-11
1.199997e+01,9.314117e-10,1.667635e-08,1.667635e-10,2.983471e-10,5.010594e-09,5.010594e-11
1.200211e+01,9.290958e-10,1.648754e-08,1.648754e-10,2.972317e-10,4.955315e-09,4.955315e-11
1.200425e+01,9.245620e-10,1.631881e-08,1.631881e-10,2.944966e-10,4.906302e-09,4.906302e-11
1.200638e+01,9.195437e-10,1.616747e-08,1.616747e-10,2.922925e-10,4.873011e-09,4.873011e-11
1.200852e+01,9.160856e-10,1.605140e-08,1.605140e-10,2.917287e-10,4.856587e-09,4.856587e-11
1.201066e+01,9.150054e-10,1.598049e-08,1.598049e-10,2.919040e-10,4.855149e-09,4.855149e-11
1.201279e+01,9.163554e-10,1.595195e-08,1.595195e-10,2.919350e-10,4.862542e-09,4.862542e-11
1.201493e+01,9.190801e-10,1.595225e-08,1.595225e-10,2.919552e-10,4.879122e-09,4.879122e-11
1.201707e+01,9.209245e-10,1.595883e-08,1.595883e-10,2.921666e-10,4.902317e-09,4.902317e-11
1.201920e+01,9.207316e-10,1.596867e-08,1.596867e-10,2.924319e-10,4.929919e-09,4.929919e-11
1.202134e+01,9.201495e-10,1.599414e-08,1.599414e-10,2.928410e-10,4.961475e-09,4.961475e-11
1.202348e+01,9.213179e-10,1.603681e-08,1.603681e-10,2.935355e-10,4.995639e-09,4.995639e-11
1.202561e+01,9.236207e-10,1.608672e-08,1.608672e-10,2.941474e-10,5.030360e-09,5.030360e-11
1.202775e+01,9.241235e-10,1.612936e-08,1.612936e-10,2.941604e-10,5.062973e-09,5.062973e-11
1.202989e+01,9.211077e-10,1.615345e-08,1.615345e-10,2.936184e-10,5.091684e-09,5.091684e-11
1.203202e+01,9.160332e-10,1.616114e-08,1.616114e-10,2.929832e-10,5.116286e-09,5.116286e-11
1.203416e+01,9.114047e-10,1.615986e-08,1.615986e-10,2.922826e-10,5.136380e-09,5.136380e-11
1.203630e+01,9.077667e-10,1.615064e-08,1.615064e-10,2.910520e-10,5.149018e-09,5.149018e-11
1.203843e+01,9.040301e-10,1.612884e-08,1.612884e-10,2.894686e-10,5.154162e-09,5.154162e-11
1.204057e+01,8.996480e-10,1.608853e-08,1.608853e-10,2.884542e-10,5.152510e-09,5.152510e-11
1.204271e+01,8.945627e-10,1.602257e-08,1.602257e-10,2.879576e-10,5.141922e-09,5.141922e-11
1.204484e+01,8.881415e-10,1.592459e-08,1.592459e-10,2.864737e-10,5.117068e-09,5.117068e-11
1.204698e+01,8.799512e-10,1.579519e-08,1.579519e-10,2.832488e-10,5.075231e-09,5.075231e-11
1.204912e+01,8.709260e-10,1.564078e-08,1.564078e-10,2.797486e-10,5.023784e-09,5.023784e-11
1.205125e+01,8.625425e-10,1.546654e-08,1.546654e-10,2.776179e-10,4.966656e-09,4.966656e-11
1.205339e+01,8.550916e-10,1.527635e-08,1.527635e-10,2.761943e-10,4.905039e-09,4.905039e-11
1.205553e+01,8.476064e-10,1.506745e-08,1.506745e-10,2.736301e-10,4.831682e-09,4.831682e-11
1.205766e+01,8.391781e-10,1.483052e-08,1.483052e-10,2.697290e-10,4.744714e-09,4.744714e-11
1.205980e+01,8.297640e-10,1.456406e-08,1.456406e-10,2.660488e-10,4.648440e-09,4.648440e-11
1.206194e+01,8.197336e-10,1.428132e-08,1.428132e-10,2.633170e-10,4.548235e-09,4.548235e-11
1.206407e+01,8.096828e-10,1.399980e-08,1.399980e-10,2.604612e-10,4.446459e-09,4.446459e-11
1.206621e+01,8.010109e-10,1.373133e-08,1.373133e-10,2.568145e-10,4.339823e-09,4.339823e-11
1.206835e+01,7.947172e-10,1.348049e-08,1.348049e-10,2.534186e-10,4.235459e-09,4.235459e-11
1.207048e+01,7.891519e-10,1.323832e-08,1.323832e-10,2.509666e-10,4.133195e-09,4.133195e-11
1.207262e+01,7.810965e-10,1.298529e-08,1.298529e-10,2.481513e-10,4.028414e-09,4.028414e-11
1.207476e+01,7.701006e-10,1.272332e-08,1.272332e-10,2.436614e-10,3.916519e-09,3.916519e-11
1.207689e+01,7.598975e-10,1.248450e-08,1.248450e-10,2.385757e-10,3.807839e-09,3.807839e-11
1.207903e+01,7.544481e-10,1.229603e-08,1.229603e-10,2.351350e-10,3.715284e-09,3.715284e-11
1.208117e+01,7.539314e-10,1.217093e-08,1.217093e-10,2.338539e-10,3.643854e-09,3.643854e-11
1.208330e+01,7.550435e-10,1.210344e-08,1.210344e-10,2.331992e-10,3.591567e-09,3.591567e-11
1.208544e+01,7.545257e-10,1.206138e-08,1.206138e-10,2.318044e-10,3.548339e-09,3.548339e-11
1.208758e+01,7.518133e-10,1.202338e-08,1.202338e-10,2.297419e-10,3.508961e-09,3.508961e-11
1.208972e+01,7.487185e-10,1.201193e-08,1.201193e-10,2.277989e-10,3.479063e-09,3.479063e-11
1.209185e+01,7.478241e-10,1.206190e-08,1.206190e-10,2.267082e-10,3.469789e-09,3.469789e-11
1.209399e+01,7.510490e-10,1.218792e-08,1.218792e-10,2.270625e-10,3.485713e-09,3.485713e-11
1.209613e+01,7.582546e-10,1.238094e-08,1.238094e-10,2.289130e-10,3.525432e-09,3.525432e-11
1.209826e+01,7.667203e-10,1.261312e-08,1.261312e-10,2.311945e-10,3.579712e-09,3.579712e-11
1.210040e+01,7.735054e-10,1.285133e-08,1.285133e-10,2.326641e-10,3.634605e-09,3.634605e-11
1.210254e+01,7.785323e-10,1.308240e-08,1.308240e-10,2.335387e-10,3.685993e-09,3.685993e-11
1.210467e+01,7.838600e-10,1.332034e-08,1.332034e-10,2.349616e-10,3.741596e-09,3.741596e-11
1.210681e+01,7.904271e-10,1.357897e-08,1.357897e-10,2.369400e-10,3.807193e-09,3.807193e-11
1.210895e+01,7.972495e-10,1.385646e-08,1.385646e-10,2.383450e-10,3.876669e-09,3.876669e-11
1.211108e+01,8.036346e-10,1.414541e-08,1.414541e-10,2.391705e-10,3.949130e-09,3.949130e-11
1.211322e+01,8.099930e-10,1.443038e-08,1.443038e-10,2.407698e-10,4.025384e-09,4.025384e-11
1.211536e+01,8.160945e-10,1.468703e-08,1.468703e-10,2.432011e-10,4.097680e-09,4.097680e-11
1.211749e+01,8.206032e-10,1.490614e-08,1.490614e-10,2.445978e-10,4.157136e-09,4.157136e-11
1.211963e+01,8.234745e-10,1.510007e-08,1.510007e-10,2.443158e-10,4.203146e-09,4.203146e-11
1.212177e+01,8.271366e-10,1.528298e-08,1.528298e-10,2.445513e-10,4.249021e-09,4.249021e-11
1.212390e+01,8.332745e-10,1.545557e-08,1.545557e-10,2.470491e-10,4.296484e-09,4.296484e-11
1.212604e+01,8.398187e-10,1.560453e-08,1.560453e-10,2.500998e-10,4.340488e-09,4.340488e-11
1.212818e+01,8.430241e-10,1.570414e-08,1.570414e-10,2.509472e-10,4.363850e-09,4.363850e-11
1.213031e+01,8.415220e-10,1.573281e-08,1.573281e-10,2.496497e-10,4.364385e-09,4.364385e-11
1.213245e+01,8.367567e-10,1.569237e-08,1.569237e-10,2.482622e-10,4.347076e-09,4.347076e-11
1.213459e+01,8.305699e-10,1.560254e-08,1.560254e-10,2.473292e-10,4.319743e-09,4.319743e-11
1.213672e+01,8.241277e-10,1.547842e-08,1.547842e-10,2.456793e-10,4.281110e-09,4.281110e-11
1.213886e+01,8.181739e-10,1.532622e-08,1.532622e-10,2.432035e-10,4.231016e-09,4.231016e-11
1.214100e+01,8.125578e-10,1.514347e-08,1.514347e-10,2.412423e-10,4.174599e-09,4.174599e-11
1.214313e+01,8.057085e-10,1.492373e-08,1.492373e-10,2.398637e-10,4.109409e-09,4.109409e-11
1.214527e+01,7.964936e-10,1.466530e-08,1.466530e-10,2.375413e-10,4.030395e-09,4.030395e-11
1.214741e+01,7.865517e-10,1.438295e-08,1.438295e-10,2.342011e-10,3.939362e-09,3.939362e-11
1.214954e+01,7.784565e-10,1.409923e-08,1.409923e-10,2.316619e-10,3.849154e-09,3.849154e-11
1.215168e+01,7.718044e-10,1.382969e-08,1.382969e-10,2.303958e-10,3.765354e-09,3.765354e-11
1.215382e+01,7.640886e-10,1.357864e-08,1.357864e-10,2.287797e-10,3.686618e-09,3.686618e-11
1.215595e+01,7.556071e-10,1.334633e-08,1.334633e-10,2.264618e-10,3.611783e-09,3.611783e-11
1.215809e+01,7.493861e-10,1.312869e-08,1.312869e-10,2.252465e-10,3.545522e-09,3.545522e-11
1.216023e+01,7.456506e-10,1.292374e-08,1.292374e-10,2.253677e-10,3.487576e-09,3.487576e-11
1.216236e+01,7.409065e-10,1.273664e-08,1.273664e-10,2.244434e-10,3.433339e-09,3.433339e-11
1.216450e+01,7.338599e-10,1.257104e-08,1.257104e-10,2.217763e-10,3.380838e-09,3.380838e-11
1.216664e+01,7.281056e-10,1.243495e-08,1.243495e-10,2.201119e-10,3.343504e-09,3.343504e-11
1.216877e+01,7.263822e-10,1.232655e-08,1.232655e-10,2.209474e-10,3.320870e-09,3.320870e-11
1.217091e+01,7.257799e-10,1.223884e-08,1.223884e-10,2.213442e-10,3.306528e-09,3.306528e-11
1.217305e+01,7.221663e-10,1.215507e-08,1.215507e-10,2.186022e-10,3.271619e-09,3.271619e-11
1.217518e+01,7.168128e-10,1.207726e-08,1.207726e-10,2.154314e-10,3.246823e-09,3.246823e-11
1.217732e+01,7.141342e-10,1.201584e-08,1.201584e-10,2.157960e-10,3.239170e-09,3.239170e-11
1.217946e+01,7.144848e-10,1.199281e-08,1.199281e-10,2.179489e-10,3.265357e-09,3.265357e-11
1.218160e+01,7.147874e-10,1.200501e-08,1.200501e-10,2.175639e-10,3.270880e-09,3.270880e-11
1.218373e+01,7.151059e-10,1.204908e-08,1.204908e-10,2.158926e-10,3.281673e-09,3.281673e-11
1.218587e+01,7.182231e-10,1.211280e-08,1.211280e-10,2.180286e-10,3.319180e-09,3.319180e-11
1.218801e+01,7.229194e-10,1.217871e-08,1.217871e-10,2.235214e-10,3.388798e-09,3.388798e-11
1.219014e+01,7.245375e-10,1.224427e-08,1.224427e-10,2.261729e-10,3.444322e-09,3.444322e-11
1.219228e+01,7.233039e-10,1.231693e-08,1.231693e-10,2.246374e-10,3.454061e-09,3.454061e-11
1.219442e+01,7.253358e-10,1.241697e-08,1.241697e-10,2.253223e-10,3.501526e-09,3.501526e-11
1.219655e+01,7.328990e-10,1.253017e-08,1.253017e-10,2.315352e-10,3.574062e-09,3.574062e-11
1.219869e+01,7.398089e-10,1.263497e-08,1.263497e-10,2.372697e-10,3.668522e-09,3.668522e-11
1.220083e+01,7.409804e-10,1.270055e-08,1.270055e-10,2.368771e-10,3.671699e-09,3.671699e-11
1.220296e+01,7.410126e-10,1.275547e-08,1.275547e-10,2.347136e-10,3.680895e-09,3.680895e-11
1.220510e+01,7.467162e-10,1.281376e-08,1.281376e-10,2.378866e-10,3.711184e-09,3.711184e-11
1.220724e+01,7.553201e-10,1.288036e-08,1.288036e-10,2.438052e-10,3.780748e-09,3.780748e-11
1.220937e+01,7.584914e-10,1.292178e-08,1.292178e-10,2.443538e-10,3.786892e-09,3.786892e-11
1.221151e+01,7.557728e-10,1.293372e-08,1.293372e-10,2.398397e-10,3.743726e-09,3.743726e-11
1.221365e+01,7.546710e-10,1.293792e-08,1.293792e-10,2.383568e-10,3.738303e-09,3.738303e-11
1.221578e+01,7.580583e-10,1.294112e-08,1.294112e-10,2.420045e-10,3.759873e-09,3.759873e-11
1.221792e+01,7.605015e-10,1.293830e-08,1.293830e-10,2.437612e-10,3.781128e-09,3.781128e-11
1.222006e+01,7.585074e-10,1.291590e-08,1.291590e-10,2.399600e-10,3.720994e-09,3.720994e-11
1.222219e+01,7.563166e-10,1.289312e-08,1.289312e-10,2.366568e-10,3.696500e-09,3.696500e-11
1.222433e+01,7.579718e-10,1.286777e-08,1.286777e-10,2.389898e-10,3.695266e-09,3.695266e-11
1.222647e+01,7.604827e-10,1.284760e-08,1.284760e-10,2.425362e-10,3.726922e-09,3.726922e-11
1.222860e+01,7.599943e-10,1.280918e-08,1.280918e-10,2.415373e-10,3.698190e-09,3.698190e-11
1.223074e+01,7.594192e-10,1.277513e-08,1.277513e-10,2.389629e-10,3.674338e-09,3.674338e-11
1.223288e+01,7.631507e-10,1.275249e-08,1.275249e-10,2.409574e-10,3.682214e-09,3.682214e-11
1.223501e+01,7.684298e-10,1.274341e-08,1.274341e-10,2.458577e-10,3.721503e-09,3.721503e-11
1.223715e+01,7.697903e-10,1.273552e-08,1.273552e-10,2.472280e-10,3.740162e-09,3.740162e-11
1.223929e+01,7.688073e-10,1.273273e-08,1.273273e-10,2.452234e-10,3.735554e-09,3.735554e-11
1.224142e+01,7.713530e-10,1.274874e-08,1.274874e-10,2.457669e-10,3.754774e-09,3.754774e-11
1.224356e+01,7.771106e-10,1.278379e-08,1.278379e-10,2.496507e-10,3.788192e-09,3.788192e-11
1.224570e+01,7.803030e-10,1.283846e-08,1.283846e-10,2.515871e-10,3.821528e-09,3.821528e-11
1.224783e+01,7.803900e-10,1.291702e-08,1.291702e-10,2.501157e-10,3.829656e-09,3.829656e-11
1.224997e+01,7.840672e-10,1.304526e-08,1.304526e-10,2.503671e-10,3.862772e-09,3.862772e-11
1.225211e+01,7.949624e-10,1.321741e-08,1.321741e-10,2.551213e-10,3.914517e-09,3.914517e-11
1.225424e+01,8.078333e-10,1.342542e-08,1.342542e-10,2.600173e-10,3.982264e-09,3.982264e-11
1.225638e+01,8.169345e-10,1.364868e-08,1.364868e-10,2.614103e-10,4.032054e-09,4.032054e-11
1.225852e+01,8.247566e-10,1.390064e-08,1.390064e-10,2.626244e-10,4.101872e-09,4.101872e-11
1.226065e+01,8.371356e-10,1.419647e-08,1.419647e-10,2.676530e-10,4.194510e-09,4.194510e-11
1.226279e+01,8.537516e-10,1.453777e-08,1.453777e-10,2.742078e-10,4.310681e-09,4.310681e-11
1.226493e+01,8.693677e-10,1.490765e-08,1.490765e-10,2.780775e-10,4.417619e-09,4.417619e-11
1.226707e+01,8.816630e-10,1.528728e-08,1.528728e-10,2.802767e-10,4.527372e-09,4.527372e-11
1.226920e+01,8.921727e-10,1.566195e-08,1.566195e-10,2.843498e-10,4.644467e-09,4.644467e-11
1.227134e+01,9.019076e-10,1.603458e-08,1.603458e-10,2.895283e-10,4.769292e-09,4.769292e-11
1.227348e+01,9.108806e-10,1.641698e-08,1.641698e-10,2.926020e-10,4.887007e-09,4.887007e-11
1.227561e+01,9.203076e-10,1.681155e-08,1.681155e-10,2.943257e-10,5.000741e-09,5.000741e-11
1.227775e+01,9.313674e-10,1.721262e-08,1.721262e-10,2.980792e-10,5.124096e-09,5.124096e-11
1.227989e+01,9.424601e-10,1.760176e-08,1.760176e-10,3.036967e-10,5.250240e-09,5.250240e-11
1.228202e+01,9.508028e-10,1.796502e-08,1.796502e-10,3.076750e-10,5.368710e-09,5.368710e-11
1.228416e+01,9.566042e-10,1.829770e-08,1.829770e-10,3.090888e-10,5.470105e-09,5.470105e-11
1.228630e+01,9.628350e-10,1.860165e-08,1.860165e-10,3.108286e-10,5.566258e-09,5.566258e-11
1.228843e+01,9.704921e-10,1.887654e-08,1.887654e-10,3.142638e-10,5.656538e-09,5.656538e-11
1.229057e+01,9.772807e-10,1.911229e-08,1.911229e-10,3.172683e-10,5.735266e-09,5.735266e-11
1.229271e+01,9.815439e-10,1.929662e-08,1.929662e-10,3.185477e-10,5.795179e-09,5.795179e-11
1.229484e+01,9.837768e-10,1.942476e-08,1.942476e-10,3.192548e-10,5.838312e-09,5.838312e-11
1.229698e+01,9.836473e-10,1.948974e-08,1.948974e-10,3.196567e-10,5.861520e-09,5.861520e-11
1.229912e+01,9.796941e-10,1.948715e-08,1.948715e-10,3.184229e-10,5.861049e-09,5.861049e-11
1.230125e+01,9.724740e-10,1.942286e-08,1.942286e-10,3.157078e-10,5.838882e-09,5.838882e-11
1.230339e+01,9.639826e-10,1.930242e-08,1.930242e-10,3.132661e-10,5.800461e-09,5.800461e-11
1.230553e+01,9.542777e-10,1.913143e-08,1.913143e-10,3.108984e-10,5.747850e-09,5.747850e-11
1.230766e+01,9.423441e-10,1.891355e-08,1.891355e-10,3.067004e-10,5.673909e-09,5.673909e-11
1.230980e+01,9.295411e-10,1.865241e-08,1.865241e-10,3.015013e-10,5.585205e-09,5.585205e-11
1.231194e+01,9.180280e-10,1.834863e-08,1.834863e-10,2.981227e-10,5.487105e-09,5.487105e-11
1.231407e+01,9.061304e-10,1.800662e-08,1.800662e-10,2.956709e-10,5.387099e-09,5.387099e-11
1.231621e+01,8.900684e-10,1.763074e-08,1.763074e-10,2.900928e-10,5.265670e-09,5.265670e-11
1.231835e+01,8.710816e-10,1.722870e-08,1.722870e-10,2.816086e-10,5.125880e-09,5.125880e-11
1.232048e+01,8.555684e-10,1.681252e-08,1.681252e-10,2.758990e-10,4.994468e-09,4.994468e-11
1.232262e+01,8.450048e-10,1.638772e-08,1.638772e-10,2.746730e-10,4.880473e-09,4.880473e-11
1.232476e+01,8.319101e-10,1.595585e-08,1.595585e-10,2.714498e-10,4.771419e-09,4.771419e-11
1.232689e+01,8.111723e-10,1.550407e-08,1.550407e-10,2.621990e-10,4.610100e-09,4.610100e-11
1.232903e+01,7.889201e-10,1.505972e-08,1.505972e-10,2.531086e-10,4.477062e-09,4.477062e-11
1.233117e+01,7.732060e-10,1.463726e-08,1.463726e-10,2.506210e-10,4.374972e-09,4.374972e-11
1.233330e+01,7.616957e-10,1.425221e-08,1.425221e-10,2.503453e-10,4.333645e-09,4.333645e-11
1.233544e+01,7.473681e-10,1.387921e-08,1.387921e-10,2.446351e-10,4.216076e-09,4.216076e-11
1.233758e+01,7.315141e-10,1.353135e-08,1.353135e-10,2.362868e-10,4.098433e-09,4.098433e-11
1.233971e+01,7.212949e-10,1.322448e-08,1.322448e-10,2.341724e-10,4.039727e-09,4.039727e-11
1.234185e+01,7.167948e-10,1.296711e-08,1.296711e-10,2.374452e-10,4.060656e-09,4.060656e-11
1.234399e+01,7.103062e-10,1.273535e-08,1.273535e-10,2.361163e-10,4.046314e-09,4.046314e-11
1.234612e+01,6.994245e-10,1.251520e-08,1.251520e-10,2.280575e-10,3.929002e-09,3.929002e-11
1.234826e+01,6.909634e-10,1.233768e-08,1.233768e-10,2.229491e-10,3.892878e-09,3.892878e-11
1.235040e+01,6.885908e-10,1.219391e-08,1.219391e-10,2.258352e-10,3.916344e-09,3.916344e-11
1.235253e+01,6.861884e-10,1.208521e-08,1.208521e-10,2.283985e-10,3.992356e-09,3.992356e-11
1.235467e+01,6.793295e-10,1.197000e-08,1.197000e-10,2.235108e-10,3.913219e-09,3.913219e-11
1.235681e+01,6.741508e-10,1.189866e-08,1.189866e-10,2.179712e-10,3.878142e-09,3.878142e-11
1.235895e+01,6.763116e-10,1.187121e-08,1.187121e-10,2.204803e-10,3.909405e-09,3.909405e-11
1.236108e+01,6.798078e-10,1.187720e-08,1.187720e-10,2.261489e-10,4.023217e-09,4.023217e-11
1.236322e+01,6.768729e-10,1.186252e-08,1.186252e-10,2.250981e-10,4.040453e-09,4.040453e-11
1.236536e+01,6.723067e-10,1.186083e-08,1.186083e-10,2.197508e-10,4.016462e-09,4.016462e-11
1.236749e+01,6.765107e-10,1.190699e-08,1.190699e-10,2.206573e-10,4.070648e-09,4.070648e-11
1.236963e+01,6.881506e-10,1.199346e-08,1.199346e-10,2.282886e-10,4.180973e-09,4.180973e-11
1.237177e+01,6.958664e-10,1.207752e-08,1.207752e-10,2.323750e-10,4.277508e-09,4.277508e-11
1.237390e+01,6.963016e-10,1.213011e-08,1.213011e-10,2.296962e-10,4.284130e-09,4.284130e-11
1.237604e+01,6.984939e-10,1.220137e-08,1.220137e-10,2.291385e-10,4.344783e-09,4.344783e-11
1.237818e+01,7.077402e-10,1.229226e-08,1.229226e-10,2.357234e-10,4.433750e-09,4.433750e-11
1.238031e+01,7.168001e-10,1.239407e-08,1.239407e-10,2.421534e-10,4.545222e-09,4.545222e-11
1.238245e+01,7.188464e-10,1.246082e-08,1.246082e-10,2.420148e-10,4.575904e-09,4.575904e-11
1.238459e+01,7.186770e-10,1.252859e-08,1.252859e-10,2.406832e-10,4.623690e-09,4.623690e-11
1.238672e+01,7.231637e-10,1.260129e-08,1.260129e-10,2.450596e-10,4.690227e-09,4.690227e-11
1.238886e+01,7.289783e-10,1.268118e-08,1.268118e-10,2.510955e-10,4.779885e-09,4.779885e-11
1.239100e+01,7.292152e-10,1.273582e-08,1.273582e-10,2.514521e-10,4.814837e-09,4.814837e-11
1.239313e+01,7.259482e-10,1.278056e-08,1.278056e-10,2.487073e-10,4.837590e-09,4.837590e-11
1.239527e+01,7.265681e-10,1.282828e-08,1.282828e-10,2.504177e-10,4.877531e-09,4.877531e-11
1.239741e+01,7.312839e-10,1.288108e-08,1.288108e-10,2.558247e-10,4.935488e-09,4.935488e-11
1.239954e+01,7.337063e-10,1.292760e-08,1.292760e-10,2.577870e-10,4.966455e-09,4.966455e-11
1.240168e+01,7.324813e-10,1.295877e-08,1.295877e-10,2.556469e-10,4.965232e-09,4.965232e-11
1.240382e+01,7.328448e-10,1.299030e-08,1.299030e-10,2.558722e-10,4.977763e-09,4.977763e-11
1.240595e+01,7.362287e-10,1.301574e-08,1.301574e-10,2.598895e-10,4.998842e-09,4.998842e-11
1.240809e+01,7.374245e-10,1.303520e-08,1.303520e-10,2.615715e-10,5.011090e-09,5.011090e-11
1.241023e+01,7.345924e-10,1.304259e-08,1.304259e-10,2.586525e-10,4.980525e-09,4.980525e-11
1.241236e+01,7.334530e-10,1.305962e-08,1.305962e-10,2.568718e-10,4.962951e-09,4.962951e-11
1.241450e+01,7.375751e-10,1.308258e-08,1.308258e-10,2.595755e-10,4.949389e-09,4.949389e-11
1.241664e+01,7.422211e-10,1.310687e-08,1.310687e-10,2.617850e-10,4.940686e-09,4.940686e-11
1.241877e+01,7.423869e-10,1.311637e-08,1.311637e-10,2.591587e-10,4.888250e-09,4.888250e-11
1.242091e+01,7.408970e-10,1.312519e-08,1.312519e-10,2.556149e-10,4.838365e-09,4.838365e-11
1.242305e+01,7.432062e-10,1.314585e-08,1.314585e-10,2.561096e-10,4.796419e-09,4.796419e-11
1.242518e+01,7.489570e-10,1.318679e-08,1.318679e-10,2.581215e-10,4.766890e-09,4.766890e-11
1.242732e+01,7.541158e-10,1.324679e-08,1.324679e-10,2.568493e-10,4.714317e-09,4.714317e-11
1.242946e+01,7.580869e-10,1.332497e-08,1.332497e-10,2.537772e-10,4.657782e-09,4.657782e-11
1.243159e+01,7.634177e-10,1.342028e-08,1.342028e-10,2.535077e-10,4.616779e-09,4.616779e-11
1.243373e+01,7.702048e-10,1.353904e-08,1.353904e-10,2.554384e-10,4.589187e-09,4.589187e-11
1.243587e+01,7.765095e-10,1.369112e-08,1.369112e-10,2.553864e-10,4.560132e-09,4.560132e-11
1.243800e+01,7.831220e-10,1.388698e-08,1.388698e-10,2.535116e-10,4.530341e-09,4.530341e-11
1.244014e+01,7.924123e-10,1.413244e-08,1.413244e-10,2.537315e-10,4.526064e-09,4.526064e-11
1.244228e+01,8.031699e-10,1.442060e-08,1.442060e-10,2.563062e-10,4.544063e-09,4.544063e-11
1.244442e+01,8.117405e-10,1.474082e-08,1.474082e-10,2.575857e-10,4.573759e-09,4.573759e-11
1.244655e+01,8.182410e-10,1.508985e-08,1.508985e-10,2.568389e-10,4.609057e-09,4.609057e-11
1.244869e+01,8.262762e-10,1.546856e-08,1.546856e-10,2.572341e-10,4.664114e-09,4.664114e-11
1.245083e+01,8.365571e-10,1.587230e-08,1.587230e-10,2.596859e-10,4.739305e-09,4.739305e-11
1.245296e+01,8.459723e-10,1.628974e-08,1.628974e-10,2.614103e-10,4.823319e-09,4.823319e-11
1.245510e+01,8.534205e-10,1.670940e-08,1.670940e-10,2.616320e-10,4.910152e-09,4.910152e-11
1.245724e+01,8.614685e-10,1.712390e-08,1.712390e-10,2.630770e-10,5.006691e-09,5.006691e-11
1.245937e+01,8.708423e-10,1.752548e-08,1.752548e-10,2.662849e-10,5.112114e-09,5.112114e-11
1.246151e+01,8.786035e-10,1.790546e-08,1.790546e-10,2.682029e-10,5.212228e-09,5.212228e-11
1.246365e+01,8.836863e-10,1.825592e-08,1.825592e-10,2.681376e-10,5.301878e-09,5.301878e-11
1.246578e+01,8.893284e-10,1.857421e-08,1.857421e-10,2.695058e-10,5.390320e-09,5.390320e-11
1.246792e+01,8.973237e-10,1.885289e-08,1.885289e-10,2.733997e-10,5.476156e-09,5.476156e-11
1.247006e+01,9.044900e-10,1.908250e-08,1.908250e-10,2.759546e-10,5.546595e-09,5.546595e-11
1.247219e+01,9.081402e-10,1.925010e-08,1.925010e-10,2.751978e-10,5.582696e-09,5.582696e-11
1.247433e+01,9.105254e-10,1.935537e-08,1.935537e-10,2.749278e-10,5.609066e-09,5.609066e-11
1.247647e+01,9.141795e-10,1.939686e-08,1.939686e-10,2.778904e-10,5.622830e-09,5.622830e-11
1.247860e+01,9.167675e-10,1.937662e-08,1.937662e-10,2.803672e-10,5.628169e-09,5.628169e-11
1.248074e+01,9.150311e-10,1.928702e-08,1.928702e-10,2.784969e-10,5.587536e-09,5.587536e-11
1.248288e+01,9.105428e-10,1.912846e-08,1.912846e-10,2.754229e-10,5.534223e-09,5.534223e-11
1.248501e+01,9.065142e-10,1.889823e-08,1.889823e-10,2.760193e-10,5.472435e-09,5.472435e-11
1.248715e+01,9.016122e-10,1.860087e-08,1.860087e-10,2.780900e-10,5.411775e-09,5.411775e-11
1.248929e+01,8.927774e-10,1.824405e-08,1.824405e-10,2.761724e-10,5.315621e-09,5.315621e-11
1.249142e+01,8.823924e-10,1.784819e-08,1.784819e-10,2.716946e-10,5.199432e-09,5.199432e-11
1.249356e+01,8.758029e-10,1.743524e-08,1.743524e-10,2.710652e-10,5.100458e-09,5.100458e-11
1.249570e+01,8.724612e-10,1.701556e-08,1.701556e-10,2.745159e-10,5.018530e-09,5.018530e-11
1.249783e+01,8.663673e-10,1.658827e-08,1.658827e-10,2.753416e-10,4.934808e-09,4.934808e-11
1.249997e+01,8.556841e-10,1.614965e-08,1.614965e-10,2.711352e-10,4.816574e-09,4.816574e-11
1.250211e+01,8.451387e-10,1.571656e-08,1.571656e-10,2.674089e-10,4.717188e-09,4.717188e-11
1.250424e+01,8.375448e-10,1.530602e-08,1.530602e-10,2.677109e-10,4.633129e-09,4.633129e-11
1.250638e+01,8.297032e-10,1.493533e-08,1.493533e-10,2.679485e-10,4.570699e-09,4.570699e-11
1.250852e+01,8.191963e-10,1.460492e-08,1.460492e-10,2.642182e-10,4.488507e-09,4.488507e-11
1.251065e+01,8.092948e-10,1.432127e-08,1.432127e-10,2.597343e-10,4.421418e-09,4.421418e-11
1.251279e+01,8.027567e-10,1.407132e-08,1.407132e-10,2.587420e-10,4.369834e-09,4.369834e-11
1.251493e+01,7.958446e-10,1.384179e-08,1.384179e-10,2.587470e-10,4.330446e-09,4.330446e-11
1.251706e+01,7.842207e-10,1.362323e-08,1.362323e-10,2.551232e-10,4.275557e-09,4.275557e-11
1.251920e+01,7.709332e-10,1.343435e-08,1.343435e-10,2.495247e-10,4.222490e-09,4.222490e-11
1.252134e+01,7.624976e-10,1.329152e-08,1.329152e-10,2.470099e-10,4.191105e-09,4.191105e-11
1.252347e+01,7.594623e-10,1.319975e-08,1.319975e-10,2.474502e-10,4.180742e-09,4.180742e-11
1.252561e+01,7.571181e-10,1.314545e-08,1.314545e-10,2.465650e-10,4.171744e-09,4.171744e-11
1.252775e+01,7.535119e-10,1.310823e-08,1.310823e-10,2.437799e-10,4.158568e-09,4.158568e-11
1.252988e+01,7.505807e-10,1.306903e-08,1.306903e-10,2.423643e-10,4.151827e-09,4.151827e-11
1.253202e+01,7.488210e-10,1.302929e-08,1.302929e-10,2.426342e-10,4.153170e-09,4.153170e-11
1.253416e+01,7.467867e-10,1.300660e-08,1.300660e-10,2.416905e-10,4.153797e-09,4.153797e-11
1.253630e+01,7.458641e-10,1.300832e-08,1.300832e-10,2.398699e-10,4.153780e-09,4.153780e-11
1.253843e+01,7.494618e-10,1.303625e-08,1.303625e-10,2.408589e-10,4.169123e-09,4.169123e-11
1.254057e+01,7.562224e-10,1.307372e-08,1.307372e-10,2.446091e-10,4.197492e-09,4.197492e-11
1.254271e+01,7.597263e-10,1.309659e-08,1.309659e-10,2.462628e-10,4.218131e-09,4.218131e-11
1.254484e+01,7.574789e-10,1.309465e-08,1.309465e-10,2.440746e-10,4.214483e-09,4.214483e-11
1.254698e+01,7.550479e-10,1.309474e-08,1.309474e-10,2.425643e-10,4.219000e-09,4.219000e-11
1.254912e+01,7.575476e-10,1.311134e-08,1.311134e-10,2.446233e-10,4.234472e-09,4.234472e-11
1.255125e+01,7.623619e-10,1.314273e-08,1.314273e-10,2.465144e-10,4.256585e-09,4.256585e-11
1.255339e+01,7.646645e-10,1.316966e-08,1.316966e-10,2.448031e-10,4.246823e-09,4.246823e-11
1.255553e+01,7.650547e-10,1.319010e-08,1.319010e-10,2.425614e-10,4.243071e-09,4.243071e-11
1.255766e+01,7.664365e-10,1.319867e-08,1.319867e-10,2.435912e-10,4.241974e-09,4.241974e-11
1.255980e+01,7.672555e-10,1.319579e-08,1.319579e-10,2.451168e-10,4.250476e-09,4.250476e-11
1.256194e+01,7.639684e-10,1.317783e-08,1.317783e-10,2.424670e-10,4.222041e-09,4.222041e-11
1.256407e+01,7.578030e-10,1.314890e-08,1.314890e-10,2.376383e-10,4.184701e-09,4.184701e-11
1.256621e+01,7.532080e-10,1.310982e-08,1.310982e-10,2.361990e-10,4.159377e-09,4.159377e-11
1.256835e+01,7.504254e-10,1.306434e-08,1.306434e-10,2.377192e-10,4.148274e-09,4.148274e-11
1.257048e+01,7.452775e-10,1.301005e-08,1.301005e-10,2.365555e-10,4.122029e-09,4.122029e-11
1.257262e+01,7.366811e-10,1.294326e-08,1.294326e-10,2.315621e-10,4.064161e-09,4.064161e-11
1.257476e+01,7.284798e-10,1.287316e-08,1.287316e-10,2.277945e-10,4.021734e-09,4.021734e-11
1.257689e+01,7.227529e-10,1.280310e-08,1.280310e-10,2.275872e-10,3.988751e-09,3.988751e-11
1.257903e+01,7.171801e-10,1.273598e-08,1.273598e-10,2.269212e-10,3.963384e-09,3.963384e-11
1.258117e+01,7.108955e-10,1.266612e-08,1.266612e-10,2.231794e-10,3.906282e-09,3.906282e-11
1.258330e+01,7.068402e-10,1.260223e-08,1.260223e-10,2.198719e-10,3.860201e-09,3.860201e-11
1.258544e+01,7.056232e-10,1.253694e-08,1.253694e-10,2.200341e-10,3.824222e-09,3.824222e-11
1.258758e+01,7.027698e-10,1.246334e-08,1.246334e-10,2.206402e-10,3.799954e-09,3.799954e-11
1.258971e+01,6.955611e-10,1.237541e-08,1.237541e-10,2.179267e-10,3.754939e-09,3.754939e-11
1.259185e+01,6.883510e-10,1.228596e-08,1.228596e-10,2.140831e-10,3.708554e-09,3.708554e-11
1.259399e+01,6.865413e-10,1.220154e-08,1.220154e-10,2.135450e-10,3.676026e-09,3.676026e-11
1.259612e+01,6.880380e-10,1.212748e-08,1.212748e-10,2.153590e-10,3.656557e-09,3.656557e-11
1.259826e+01,6.862139e-10,1.205020e-08,1.205020e-10,2.149609e-10,3.631715e-09,3.631715e-11
1.260040e+01,6.803521e-10,1.196889e-08,1.196889e-10,2.120898e-10,3.600242e-09,3.600242e-11
1.260253e+01,6.768511e-10,1.191109e-08,1.191109e-10,2.109236e-10,3.584072e-09,3.584072e-11
1.260467e+01,6.793704e-10,1.189016e-08,1.189016e-10,2.126720e-10,3.583311e-09,3.583311e-11
1.260681e+01,6.843589e-10,1.190992e-08,1.190992e-10,2.139911e-10,3.588305e-09,3.588305e-11
1.260894e+01,6.877788e-10,1.196031e-08,1.196031e-10,2.133798e-10,3.589031e-09,3.589031e-11
1.261108e+01,6.903013e-10,1.202420e-08,1.202420e-10,2.135619e-10,3.602743e-09,3.602743e-11
1.261322e+01,6.939828e-10,1.209890e-08,1.209890e-10,2.160803e-10,3.628815e-09,3.628815e-11
1.261535e+01,6.987475e-10,1.220722e-08,1.220722e-10,2.185925e-10,3.664425e-09,3.664425e-11
1.261749e+01,7.041807e-10,1.234660e-08,1.234660e-10,2.194800e-10,3.692239e-09,3.692239e-11
1.261963e+01,7.110293e-10,1.251797e-08,1.251797e-10,2.207916e-10,3.731309e-09,3.731309e-11
1.262177e+01,7.189563e-10,1.269942e-08,1.269942e-10,2.242830e-10,3.780432e-09,3.780432e-11
1.262390e+01,7.251672e-10,1.286688e-08,1.286688e-10,2.278461e-10,3.838227e-09,3.838227e-11
1.262604e+01,7.280322e-10,1.303468e-08,1.303468e-10,2.288775e-10,3.884718e-09,3.884718e-11
1.262818e+01,7.310211e-10,1.322860e-08,1.322860e-10,2.290154e-10,3.935454e-09,3.935454e-11
1.263031e+01,7.393051e-10,1.345367e-08,1.345367e-10,2.317967e-10,3.998843e-09,3.998843e-11
1.263245e+01,7.524340e-10,1.370269e-08,1.370269e-10,2.367793e-10,4.076411e-09,4.076411e-11
1.263459e+01,7.645259e-10,1.395138e-08,1.395138e-10,2.401868e-10,4.150631e-09,4.150631e-11
1.263672e+01,7.724990e-10,1.418001e-08,1.418001e-10,2.411196e-10,4.213960e-09,4.213960e-11
1.263886e+01,7.796711e-10,1.440643e-08,1.440643e-10,2.428317e-10,4.287838e-09,4.287838e-11
1.264100e+01,7.899383e-10,1.463736e-08,1.463736e-10,2.472821e-10,4.370158e-09,4.370158e-11
1.264313e+01,8.023323e-10,1.486402e-08,1.486402e-10,2.522706e-10,4.458557e-09,4.458557e-11
1.264527e+01,8.129363e-10,1.507226e-08,1.507226e-10,2.552492e-10,4.533272e-09,4.533272e-11
1.264741e+01,8.197174e-10,1.525053e-08,1.525053e-10,2.569480e-10,4.605275e-09,4.605275e-11
1.264954e+01,8.237046e-10,1.539752e-08,1.539752e-10,2.593981e-10,4.678411e-09,4.678411e-11
1.265168e+01,8.263733e-10,1.552049e-08,1.552049e-10,2.623633e-10,4.751361e-09,4.751361e-11
1.265382e+01,8.276468e-10,1.562401e-08,1.562401e-10,2.637828e-10,4.816475e-09,4.816475e-11
1.265595e+01,8.269666e-10,1.570789e-08,1.570789e-10,2.630373e-10,4.866036e-09,4.866036e-11
1.265809e+01,8.250053e-10,1.577301e-08,1.577301e-10,2.619453e-10,4.911851e-09,4.911851e-11
1.266023e+01,8.231576e-10,1.581948e-08,1.581948e-10,2.621678e-10,4.953594e-09,4.953594e-11
1.266236e+01,8.219875e-10,1.584845e-08,1.584845e-10,2.630471e-10,4.991718e-09,4.991718e-11
1.266450e+01,8.208540e-10,1.585982e-08,1.585982e-10,2.628848e-10,5.017605e-09,5.017605e-11
1.266664e+01,8.188043e-10,1.585343e-08,1.585343e-10,2.614675e-10,5.029404e-09,5.029404e-11
1.266877e+01,8.157384e-10,1.583015e-08,1.583015e-10,2.603848e-10,5.038186e-09,5.038186e-11
1.267091e+01,8.124854e-10,1.578946e-08,1.578946e-10,2.608409e-10,5.044246e-09,5.044246e-11
1.267305e+01,8.092237e-10,1.572984e-08,1.572984e-10,2.617271e-10,5.049208e-09,5.049208e-11
1.267518e+01,8.046392e-10,1.564698e-08,1.564698e-10,2.608599e-10,5.040522e-09,5.040522e-11
1.267732e+01,7.976034e-10,1.553927e-08,1.553927e-10,2.580961e-10,5.018432e-09,5.018432e-11
1.267946e+01,7.886224e-10,1.540759e-08,1.540759e-10,2.556255e-10,4.992537e-09,4.992537e-11
1.268159e+01,7.788500e-10,1.525492e-08,1.525492e-10,2.545954e-10,4.960835e-09,4.960835e-11
1.268373e+01,7.687829e-10,1.508760e-08,1.508760e-10,2.531694e-10,4.922683e-09,4.922683e-11
1.268587e+01,7.586903e-10,1.490737e-08,1.490737e-10,2.494759e-10,4.859822e-09,4.859822e-11
1.268800e+01,7.492699e-10,1.471999e-08,1.471999e-10,2.450025e-10,4.788133e-09,4.788133e-11
1.269014e+01,7.408058e-10,1.452236e-08,1.452236e-10,2.425604e-10,4.716169e-09,4.716169e-11
1.269228e+01,7.322372e-10,1.431183e-08,1.431183e-10,2.416984e-10,4.649078e-09,4.649078e-11
1.269441e+01,7.226738e-10,1.409756e-08,1.409756e-10,2.392495e-10,4.578277e-09,4.578277e-11
1.269655e+01,7.141901e-10,1.388873e-08,1.388873e-10,2.347239e-10,4.495785e-09,4.495785e-11
1.269869e+01,7.103493e-10,1.369662e-08,1.369662e-10,2.317019e-10,4.432097e-09,4.432097e-11
1.270082e+01,7.105019e-10,1.352192e-08,1.352192e-10,2.321753e-10,4.387510e-09,4.387510e-11
1.270296e+01,7.090594e-10,1.334316e-08,1.334316e-10,2.328910e-10,4.365396e-09,4.365396e-11
1.270510e+01,7.029603e-10,1.314816e-08,1.314816e-10,2.303308e-10,4.335386e-09,4.335386e-11
1.270723e+01,6.965666e-10,1.296383e-08,1.296383e-10,2.265165e-10,4.316544e-09,4.316544e-11
1.270937e+01,6.957907e-10,1.280209e-08,1.280209e-10,2.259391e-10,4.319555e-09,4.319555e-11
1.271151e+01,6.998279e-10,1.266756e-08,1.266756e-10,2.283963e-10,4.339121e-09,4.339121e-11
1.271365e+01,7.023282e-10,1.254597e-08,1.254597e-10,2.292098e-10,4.351724e-09,4.351724e-11
1.271578e+01,7.000107e-10,1.240516e-08,1.240516e-10,2.264808e-10,4.330631e-09,4.330631e-11
1.271792e+01,6.966781e-10,1.225119e-08,1.225119e-10,2.238054e-10,4.298075e-09,4.298075e-11
1.272006e+01,6.974047e-10,1.210977e-08,1.210977e-10,2.242818e-10,4.249017e-09,4.249017e-11
1.272219e+01,7.020069e-10,1.199458e-08,1.199458e-10,2.258570e-10,4.187040e-09,4.187040e-11
1.272433e+01,7.070913e-10,1.190572e-08,1.190572e-10,2.253605e-10,4.089335e-09,4.089335e-11
1.272647e+01,7.117081e-10,1.184546e-08,1.184546e-10,2.238911e-10,3.983734e-09,3.983734e-11
1.272860e+01,7.169945e-10,1.180792e-08,1.180792e-10,2.245484e-10,3.891901e-09,3.891901e-11
1.273074e+01,7.222590e-10,1.180680e-08,1.180680e-10,2.269002e-10,3.825864e-09,3.825864e-11
1.273288e+01,7.257636e-10,1.184586e-08,1.184586e-10,2.278373e-10,3.778329e-09,3.778329e-11
1.273501e+01,7.283712e-10,1.192860e-08,1.192860e-10,2.270834e-10,3.747446e-09,3.747446e-11
1.273715e+01,7.327868e-10,1.206180e-08,1.206180e-10,2.277994e-10,3.760317e-09,3.760317e-11
1.273929e+01,7.393388e-10,1.223616e-08,1.223616e-10,2.313731e-10,3.811605e-09,3.811605e-11
1.274142e+01,7.455625e-10,1.245083e-08,1.245083e-10,2.352674e-10,3.892080e-09,3.892080e-11
1.274356e+01,7.506564e-10,1.269410e-08,1.269410e-10,2.374707e-10,3.972767e-09,3.972767e-11
1.274570e+01,7.573767e-10,1.295515e-08,1.295515e-10,2.398181e-10,4.062619e-09,4.062619e-11
1.274783e+01,7.673809e-10,1.321657e-08,1.321657e-10,2.443879e-10,4.156026e-09,4.156026e-11
1.274997e+01,7.775138e-10,1.347127e-08,1.347127e-10,2.493808e-10,4.249150e-09,4.249150e-11
1.275211e+01,7.843987e-10,1.371233e-08,1.371233e-10,2.519422e-10,4.324639e-09,4.324639e-11
1.275424e+01,7.903432e-10,1.394705e-08,1.394705e-10,2.531347e-10,4.390790e-09,4.390790e-11
1.275638e+01,7.999769e-10,1.417877e-08,1.417877e-10,2.562849e-10,4.464234e-09,4.464234e-11
1.275852e+01,8.122876e-10,1.439313e-08,1.439313e-10,2.612316e-10,4.543086e-09,4.543086e-11
1.276065e+01,8.211406e-10,1.457159e-08,1.457159e-10,2.642254e-10,4.615394e-09,4.615394e-11
1.276279e+01,8.241430e-10,1.470417e-08,1.470417e-10,2.640238e-10,4.668561e-09,4.668561e-11
1.276493e+01,8.266198e-10,1.481298e-08,1.481298e-10,2.644073e-10,4.727202e-09,4.727202e-11
1.276706e+01,8.344001e-10,1.490906e-08,1.490906e-10,2.686215e-10,4.792427e-09,4.792427e-11
1.276920e+01,8.454865e-10,1.499576e-08,1.499576e-10,2.742398e-10,4.862204e-09,4.862204e-11
1.277134e+01,8.530884e-10,1.505815e-08,1.505815e-10,2.769741e-10,4.908429e-09,4.908429e-11
1.277347e+01,8.552781e-10,1.508484e-08,1.508484e-10,2.774343e-10,4.942499e-09,4.942499e-11
1.277561e+01,8.565131e-10,1.508123e-08,1.508123e-10,2.796855e-10,4.976663e-09,4.976663e-11
1.277775e+01,8.599571e-10,1.506322e-08,1.506322e-10,2.841771e-10,5.014647e-09,5.014647e-11
1.277988e+01,8.637029e-10,1.504952e-08,1.504952e-10,2.870630e-10,5.045432e-09,5.045432e-11
1.278202e+01,8.658524e-10,1.504461e-08,1.504461e-10,2.869510e-10,5.054053e-09,5.054053e-11
1.278416e+01,8.683195e-10,1.505553e-08,1.505553e-10,2.875555e-10,5.073487e-09,5.073487e-11
1.278629e+01,8.732067e-10,1.507823e-08,1.507823e-10,2.916675e-10,5.102886e-09,5.102886e-11
1.278843e+01,8.785130e-10,1.511094e-08,1.511094e-10,2.961723e-10,5.143300e-09,5.143300e-11
1.279057e+01,8.807195e-10,1.514185e-08,1.514185e-10,2.966022e-10,5.155246e-09,5.155246e-11
1.279270e+01,8.806200e-10,1.518213e-08,1.518213e-10,2.944576e-10,5.157848e-09,5.157848e-11
1.279484e+01,8.824858e-10,1.524413e-08,1.524413e-10,2.952272e-10,5.174130e-09,5.174130e-11
1.279698e+01,8.873603e-10,1.532521e-08,1.532521e-10,2.997419e-10,5.208804e-09,5.208804e-11
1.279912e+01,8.916140e-10,1.542344e-08,1.542344e-10,3.029230e-10,5.244292e-09,5.244292e-11
1.280125e+01,8.932420e-10,1.552202e-08,1.552202e-10,3.021685e-10,5.248583e-09,5.248583e-11
1.280339e+01,8.946592e-10,1.560867e-08,1.560867e-10,3.013033e-10,5.252760e-09,5.252760e-11
1.280553e+01,8.971926e-10,1.567196e-08,1.567196e-10,3.036841e-10,5.254676e-09,5.254676e-11
1.280766e+01,8.978392e-10,1.571083e-08,1.571083e-10,3.064819e-10,5.266609e-09,5.266609e-11
1.280980e+01,8.943365e-10,1.572674e-08,1.572674e-10,3.054944e-10,5.251004e-09,5.251004e-11
1.281194e+01,8.899428e-10,1.573362e-08,1.573362e-10,3.022731e-10,5.221270e-09,5.221270e-11
1.281407e+01,8.894016e-10,1.573365e-08,1.573365e-10,3.017968e-10,5.195548e-09,5.195548e-11
1.281621e+01,8.913677e-10,1.571455e-08,1.571455e-10,3.042602e-10,5.175407e-09,5.175407e-11
1.281835e+01,8.891263e-10,1.565390e-08,1.565390e-10,3.043512e-10,5.148269e-09,5.148269e-11
1.282048e+01,8.798640e-10,1.553836e-08,1.553836e-10,2.996005e-10,5.086262e-09,5.086262e-11
1.282262e+01,8.691906e-10,1.539696e-08,1.539696e-10,2.945175e-10,5.026405e-09,5.026405e-11
1.282476e+01,8.637084e-10,1.525577e-08,1.525577e-10,2.937285e-10,4.971621e-09,4.971621e-11
1.282689e+01,8.627846e-10,1.512569e-08,1.512569e-10,2.952875e-10,4.936024e-09,4.936024e-11
1.282903e+01,8.610727e-10,1.499345e-08,1.499345e-10,2.945882e-10,4.890583e-09,4.890583e-11
1.283117e+01,8.558833e-10,1.483580e-08,1.483580e-10,2.914496e-10,4.837452e-09,4.837452e-11
1.283330e+01,8.486720e-10,1.464150e-08,1.464150e-10,2.891692e-10,4.785193e-09,4.785193e-11
1.283544e+01,8.416001e-10,1.443614e-08,1.443614e-10,2.887683e-10,4.740136e-09,4.740136e-11
1.283758e+01,8.356976e-10,1.425056e-08,1.425056e-10,2.881179e-10,4.712242e-09,4.712242e-11
1.283971e+01,8.315317e-10,1.409548e-08,1.409548e-10,2.861648e-10,4.689917e-09,4.689917e-11
1.284185e+01,8.293170e-10,1.396910e-08,1.396910e-10,2.847145e-10,4.688268e-09,4.688268e-11
1.284399e+01,8.278589e-10,1.385497e-08,1.385497e-10,2.851626e-10,4.697034e-09,4.697034e-11
1.284612e+01,8.251018e-10,1.374862e-08,1.374862e-10,2.860309e-10,4.718082e-09,4.718082e-11
1.284826e+01,8.209510e-10,1.366172e-08,1.366172e-10,2.855149e-10,4.746497e-09,4.746497e-11
1.285040e+01,8.182292e-10,1.361669e-08,1.361669e-10,2.845974e-10,4.788565e-09,4.788565e-11
1.285253e+01,8.191553e-10,1.362133e-08,1.362133e-10,2.854234e-10,4.847267e-09,4.847267e-11
1.285467e+01,8.223369e-10,1.367056e-08,1.367056e-10,2.878774e-10,4.912504e-09,4.912504e-11
1.285681e+01,8.251012e-10,1.375641e-08,1.375641e-10,2.899935e-10,4.981595e-09,4.981595e-11
1.285894e+01,8.268400e-10,1.386445e-08,1.386445e-10,2.907831e-10,5.047039e-09,5.047039e-11
1.286108e+01,8.284822e-10,1.398036e-08,1.398036e-10,2.907991e-10,5.107222e-09,5.107222e-11
1.286322e+01,8.302196e-10,1.409861e-08,1.409861e-10,2.906507e-10,5.157729e-09,5.157729e-11
1.286535e+01,8.314497e-10,1.422450e-08,1.422450e-10,2.903342e-10,5.197750e-09,5.197750e-11
1.286749e+01,8.324160e-10,1.436404e-08,1.436404e-10,2.896987e-10,5.232419e-09,5.232419e-11
1.286963e+01,8.343163e-10,1.451756e-08,1.451756e-10,2.888773e-10,5.264390e-09,5.264390e-11
1.287176e+01,8.375900e-10,1.467313e-08,1.467313e-10,2.881213e-10,5.293250e-09,5.293250e-11
1.287390e+01,8.407534e-10,1.481223e-08,1.481223e-10,2.873586e-10,5.313038e-09,5.313038e-11
1.287604e+01,8.421158e-10,1.492856e-08,1.492856e-10,2.863288e-10,5.321719e-09,5.321719e-11
1.287817e+01,8.423597e-10,1.503417e-08,1.503417e-10,2.850548e-10,5.325068e-09,5.325068e-11
1.288031e+01,8.440152e-10,1.514445e-08,1.514445e-10,2.839748e-10,5.327495e-09,5.327495e-11
1.288245e+01,8.485280e-10,1.526129e-08,1.526129e-10,2.836154e-10,5.329847e-09,5.329847e-11
1.288458e+01,8.542969e-10,1.537448e-08,1.537448e-10,2.839082e-10,5.327291e-09,5.327291e-11
1.288672e+01,8.581863e-10,1.546980e-08,1.546980e-10,2.839979e-10,5.316008e-09,5.316008e-11
1.288886e+01,8.589374e-10,1.553994e-08,1.553994e-10,2.830666e-10,5.294881e-09,5.294881e-11
1.289100e+01,8.584553e-10,1.559097e-08,1.559097e-10,2.814601e-10,5.265857e-09,5.265857e-11
1.289313e+01,8.591525e-10,1.563045e-08,1.563045e-10,2.803310e-10,5.232405e-09,5.232405e-11
1.289527e+01,8.606104e-10,1.565928e-08,1.565928e-10,2.798055e-10,5.193505e-09,5.193505e-11
1.289741e+01,8.607235e-10,1.567125e-08,1.567125e-10,2.788816e-10,5.147154e-09,5.147154e-11
1.289954e+01,8.591131e-10,1.566124e-08,1.566124e-10,2.773270e-10,5.093646e-09,5.093646e-11
1.290168e+01,8.574994e-10,1.563014e-08,1.563014e-10,2.760708e-10,5.036320e-09,5.036320e-11
1.290382e+01,8.569775e-10,1.558167e-08,1.558167e-10,2.754448e-10,4.975314e-09,4.975314e-11
1.290595e+01,8.563908e-10,1.551927e-08,1.551927e-10,2.744118e-10,4.908621e-09,4.908621e-11
1.290809e+01,8.542124e-10,1.544362e-08,1.544362e-10,2.722759e-10,4.836327e-09,4.836327e-11
1.291023e+01,8.505910e-10,1.535176e-08,1.535176e-10,2.699489e-10,4.763609e-09,4.763609e-11
1.291236e+01,8.465066e-10,1.524177e-08,1.524177e-10,2.683173e-10,4.692639e-09,4.692639e-11
1.291450e+01,8.418719e-10,1.511829e-08,1.511829e-10,2.665076e-10,4.621956e-09,4.621956e-11
1.291664e+01,8.363550e-10,1.498274e-08,1.498274e-10,2.635317e-10,4.546865e-09,4.546865e-11
1.291877e+01,8.313145e-10,1.483942e-08,1.483942e-10,2.605403e-10,4.473076e-09,4.473076e-11
1.292091e+01,8.281710e-10,1.469167e-08,1.469167e-10,2.592508e-10,4.405191e-09,4.405191e-11
1.292305e+01,8.257541e-10,1.453907e-08,1.453907e-10,2.588648e-10,4.344149e-09,4.344149e-11
1.292518e+01,8.219177e-10,1.438436e-08,1.438436e-10,2.571243e-10,4.281362e-09,4.281362e-11
1.292732e+01,8.172644e-10,1.423429e-08,1.423429e-10,2.543001e-10,4.219784e-09,4.219784e-11
1.292946e+01,8.144126e-10,1.409413e-08,1.409413e-10,2.528989e-10,4.166872e-09,4.166872e-11
1.293159e+01,8.136376e-10,1.396623e-08,1.396623e-10,2.532160e-10,4.124475e-09,4.124475e-11
1.293373e+01,8.121102e-10,1.385104e-08,1.385104e-10,2.526119e-10,4.085690e-09,4.085690e-11
1.293587e+01,8.080965e-10,1.374738e-08,1.374738e-10,2.499027e-10,4.043759e-09,4.043759e-11
1.293800e+01,8.036558e-10,1.365857e-08,1.365857e-10,2.475278e-10,4.013698e-09,4.013698e-11
1.294014e+01,8.014253e-10,1.358339e-08,1.358339e-10,2.476155e-10,3.995983e-09,3.995983e-11
1.294228e+01,8.005586e-10,1.352067e-08,1.352067e-10,2.484159e-10,3.991665e-09,3.991665e-11
1.294441e+01,7.984422e-10,1.346885e-08,1.346885e-10,2.473878e-10,3.984613e-09,3.984613e-11
1.294655e+01,7.951171e-10,1.343132e-08,1.343132e-10,2.456487e-10,3.989470e-09,3.989470e-11
1.294869e+01,7.929438e-10,1.341497e-08,1.341497e-10,2.460717e-10,4.013943e-09,4.013943e-11
1.295082e+01,7.926783e-10,1.342576e-08,1.342576e-10,2.484190e-10,4.059978e-09,4.059978e-11
1.295296e+01,7.929777e-10,1.346455e-08,1.346455e-10,2.498319e-10,4.114980e-09,4.114980e-11
1.295510e+01,7.934489e-10,1.353150e-08,1.353150e-10,2.497383e-10,4.176408e-09,4.176408e-11
1.295723e+01,7.955253e-10,1.362607e-08,1.362607e-10,2.507046e-10,4.258395e-09,4.258395e-11
1.295937e+01,8.001763e-10,1.374645e-08,1.374645e-10,2.539691e-10,4.358090e-09,4.358090e-11
1.296151e+01,8.070154e-10,1.389209e-08,1.389209e-10,2.576807e-10,4.469914e-09,4.469914e-11
1.296364e+01,8.157781e-10,1.406063e-08,1.406063e-10,2.603675e-10,4.581210e-09,4.581210e-11
1.296578e+01,8.265581e-10,1.424613e-08,1.424613e-10,2.630479e-10,4.698646e-09,4.698646e-11
1.296792e+01,8.381509e-10,1.443617e-08,1.443617e-10,2.667741e-10,4.820168e-09,4.820168e-11
1.297005e+01,8.480885e-10,1.461761e-08,1.461761e-10,2.704454e-10,4.940400e-09,4.940400e-11
1.297219e+01,8.553545e-10,1.478220e-08,1.478220e-10,2.726941e-10,5.051514e-09,5.051514e-11
1.297433e+01,8.611749e-10,1.492888e-08,1.492888e-10,2.740595e-10,5.153650e-09,5.153650e-11
1.297647e+01,8.664481e-10,1.505850e-08,1.505850e-10,2.756042e-10,5.247921e-09,5.247921e-11
1.297860e+01,8.705001e-10,1.517335e-08,1.517335e-10,2.771426e-10,5.331597e-09,5.331597e-11
1.298074e+01,8.732311e-10,1.527598e-08,1.527598e-10,2.783028e-10,5.401398e-09,5.401398e-11
1.298288e+01,8.762999e-10,1.536821e-08,1.536821e-10,2.796764e-10,5.456901e-09,5.456901e-11
1.298501e+01,8.805077e-10,1.544767e-08,1.544767e-10,2.814659e-10,5.497448e-09,5.497448e-11
1.298715e+01,8.841232e-10,1.550818e-08,1.550818e-10,2.824951e-10,5.519029e-09,5.519029e-11
1.298929e+01,8.855408e-10,1.554127e-08,1.554127e-10,2.822087e-10,5.519142e-09,5.519142e-11
1.299142e+01,8.858937e-10,1.554749e-08,1.554749e-10,2.821221e-10,5.502122e-09,5.502122e-11
1.299356e+01,8.868436e-10,1.553367e-08,1.553367e-10,2.831677e-10,5.471240e-09,5.471240e-11
1.299570e+01,8.871501e-10,1.550319e-08,1.550319e-10,2.834341e-10,5.425040e-09,5.425040e-11
1.299783e+01,8.844565e-10,1.545079e-08,1.545079e-10,2.812057e-10,5.356475e-09,5.356475e-11
1.299997e+01,8.791618e-10,1.537175e-08,1.537175e-10,2.783288e-10,5.277281e-09,5.277281e-11
1.300211e+01,8.734139e-10,1.526328e-08,1.526328e-10,2.774380e-10,5.192668e-09,5.192668e-11
1.300424e+01,8.672042e-10,1.513212e-08,1.513212e-10,2.773003e-10,5.108170e-09,5.108170e-11
1.300638e+01,8.588190e-10,1.499005e-08,1.499005e-10,2.746514e-10,5.010209e-09,5.010209e-11
1.300852e+01,8.486440e-10,1.484873e-08,1.484873e-10,2.698723e-10,4.906988e-09,4.906988e-11
1.301065e+01,8.388952e-10,1.471754e-08,1.471754e-10,2.665366e-10,4.814281e-09,4.814281e-11
1.301279e+01,8.298314e-10,1.459899e-08,1.459899e-10,2.653411e-10,4.735694e-09,4.735694e-11
1.301493e+01,8.195664e-10,1.449388e-08,1.449388e-10,2.629055e-10,4.664275e-09,4.664275e-11
1.301706e+01,8.083800e-10,1.440264e-08,1.440264e-10,2.577872e-10,4.583701e-09,4.583701e-11
1.301920e+01,7.999459e-10,1.433055e-08,1.433055e-10,2.534935e-10,4.519376e-09,4.519376e-11
1.302134e+01,7.962026e-10,1.427740e-08,1.427740e-10,2.528962e-10,4.470784e-09,4.470784e-11
1.302347e+01,7.938158e-10,1.424054e-08,1.424054e-10,2.533113e-10,4.440283e-09,4.440283e-11
1.302561e+01,7.885490e-10,1.420918e-08,1.420918e-10,2.507920e-10,4.399498e-09,4.399498e-11
1.302775e+01,7.811124e-10,1.417872e-08,1.417872e-10,2.464609e-10,4.360481e-09,4.360481e-11
1.302988e+01,7.751833e-10,1.414538e-08,1.414538e-10,2.442947e-10,4.332226e-09,4.332226e-11
1.303202e+01,7.713499e-10,1.410648e-08,1.410648e-10,2.445260e-10,4.314511e-09,4.314511e-11
1.303416e+01,7.669746e-10,1.405968e-08,1.405968e-10,2.437550e-10,4.295688e-09,4.295688e-11
1.303629e+01,7.610349e-10,1.400522e-08,1.400522e-10,2.408275e-10,4.267137e-09,4.267137e-11
1.303843e+01,7.553771e-10,1.394663e-08,1.394663e-10,2.382885e-10,4.245776e-09,4.245776e-11
1.304057e+01,7.514126e-10,1.388999e-08,1.388999e-10,2.377821e-10,4.231145e-09,4.231145e-11
1.304270e+01,7.488729e-10,1.384269e-08,1.384269e-10,2.378237e-10,4.224875e-09,4.224875e-11
1.304484e+01,7.479575e-10,1.380709e-08,1.380709e-10,2.370344e-10,4.216602e-09,4.216602e-11
1.304698e+01,7.498680e-10,1.378707e-08,1.378707e-10,2.364563e-10,4.215868e-09,4.215868e-11
1.304911e+01,7.543417e-10,1.378254e-08,1.378254e-10,2.371914e-10,4.224703e-09,4.224703e-11
1.305125e+01,7.590466e-10,1.379236e-08,1.379236e-10,2.382663e-10,4.241448e-09,4.241448e-11
1.305339e+01,7.627487e-10,1.381649e-08,1.381649e-10,2.385630e-10,4.261342e-09,4.261342e-11
1.305552e+01,7.670468e-10,1.385974e-08,1.385974e-10,2.387966e-10,4.285916e-09,4.285916e-11
1.305766e+01,7.738325e-10,1.392331e-08,1.392331e-10,2.400404e-10,4.316692e-09,4.316692e-11
1.305980e+01,7.826689e-10,1.400644e-08,1.400644e-10,2.419954e-10,4.350542e-09,4.350542e-11
1.306193e+01,7.917285e-10,1.410818e-08,1.410818e-10,2.439307e-10,4.385652e-09,4.385652e-11
1.306407e+01,7.996305e-10,1.422161e-08,1.422161e-10,2.457705e-10,4.421007e-09,4.421007e-11
1.306621e+01,8.054560e-10,1.433522e-08,1.433522e-10,2.472666e-10,4.454269e-09,4.454269e-11
1.306835e+01,8.088051e-10,1.444631e-08,1.444631e-10,2.477143e-10,4.483785e-09,4.483785e-11
1.307048e+01,8.109943e-10,1.456279e-08,1.456279e-10,2.474859e-10,4.512120e-09,4.512120e-11
1.307262e+01,8.150443e-10,1.469071e-08,1.469071e-10,2.483845e-10,4.544290e-09,4.544290e-11
1.307476e+01,8.227041e-10,1.482970e-08,1.482970e-10,2.512303e-10,4.581771e-09,4.581771e-11
1.307689e+01,8.319092e-10,1.496999e-08,1.496999e-10,2.543645e-10,4.619417e-09,4.619417e-11
1.307903e+01,8.388303e-10,1.508885e-08,1.508885e-10,2.560218e-10,4.649479e-09,4.649479e-11
1.308117e+01,8.420444e-10,1.517410e-08,1.517410e-10,2.568581e-10,4.674321e-09,4.674321e-11
1.308330e+01,8.432142e-10,1.524062e-08,1.524062e-10,2.582937e-10,4.698854e-09,4.698854e-11
1.308544e+01,8.443500e-10,1.530238e-08,1.530238e-10,2.598306e-10,4.722561e-09,4.722561e-11
1.308758e+01,8.462823e-10,1.536138e-08,1.536138e-10,2.603669e-10,4.737970e-09,4.737970e-11
1.308971e+01,8.484705e-10,1.541464e-08,1.541464e-10,2.605042e-10,4.748552e-09,4.748552e-11
1.309185e+01,8.484835e-10,1.544691e-08,1.544691e-10,2.609405e-10,4.752330e-09,4.752330e-11
1.309399e+01,8.437592e-10,1.544285e-08,1.544285e-10,2.604073e-10,4.743730e-09,4.743730e-11
1.309612e+01,8.355693e-10,1.541121e-08,1.541121e-10,2.578832e-10,4.717140e-09,4.717140e-11
1.309826e+01,8.289027e-10,1.537203e-08,1.537203e-10,2.551471e-10,4.684071e-09,4.684071e-11
1.310040e+01,8.266136e-10,1.533456e-08,1.533456e-10,2.543697e-10,4.653484e-09,4.653484e-11
1.310253e+01,8.260451e-10,1.529964e-08,1.529964e-10,2.546300e-10,4.628163e-09,4.628163e-11
1.310467e+01,8.232024e-10,1.525573e-08,1.525573e-10,2.536247e-10,4.600142e-09,4.600142e-11
1.310681e+01,8.180607e-10,1.519414e-08,1.519414e-10,2.516098e-10,4.571254e-09,4.571254e-11
1.310894e+01,8.133189e-10,1.511049e-08,1.511049e-10,2.505979e-10,4.543487e-09,4.543487e-11
1.311108e+01,8.093331e-10,1.501185e-08,1.501185e-10,2.503132e-10,4.519296e-09,4.519296e-11
1.311322e+01,8.041341e-10,1.490459e-08,1.490459e-10,2.486069e-10,4.489288e-09,4.489288e-11
1.311535e+01,7.984069e-10,1.479577e-08,1.479577e-10,2.461149e-10,4.457179e-09,4.457179e-11
1.311749e+01,7.957327e-10,1.468864e-08,1.468864e-10,2.461036e-10,4.431402e-09,4.431402e-11
1.311963e+01,7.966049e-10,1.458027e-08,1.458027e-10,2.486040e-10,4.412356e-09,4.412356e-11
1.312176e+01,7.970902e-10,1.446230e-08,1.446230e-10,2.496441e-10,4.384913e-09,4.384913e-11
1.312390e+01,7.953818e-10,1.433016e-08,1.433016e-10,2.480966e-10,4.339318e-09,4.339318e-11
1.312604e+01,7.946510e-10,1.420051e-08,1.420051e-10,2.479688e-10,4.305378e-09,4.305378e-11
1.312817e+01,7.969963e-10,1.408151e-08,1.408151e-10,2.512411e-10,4.286325e-09,4.286325e-11
1.313031e+01,7.994440e-10,1.398117e-08,1.398117e-10,2.538713e-10,4.283274e-09,4.283274e-11
1.313245e+01,7.991920e-10,1.389110e-08,1.389110e-10,2.527361e-10,4.254724e-09,4.254724e-11
1.313458e+01,7.987267e-10,1.381954e-08,1.381954e-10,2.515715e-10,4.243119e-09,4.243119e-11
1.313672e+01,8.014570e-10,1.376242e-08,1.376242e-10,2.548593e-10,4.246874e-09,4.246874e-11
1.313886e+01,8.053841e-10,1.372081e-08,1.372081e-10,2.597649e-10,4.276935e-09,4.276935e-11
1.314099e+01,8.066885e-10,1.368823e-08,1.368823e-10,2.606999e-10,4.270862e-09,4.270862e-11
1.314313e+01,8.074766e-10,1.367507e-08,1.367507e-10,2.593158e-10,4.253262e-09,4.253262e-11
1.314527e+01,8.127952e-10,1.369285e-08,1.369285e-10,2.620782e-10,4.263744e-09,4.263744e-11
1.314740e+01,8.206998e-10,1.372742e-08,1.372742e-10,2.686704e-10,4.303385e-09,4.303385e-11
1.314954e+01,8.234227e-10,1.375100e-08,1.375100e-10,2.715920e-10,4.335044e-09,4.335044e-11
1.315168e+01,8.195030e-10,1.375454e-08,1.375454e-10,2.686654e-10,4.315958e-09,4.315958e-11
1.315382e+01,8.167534e-10,1.377016e-08,1.377016e-10,2.670350e-10,4.331754e-09,4.331754e-11
1.315595e+01,8.204202e-10,1.380258e-08,1.380258e-10,2.713758e-10,4.374150e-09,4.374150e-11
1.315809e+01,8.254799e-10,1.384638e-08,1.384638e-10,2.762984e-10,4.444274e-09,4.444274e-11
1.316023e+01,8.248938e-10,1.385937e-08,1.385937e-10,2.756605e-10,4.453440e-09,4.453440e-11
1.316236e+01,8.201477e-10,1.383266e-08,1.383266e-10,2.727405e-10,4.461290e-09,4.461290e-11
1.316450e+01,8.178645e-10,1.378484e-08,1.378484e-10,2.742609e-10,4.484667e-09,4.484667e-11
1.316664e+01,8.192376e-10,1.374005e-08,1.374005e-10,2.789850e-10,4.528297e-09,4.528297e-11
1.316877e+01,8.195384e-10,1.368845e-08,1.368845e-10,2.801519e-10,4.538044e-09,4.538044e-11
1.317091e+01,8.166400e-10,1.361840e-08,1.361840e-10,2.768329e-10,4.507553e-09,4.507553e-11
1.317305e+01,8.129681e-10,1.351637e-08,1.351637e-10,2.746899e-10,4.485159e-09,4.485159e-11
1.317518e+01,8.090721e-10,1.337587e-08,1.337587e-10,2.756709e-10,4.461308e-09,4.461308e-11
1.317732e+01,8.025463e-10,1.321804e-08,1.321804e-10,2.751334e-10,4.432384e-09,4.432384e-11
1.317946e+01,7.941776e-10,1.305570e-08,1.305570e-10,2.707451e-10,4.362287e-09,4.362287e-11
1.318159e+01,7.883636e-10,1.290604e-08,1.290604e-10,2.667048e-10,4.298532e-09,4.298532e-11
1.318373e+01,7.859481e-10,1.276089e-08,1.276089e-10,2.663650e-10,4.239702e-09,4.239702e-11
1.318587e+01,7.821340e-10,1.261102e-08,1.261102e-10,2.668006e-10,4.190497e-09,4.190497e-11
1.318800e+01,7.735769e-10,1.245305e-08,1.245305e-10,2.642032e-10,4.124418e-09,4.124418e-11
1.319014e+01,7.630873e-10,1.230088e-08,1.230088e-10,2.598808e-10,4.055767e-09,4.055767e-11
1.319228e+01,7.546400e-10,1.215945e-08,1.215945e-10,2.570257e-10,3.995060e-09,3.995060e-11
1.319441e+01,7.474080e-10,1.203666e-08,1.203666e-10,2.552272e-10,3.944681e-09,3.944681e-11
1.319655e+01,7.383697e-10,1.193347e-08,1.193347e-10,2.522037e-10,3.900782e-09,3.900782e-11
1.319869e+01,7.283231e-10,1.185284e-08,1.185284e-10,2.483375e-10,3.863039e-09,3.863039e-11
1.320082e+01,7.208170e-10,1.179984e-08,1.179984e-10,2.455884e-10,3.835128e-09,3.835128e-11
1.320296e+01,7.166007e-10,1.176761e-08,1.176761e-10,2.437890e-10,3.810069e-09,3.810069e-11
1.320510e+01,7.133432e-10,1.175235e-08,1.175235e-10,2.415108e-10,3.783014e-09,3.783014e-11
1.320723e+01,7.097714e-10,1.175660e-08,1.175660e-10,2.390834e-10,3.756835e-09,3.756835e-11
1.320937e+01,7.066777e-10,1.178383e-08,1.178383e-10,2.375714e-10,3.734787e-09,3.734787e-11
1.321151e+01,7.047274e-10,1.183305e-08,1.183305e-10,2.361497e-10,3.711944e-09,3.711944e-11
1.321364e+01,7.039330e-10,1.190080e-08,1.190080e-10,2.336583e-10,3.682392e-09,3.682392e-11
1.321578e+01,7.043640e-10,1.198442e-08,1.198442e-10,2.312355e-10,3.655352e-09,3.655352e-11
1.321792e+01,7.055125e-10,1.207945e-08,1.207945e-10,2.302679e-10,3.637371e-09,3.637371e-11
1.322005e+01,7.061233e-10,1.218041e-08,1.218041e-10,2.293716e-10,3.626986e-09,3.626986e-11
1.322219e+01,7.064088e-10,1.228944e-08,1.228944e-10,2.267343e-10,3.612629e-09,3.612629e-11
1.322433e+01,7.093794e-10,1.241440e-08,1.241440e-10,2.241334e-10,3.607379e-09,3.607379e-11
1.322646e+01,7.174516e-10,1.256267e-08,1.256267e-10,2.246854e-10,3.622288e-09,3.622288e-11
1.322860e+01,7.283254e-10,1.273620e-08,1.273620e-10,2.274209e-10,3.659766e-09,3.659766e-11
1.323074e+01,7.376949e-10,1.292536e-08,1.292536e-10,2.287156e-10,3.698636e-09,3.698636e-11
1.323287e+01,7.456839e-10,1.312805e-08,1.312805e-10,2.285778e-10,3.739151e-09,3.739151e-11
1.323501e+01,7.561999e-10,1.334859e-08,1.334859e-10,2.304801e-10,3.792782e-09,3.792782e-11
1.323715e+01,7.701025e-10,1.359258e-08,1.359258e-10,2.350489e-10,3.864027e-09,3.864027e-11
1.323928e+01,7.840215e-10,1.385594e-08,1.385594e-10,2.391078e-10,3.939240e-09,3.939240e-11
1.324142e+01,7.962273e-10,1.412715e-08,1.412715e-10,2.416172e-10,4.010932e-09,4.010932e-11
1.324356e+01,8.086151e-10,1.439897e-08,1.439897e-10,2.453672e-10,4.091378e-09,4.091378e-11
1.324570e+01,8.222256e-10,1.467781e-08,1.467781e-10,2.513531e-10,4.182011e-09,4.182011e-11
1.324783e+01,8.354579e-10,1.496379e-08,1.496379e-10,2.566147e-10,4.275294e-09,4.275294e-11
1.324997e+01,8.477814e-10,1.525458e-08,1.525458e-10,2.598261e-10,4.358219e-09,4.358219e-11
1.325211e+01,8.611769e-10,1.554752e-08,1.554752e-10,2.640248e-10,4.450286e-09,4.450286e-11
1.325424e+01,8.759608e-10,1.582537e-08,1.582537e-10,2.708923e-10,4.546577e-09,4.546577e-11
1.325638e+01,8.891007e-10,1.608918e-08,1.608918e-10,2.771525e-10,4.645406e-09,4.645406e-11
1.325852e+01,8.996897e-10,1.633976e-08,1.633976e-10,2.804989e-10,4.721899e-09,4.721899e-11
1.326065e+01,9.117743e-10,1.658501e-08,1.658501e-10,2.844318e-10,4.804766e-09,4.804766e-11
1.326279e+01,9.272384e-10,1.681573e-08,1.681573e-10,2.919484e-10,4.890219e-09,4.890219e-11
1.326493e+01,9.402651e-10,1.701598e-08,1.701598e-10,2.989653e-10,4.980754e-09,4.980754e-11
1.326706e+01,9.452893e-10,1.715982e-08,1.715982e-10,3.007028e-10,5.030683e-09,5.030683e-11
1.326920e+01,9.463931e-10,1.726082e-08,1.726082e-10,3.004133e-10,5.071915e-09,5.071915e-11
1.327134e+01,9.511986e-10,1.732942e-08,1.732942e-10,3.041503e-10,5.114325e-09,5.114325e-11
1.327347e+01,9.586695e-10,1.736718e-08,1.736718e-10,3.099864e-10,5.167172e-09,5.167172e-11
1.327561e+01,9.611442e-10,1.736078e-08,1.736078e-10,3.108247e-10,5.179213e-09,5.179213e-11
1.327775e+01,9.572692e-10,1.730535e-08,1.730535e-10,3.068141e-10,5.152482e-09,5.152482e-11
1.327988e+01,9.542905e-10,1.722024e-08,1.722024e-10,3.056245e-10,5.136947e-09,5.136947e-11
1.328202e+01,9.560624e-10,1.711299e-08,1.711299e-10,3.092137e-10,5.132866e-09,5.132866e-11
1.328416e+01,9.570449e-10,1.698233e-08,1.698233e-10,3.101799e-10,5.119268e-09,5.119268e-11
1.328629e+01,9.520553e-10,1.681299e-08,1.681299e-10,3.045965e-10,5.033544e-09,5.033544e-11
1.328843e+01,9.446374e-10,1.662171e-08,1.662171e-10,2.990735e-10,4.966349e-09,4.966349e-11
1.329057e+01,9.397731e-10,1.641022e-08,1.641022e-10,2.994119e-10,4.912262e-09,4.912262e-11
1.329270e+01,9.349971e-10,1.618383e-08,1.618383e-10,3.005259e-10,4.885308e-09,4.885308e-11
1.329484e+01,9.259694e-10,1.591906e-08,1.591906e-10,2.956073e-10,4.781704e-09,4.781704e-11
1.329698e+01,9.149947e-10,1.562634e-08,1.562634e-10,2.883194e-10,4.670095e-09,4.670095e-11
1.329911e+01,9.062168e-10,1.531148e-08,1.531148e-10,2.862423e-10,4.584659e-09,4.584659e-11
1.330125e+01,8.969223e-10,1.497927e-08,1.497927e-10,2.874523e-10,4.532437e-09,4.532437e-11
1.330339e+01,8.819281e-10,1.463200e-08,1.463200e-10,2.838931e-10,4.448333e-09,4.448333e-11
1.330552e+01,8.637376e-10,1.428280e-08,1.428280e-10,2.753808e-10,4.316274e-09,4.316274e-11
1.330766e+01,8.501329e-10,1.395971e-08,1.395971e-10,2.700656e-10,4.225400e-09,4.225400e-11
1.330980e+01,8.422027e-10,1.366893e-08,1.366893e-10,2.705640e-10,4.161526e-09,4.161526e-11
1.331193e+01,8.329306e-10,1.340665e-08,1.340665e-10,2.697650e-10,4.113735e-09,4.113735e-11
1.331407e+01,8.197219e-10,1.316347e-08,1.316347e-10,2.635176e-10,4.011101e-09,4.011101e-11
1.331621e+01,8.097972e-10,1.296772e-08,1.296772e-10,2.576623e-10,3.936147e-09,3.936147e-11
1.331834e+01,8.086624e-10,1.282503e-08,1.282503e-10,2.576530e-10,3.887812e-09,3.887812e-11
1.332048e+01,8.109462e-10,1.273433e-08,1.273433e-10,2.595687e-10,3.871932e-09,3.871932e-11
1.332262e+01,8.088364e-10,1.265567e-08,1.265567e-10,2.574430e-10,3.829275e-09,3.829275e-11
1.332475e+01,8.030140e-10,1.257359e-08,1.257359e-10,2.530678e-10,3.788671e-09,3.788671e-11
1.332689e+01,7.985525e-10,1.248505e-08,1.248505e-10,2.515099e-10,3.768116e-09,3.768116e-11
1.332903e+01,7.955100e-10,1.239653e-08,1.239653e-10,2.519337e-10,3.769046e-09,3.769046e-11
1.333117e+01,7.901804e-10,1.231272e-08,1.231272e-10,2.501794e-10,3.766843e-09,3.766843e-11
1.333330e+01,7.823372e-10,1.224270e-08,1.224270e-10,2.466465e-10,3.764685e-09,3.764685e-11
1.333544e+01,7.752603e-10,1.218020e-08,1.218020e-10,2.449806e-10,3.772109e-09,3.772109e-11
1.333758e+01,7.702409e-10,1.213859e-08,1.213859e-10,2.453099e-10,3.793020e-09,3.793020e-11
1.333971e+01,7.661652e-10,1.213781e-08,1.213781e-10,2.446956e-10,3.816490e-09,3.816490e-11
1.334185e+01,7.636917e-10,1.217752e-08,1.217752e-10,2.433458e-10,3.843444e-09,3.843444e-11
1.334399e+01,7.646002e-10,1.224518e-08,1.224518e-10,2.441467e-10,3.877140e-09,3.877140e-11
1.334612e+01,7.667498e-10,1.231679e-08,1.231679e-10,2.461444e-10,3.910885e-09,3.910885e-11
1.334826e+01,7.657277e-10,1.238202e-08,1.238202e-10,2.455267e-10,3.931147e-09,3.931147e-11
1.335040e+01,7.621714e-10,1.245319e-08,1.245319e-10,2.429917e-10,3.948704e-09,3.948704e-11
1.335253e+01,7.609750e-10,1.253765e-08,1.253765e-10,2.430275e-10,3.982072e-09,3.982072e-11
1.335467e+01,7.622914e-10,1.260731e-08,1.260731e-10,2.456101e-10,4.017385e-09,4.017385e-11
1.335681e+01,7.602353e-10,1.263145e-08,1.263145e-10,2.455686e-10,4.029753e-09,4.029753e-11
1.335894e+01,7.523532e-10,1.260107e-08,1.260107e-10,2.417724e-10,4.010498e-09,4.010498e-11
1.336108e+01,7.435753e-10,1.254890e-08,1.254890e-10,2.397313e-10,4.012371e-09,4.012371e-11
1.336322e+01,7.382362e-10,1.249674e-08,1.249674e-10,2.421231e-10,4.029540e-09,4.029540e-11
1.336535e+01,7.338732e-10,1.244680e-08,1.244680e-10,2.439837e-10,4.044713e-09,4.044713e-11
1.336749e+01,7.266229e-10,1.238712e-08,1.238712e-10,2.413098e-10,4.006018e-09,4.006018e-11
1.336963e+01,7.182341e-10,1.232419e-08,1.232419e-10,2.380281e-10,3.976966e-09,3.976966e-11
1.337176e+01,7.127882e-10,1.226518e-08,1.226518e-10,2.392093e-10,3.970766e-09,3.970766e-11
1.337390e+01,7.099490e-10,1.221862e-08,1.221862e-10,2.422275e-10,3.990152e-09,3.990152e-11
1.337604e+01,7.071429e-10,1.216809e-08,1.216809e-10,2.415371e-10,3.965046e-09,3.965046e-11
1.337817e+01,7.059851e-10,1.211862e-08,1.211862e-10,2.388487e-10,3.921363e-09,3.921363e-11
1.338031e+01,7.096364e-10,1.208421e-08,1.208421e-10,2.401046e-10,3.904077e-09,3.904077e-11
1.338245e+01,7.155461e-10,1.206200e-08,1.206200e-10,2.447623e-10,3.919687e-09,3.919687e-11
1.338458e+01,7.181776e-10,1.202758e-08,1.202758e-10,2.467277e-10,3.925047e-09,3.925047e-11
1.338672e+01,7.178254e-10,1.196694e-08,1.196694e-10,2.447915e-10,3.887001e-09,3.887001e-11
1.338886e+01,7.199068e-10,1.189686e-08,1.189686e-10,2.443131e-10,3.854208e-09,3.854208e-11
1.339099e+01,7.256695e-10,1.184689e-08,1.184689e-10,2.477084e-10,3.845638e-09,3.845638e-11
1.339313e+01,7.304033e-10,1.183423e-08,1.183423e-10,2.506329e-10,3.863303e-09,3.863303e-11
1.339527e+01,7.318718e-10,1.184884e-08,1.184884e-10,2.500684e-10,3.860316e-09,3.860316e-11
1.339740e+01,7.344438e-10,1.189632e-08,1.189632e-10,2.493718e-10,3.857079e-09,3.857079e-11
1.339954e+01,7.422833e-10,1.199312e-08,1.199312e-10,2.520263e-10,3.866554e-09,3.866554e-11
1.340168e+01,7.532409e-10,1.216573e-08,1.216573e-10,2.560026e-10,3.916528e-09,3.916528e-11
1.340381e+01,7.635129e-10,1.240775e-08,1.240775e-10,2.581930e-10,3.984425e-09,3.984425e-11
1.340595e+01,7.740158e-10,1.270312e-08,1.270312e-10,2.600748e-10,4.066643e-09,4.066643e-11
1.340809e+01,7.873757e-10,1.303403e-08,1.303403e-10,2.642923e-10,4.149361e-09,4.149361e-11
1.341022e+01,8.020813e-10,1.340968e-08,1.340968e-10,2.691867e-10,4.248860e-09,4.248860e-11
1.341236e+01,8.148955e-10,1.383522e-08,1.383522e-10,2.720884e-10,4.364766e-09,4.364766e-11
1.341450e+01,8.264673e-10,1.430196e-08,1.430196e-10,2.746454e-10,4.508125e-09,4.508125e-11
1.341663e+01,8.392407e-10,1.477868e-08,1.477868e-10,2.794816e-10,4.655277e-09,4.655277e-11
1.341877e+01,8.522098e-10,1.524343e-08,1.524343e-10,2.847700e-10,4.790046e-09,4.790046e-11
1.342091e+01,8.625470e-10,1.569827e-08,1.569827e-10,2.872233e-10,4.908249e-09,4.908249e-11
1.342305e+01,8.709149e-10,1.615130e-08,1.615130e-10,2.883079e-10,5.035608e-09,5.035608e-11
1.342518e+01,8.803005e-10,1.659204e-08,1.659204e-10,2.919690e-10,5.178941e-09,5.178941e-11
1.342732e+01,8.902436e-10,1.698933e-08,1.698933e-10,2.972374e-10,5.313110e-09,5.313110e-11
1.342946e+01,8.974385e-10,1.732428e-08,1.732428e-10,2.994945e-10,5.410425e-09,5.410425e-11
1.343159e+01,9.019981e-10,1.760064e-08,1.760064e-10,2.987465e-10,5.480249e-09,5.480249e-11
1.343373e+01,9.079243e-10,1.783136e-08,1.783136e-10,3.000185e-10,5.560465e-09,5.560465e-11
1.343587e+01,9.160292e-10,1.800686e-08,1.800686e-10,3.047474e-10,5.643543e-09,5.643543e-11
1.343800e+01,9.218441e-10,1.810609e-08,1.810609e-10,3.080751e-10,5.706699e-09,5.706699e-11
1.344014e+01,9.229330e-10,1.811914e-08,1.811914e-10,3.070572e-10,5.721663e-09,5.721663e-11
1.344228e+01,9.229889e-10,1.806446e-08,1.806446e-10,3.057054e-10,5.724694e-09,5.724694e-11
1.344441e+01,9.257291e-10,1.795875e-08,1.795875e-10,3.080788e-10,5.730495e-09,5.730495e-11
1.344655e+01,9.290095e-10,1.780294e-08,1.780294e-10,3.116299e-10,5.737293e-09,5.737293e-11
1.344869e+01,9.287631e-10,1.758437e-08,1.758437e-10,3.120184e-10,5.713919e-09,5.713919e-11
1.345082e+01,9.253981e-10,1.730436e-08,1.730436e-10,3.102425e-10,5.665417e-09,5.665417e-11
1.345296e+01,9.222285e-10,1.698236e-08,1.698236e-10,3.101835e-10,5.610353e-09,5.610353e-11
1.345510e+01,9.197564e-10,1.663874e-08,1.663874e-10,3.117851e-10,5.560994e-09,5.560994e-11
1.345723e+01,9.156006e-10,1.627691e-08,1.627691e-10,3.116587e-10,5.506027e-09,5.506027e-11
1.345937e+01,9.091425e-10,1.589353e-08,1.589353e-10,3.092147e-10,5.435370e-09,5.435370e-11
1.346151e+01,9.019877e-10,1.549291e-08,1.549291e-10,3.070045e-10,5.354703e-09,5.354703e-11
1.346364e+01,8.944618e-10,1.509374e-08,1.509374e-10,3.056871e-10,5.273139e-09,5.273139e-11
1.346578e+01,8.856098e-10,1.471219e-08,1.471219e-10,3.034961e-10,5.194382e-09,5.194382e-11
1.346792e+01,8.761640e-10,1.435378e-08,1.435378e-10,3.002300e-10,5.114622e-09,5.114622e-11
1.347005e+01,8.676997e-10,1.401670e-08,1.401670e-10,2.975473e-10,5.030862e-09,5.030862e-11
1.347219e+01,8.592685e-10,1.370329e-08,1.370329e-10,2.953395e-10,4.942769e-09,4.942769e-11
1.347433e+01,8.488370e-10,1.342192e-08,1.342192e-10,2.918193e-10,4.852609e-09,4.852609e-11
1.347646e+01,8.376420e-10,1.318093e-08,1.318093e-10,2.874770e-10,4.765641e-09,4.765641e-11
1.347860e+01,8.291174e-10,1.297954e-08,1.297954e-10,2.847199e-10,4.684107e-09,4.684107e-11
1.348074e+01,8.233182e-10,1.280975e-08,1.280975e-10,2.831495e-10,4.603664e-09,4.603664e-11
1.348287e+01,8.167474e-10,1.266662e-08,1.266662e-10,2.797745e-10,4.516403e-09,4.516403e-11
1.348501e+01,8.085303e-10,1.254969e-08,1.254969e-10,2.745964e-10,4.427931e-09,4.427931e-11
1.348715e+01,8.021137e-10,1.246284e-08,1.246284e-10,2.712336e-10,4.353209e-09,4.353209e-11
1.348928e+01,7.990245e-10,1.239850e-08,1.239850e-10,2.705037e-10,4.291392e-09,4.291392e-11
1.349142e+01,7.955868e-10,1.234772e-08,1.234772e-10,2.683249e-10,4.230019e-09,4.230019e-11
1.349356e+01,7.892080e-10,1.229994e-08,1.229994e-10,2.628370e-10,4.150416e-09,4.150416e-11
1.349569e+01,7.832413e-10,1.226338e-08,1.226338e-10,2.583709e-10,4.088839e-09,4.088839e-11
1.349783e+01,7.812990e-10,1.223671e-08,1.223671e-10,2.582558e-10,4.044527e-09,4.044527e-11
1.349997e+01,7.806376e-10,1.221804e-08,1.221804e-10,2.585935e-10,4.020731e-09,4.020731e-11
1.350210e+01,7.763352e-10,1.219172e-08,1.219172e-10,2.544405e-10,3.959525e-09,3.959525e-11
1.350424e+01,7.694116e-10,1.216412e-08,1.216412e-10,2.483362e-10,3.902801e-09,3.902801e-11
1.350638e+01,7.647227e-10,1.214192e-08,1.214192e-10,2.461462e-10,3.866936e-09,3.866936e-11
1.350852e+01,7.624893e-10,1.213102e-08,1.213102e-10,2.469185e-10,3.864331e-09,3.864331e-11
1.351065e+01,7.582247e-10,1.212455e-08,1.212455e-10,2.443885e-10,3.839548e-09,3.839548e-11
1.351279e+01,7.511169e-10,1.212057e-08,1.212057e-10,2.379076e-10,3.782841e-09,3.782841e-11
1.351493e+01,7.458389e-10,1.213172e-08,1.213172e-10,2.338673e-10,3.758795e-09,3.758795e-11
1.351706e+01,7.442512e-10,1.215543e-08,1.215543e-10,2.348615e-10,3.761395e-09,3.761395e-11
1.351920e+01,7.422348e-10,1.219198e-08,1.219198e-10,2.353054e-10,3.782979e-09,3.782979e-11
1.352134e+01,7.375690e-10,1.223093e-08,1.223093e-10,2.311827e-10,3.747440e-09,3.747440e-11
1.352347e+01,7.348189e-10,1.229050e-08,1.229050e-10,2.271384e-10,3.737163e-09,3.737163e-11
1.352561e+01,7.379537e-10,1.236438e-08,1.236438e-10,2.286154e-10,3.751357e-09,3.751357e-11
1.352775e+01,7.432386e-10,1.244604e-08,1.244604e-10,2.326347e-10,3.800835e-09,3.800835e-11
1.352988e+01,7.451524e-10,1.251781e-08,1.251781e-10,2.329680e-10,3.813524e-09,3.813524e-11
1.353202e+01,7.455304e-10,1.259442e-08,1.259442e-10,2.306042e-10,3.814411e-09,3.814411e-11
1.353416e+01,7.505745e-10,1.268887e-08,1.268887e-10,2.317865e-10,3.848512e-09,3.848512e-11
1.353629e+01,7.602533e-10,1.279935e-08,1.279935e-10,2.372207e-10,3.907479e-09,3.907479e-11
1.353843e+01,7.678873e-10,1.290720e-08,1.290720e-10,2.410319e-10,3.968506e-09,3.968506e-11
1.354057e+01,7.708616e-10,1.299532e-08,1.299532e-10,2.408671e-10,3.994587e-09,3.994587e-11
1.354270e+01,7.744249e-10,1.308742e-08,1.308742e-10,2.414903e-10,4.042250e-09,4.042250e-11
1.354484e+01,7.826919e-10,1.319169e-08,1.319169e-10,2.462505e-10,4.101081e-09,4.101081e-11
1.354698e+01,7.923220e-10,1.330910e-08,1.330910e-10,2.514844e-10,4.172536e-09,4.172536e-11
1.354911e+01,7.989060e-10,1.342416e-08,1.342416e-10,2.530862e-10,4.215214e-09,4.215214e-11
1.355125e+01,8.040801e-10,1.354290e-08,1.354290e-10,2.533203e-10,4.260356e-09,4.260356e-11
1.355339e+01,8.118655e-10,1.366522e-08,1.366522e-10,2.564363e-10,4.316478e-09,4.316478e-11
1.355552e+01,8.219151e-10,1.380354e-08,1.380354e-10,2.614534e-10,4.385349e-09,4.385349e-11
1.355766e+01,8.309680e-10,1.395781e-08,1.395781e-10,2.643608e-10,4.447434e-09,4.447434e-11
1.355980e+01,8.389990e-10,1.413003e-08,1.413003e-10,2.651890e-10,4.504264e-09,4.504264e-11
1.356193e+01,8.489226e-10,1.432660e-08,1.432660e-10,2.676569e-10,4.576309e-09,4.576309e-11
1.356407e+01,8.606044e-10,1.454346e-08,1.454346e-10,2.724403e-10,4.660074e-09,4.660074e-11
1.356621e+01,8.702703e-10,1.477995e-08,1.477995e-10,2.760211e-10,4.748616e-09,4.748616e-11
1.356834e+01,8.769817e-10,1.503192e-08,1.503192e-10,2.769990e-10,4.827664e-09,4.827664e-11
1.357048e+01,8.846135e-10,1.530545e-08,1.530545e-10,2.784355e-10,4.913257e-09,4.913257e-11
1.357262e+01,8.950401e-10,1.559584e-08,1.559584e-10,2.821674e-10,5.000584e-09,5.000584e-11
1.357475e+01,9.043212e-10,1.589813e-08,1.589813e-10,2.854135e-10,5.087098e-09,5.087098e-11
1.357689e+01,9.088889e-10,1.620251e-08,1.620251e-10,2.855091e-10,5.156365e-09,5.156365e-11
1.357903e+01,9.114394e-10,1.651176e-08,1.651176e-10,2.844594e-10,5.220623e-09,5.220623e-11
1.358116e+01,9.169340e-10,1.682617e-08,1.682617e-10,2.856171e-10,5.285055e-09,5.285055e-11
1.358330e+01,9.254415e-10,1.714216e-08,1.714216e-10,2.882974e-10,5.351223e-09,5.351223e-11
1.358544e+01,9.326470e-10,1.745403e-08,1.745403e-10,2.893235e-10,5.409155e-09,5.409155e-11
1.358757e+01,9.364152e-10,1.775431e-08,1.775431e-10,2.884238e-10,5.457935e-09,5.457935e-11
1.358971e+01,9.391396e-10,1.804201e-08,1.804201e-10,2.884155e-10,5.507236e-09,5.507236e-11
1.359185e+01,9.428808e-10,1.831215e-08,1.831215e-10,2.902857e-10,5.554553e-09,5.554553e-11
1.359398e+01,9.456931e-10,1.855997e-08,1.855997e-10,2.914730e-10,5.596078e-09,5.596078e-11
1.359612e+01,9.448338e-10,1.877776e-08,1.877776e-10,2.901443e-10,5.619323e-09,5.619323e-11
1.359826e+01,9.410401e-10,1.896410e-08,1.896410e-10,2.881687e-10,5.635109e-09,5.635109e-11
1.360040e+01,9.370187e-10,1.911929e-08,1.911929e-10,2.878199e-10,5.644979e-09,5.644979e-11
1.360253e+01,9.335292e-10,1.924333e-08,1.924333e-10,2.881319e-10,5.649970e-09,5.649970e-11
1.360467e+01,9.291706e-10,1.933493e-08,1.933493e-10,2.866931e-10,5.641554e-09,5.641554e-11
1.360681e+01,9.230798e-10,1.939028e-08,1.939028e-10,2.834764e-10,5.618711e-09,5.618711e-11
1.360894e+01,9.163973e-10,1.940772e-08,1.940772e-10,2.808995e-10,5.592231e-09,5.592231e-11
1.361108e+01,9.106895e-10,1.938784e-08,1.938784e-10,2.801512e-10,5.561984e-09,5.561984e-11
1.361322e+01,9.058619e-10,1.933313e-08,1.933313e-10,2.794854e-10,5.528456e-09,5.528456e-11
1.361535e+01,9.005270e-10,1.924267e-08,1.924267e-10,2.770855e-10,5.481487e-09,5.481487e-11
1.361749e+01,8.939446e-10,1.911501e-08,1.911501e-10,2.737993e-10,5.426733e-09,5.426733e-11
1.361963e+01,8.864820e-10,1.894689e-08,1.894689e-10,2.717055e-10,5.370282e-09,5.370282e-11
1.362176e+01,8.784122e-10,1.873598e-08,1.873598e-10,2.709424e-10,5.311849e-09,5.311849e-11
1.362390e+01,8.696673e-10,1.848723e-08,1.848723e-10,2.695005e-10,5.249817e-09,5.249817e-11
1.362604e+01,8.604201e-10,1.820519e-08,1.820519e-10,2.662088e-10,5.174735e-09,5.174735e-11
1.362817e+01,8.512230e-10,1.789737e-08,1.789737e-10,2.625126e-10,5.098279e-09,5.098279e-11
1.363031e+01,8.426772e-10,1.757030e-08,1.757030e-10,2.605202e-10,5.026017e-09,5.026017e-11
1.363245e+01,8.347702e-10,1.722953e-08,1.722953e-10,2.600740e-10,4.961261e-09,4.961261e-11
1.363458e+01,8.270141e-10,1.688690e-08,1.688690e-10,2.588938e-10,4.899443e-09,4.899443e-11
1.363672e+01,8.201143e-10,1.655290e-08,1.655290e-10,2.561373e-10,4.831278e-09,4.831278e-11
1.363886e+01,8.165516e-10,1.623970e-08,1.623970e-10,2.543709e-10,4.776053e-09,4.776053e-11
1.364099e+01,8.173147e-10,1.595843e-08,1.595843e-10,2.559213e-10,4.736593e-09,4.736593e-11
1.364313e+01,8.194263e-10,1.571410e-08,1.571410e-10,2.589658e-10,4.717929e-09,4.717929e-11
1.364527e+01,8.195484e-10,1.550933e-08,1.550933e-10,2.599958e-10,4.701385e-09,4.701385e-11
1.364740e+01,8.187743e-10,1.535298e-08,1.535298e-10,2.591074e-10,4.685909e-09,4.685909e-11
1.364954e+01,8.211639e-10,1.525049e-08,1.525049e-10,2.601170e-10,4.693375e-09,4.693375e-11
1.365168e+01,8.276091e-10,1.519982e-08,1.519982e-10,2.646835e-10,4.720348e-09,4.720348e-11
1.365381e+01,8.336893e-10,1.520003e-08,1.520003e-10,2.691327e-10,4.767347e-09,4.767347e-11
1.365595e+01,8.353508e-10,1.524162e-08,1.524162e-10,2.697180e-10,4.799173e-09,4.799173e-11
1.365809e+01,8.351993e-10,1.533163e-08,1.533163e-10,2.686434e-10,4.840567e-09,4.840567e-11
1.366022e+01,8.396408e-10,1.547604e-08,1.547604e-10,2.710655e-10,4.902049e-09,4.902049e-11
1.366236e+01,8.499399e-10,1.567074e-08,1.567074e-10,2.770982e-10,4.985363e-09,4.985363e-11
1.366450e+01,8.608170e-10,1.590145e-08,1.590145e-10,2.814550e-10,5.069257e-09,5.069257e-11
1.366663e+01,8.687128e-10,1.614811e-08,1.614811e-10,2.818809e-10,5.131216e-09,5.131216e-11
1.366877e+01,8.763385e-10,1.640531e-08,1.640531e-10,2.826928e-10,5.208614e-09,5.208614e-11
1.367091e+01,8.869717e-10,1.666847e-08,1.666847e-10,2.874785e-10,5.293905e-09,5.293905e-11
1.367304e+01,8.987923e-10,1.693368e-08,1.693368e-10,2.932018e-10,5.390978e-09,5.390978e-11
1.367518e+01,9.079642e-10,1.718274e-08,1.718274e-10,2.952271e-10,5.458083e-09,5.458083e-11
1.367732e+01,9.142893e-10,1.740515e-08,1.740515e-10,2.948491e-10,5.515672e-09,5.515672e-11
1.367945e+01,9.200002e-10,1.758440e-08,1.758440e-10,2.969459e-10,5.576006e-09,5.576006e-11
1.368159e+01,9.243921e-10,1.771693e-08,1.771693e-10,3.014339e-10,5.637683e-09,5.637683e-11
1.368373e+01,9.244561e-10,1.780249e-08,1.780249e-10,3.031818e-10,5.682337e-09,5.682337e-11
1.368587e+01,9.209820e-10,1.784699e-08,1.784699e-10,3.008722e-10,5.693755e-09,5.693755e-11
1.368800e+01,9.187890e-10,1.786273e-08,1.786273e-10,2.994640e-10,5.709697e-09,5.709697e-11
1.369014e+01,9.193495e-10,1.784696e-08,1.784696e-10,3.019539e-10,5.724380e-09,5.724380e-11
1.369228e+01,9.185724e-10,1.780025e-08,1.780025e-10,3.044699e-10,5.740670e-09,5.740670e-11
1.369441e+01,9.142745e-10,1.772020e-08,1.772020e-10,3.029700e-10,5.724694e-09,5.724694e-11
1.369655e+01,9.104529e-10,1.762115e-08,1.762115e-10,3.001253e-10,5.703697e-09,5.703697e-11
1.369869e+01,9.107669e-10,1.750533e-08,1.750533e-10,3.005862e-10,5.685574e-09,5.685574e-11
1.370082e+01,9.122065e-10,1.737442e-08,1.737442e-10,3.030272e-10,5.673483e-09,5.673483e-11
1.370296e+01,9.100406e-10,1.722031e-08,1.722031e-10,3.027935e-10,5.645828e-09,5.645828e-11
1.370510e+01,9.059376e-10,1.705079e-08,1.705079e-10,3.001645e-10,5.604322e-09,5.604322e-11
1.370723e+01,9.050981e-10,1.687233e-08,1.687233e-10,2.998017e-10,5.570744e-09,5.570744e-11
1.370937e+01,9.064320e-10,1.667812e-08,1.667812e-10,3.021946e-10,5.541481e-09,5.541481e-11
1.371151e+01,9.025275e-10,1.645420e-08,1.645420e-10,3.021669e-10,5.505729e-09,5.505729e-11
1.371364e+01,8.908328e-10,1.619212e-08,1.619212e-10,2.977284e-10,5.445691e-09,5.445691e-11
1.371578e+01,8.778225e-10,1.591714e-08,1.591714e-10,2.936276e-10,5.391520e-09,5.391520e-11
1.371792e+01,8.692621e-10,1.564448e-08,1.564448e-10,2.932534e-10,5.342764e-09,5.342764e-11
1.372005e+01,8.627551e-10,1.538269e-08,1.538269e-10,2.932743e-10,5.299638e-09,5.299638e-11
1.372219e+01,8.537554e-10,1.511954e-08,1.511954e-10,2.899794e-10,5.232751e-09,5.232751e-11
1.372433e+01,8.435829e-10,1.485713e-08,1.485713e-10,2.858592e-10,5.164447e-09,5.164447e-11
1.372646e+01,8.363370e-10,1.459560e-08,1.459560e-10,2.849558e-10,5.097674e-09,5.097674e-11
1.372860e+01,8.316159e-10,1.434971e-08,1.434971e-10,2.854266e-10,5.038906e-09,5.038906e-11
1.373074e+01,8.259636e-10,1.412054e-08,1.412054e-10,2.827904e-10,4.957630e-09,4.957630e-11
1.373287e+01,8.197281e-10,1.391023e-08,1.391023e-10,2.781307e-10,4.865922e-09,4.865922e-11
1.373501e+01,8.162839e-10,1.372145e-08,1.372145e-10,2.763095e-10,4.781748e-09,4.781748e-11
1.373715e+01,8.146685e-10,1.354589e-08,1.354589e-10,2.770567e-10,4.706892e-09,4.706892e-11
1.373928e+01,8.097555e-10,1.337646e-08,1.337646e-10,2.748928e-10,4.618261e-09,4.618261e-11
1.374142e+01,8.008806e-10,1.321067e-08,1.321067e-10,2.686403e-10,4.498471e-09,4.498471e-11
1.374356e+01,7.938775e-10,1.307056e-08,1.307056e-10,2.639660e-10,4.395000e-09,4.395000e-11
1.374569e+01,7.921491e-10,1.296325e-08,1.296325e-10,2.639581e-10,4.307110e-09,4.307110e-11
1.374783e+01,7.917525e-10,1.289372e-08,1.289372e-10,2.641191e-10,4.238012e-09,4.238012e-11
1.374997e+01,7.884506e-10,1.285473e-08,1.285473e-10,2.603404e-10,4.140863e-09,4.140863e-11
1.375210e+01,7.841400e-10,1.285101e-08,1.285101e-10,2.556407e-10,4.061333e-09,4.061333e-11
1.375424e+01,7.823535e-10,1.287734e-08,1.287734e-10,2.544557e-10,4.003026e-09,4.003026e-11
1.375638e+01,7.814914e-10,1.293688e-08,1.293688e-10,2.548049e-10,3.974001e-09,3.974001e-11
1.375851e+01,7.778239e-10,1.302804e-08,1.302804e-10,2.519756e-10,3.934891e-09,3.934891e-11
1.376065e+01,7.728120e-10,1.315319e-08,1.315319e-10,2.471312e-10,3.897953e-09,3.897953e-11
1.376279e+01,7.716040e-10,1.331459e-08,1.331459e-10,2.455668e-10,3.893313e-09,3.893313e-11
1.376492e+01,7.749186e-10,1.350316e-08,1.350316e-10,2.477725e-10,3.912380e-09,3.912380e-11
1.376706e+01,7.780540e-10,1.370308e-08,1.370308e-10,2.488431e-10,3.937103e-09,3.937103e-11
1.376920e+01,7.784360e-10,1.390080e-08,1.390080e-10,2.468149e-10,3.943664e-09,3.943664e-11
1.377133e+01,7.783789e-10,1.409428e-08,1.409428e-10,2.452642e-10,3.965526e-09,3.965526e-11
1.377347e+01,7.796688e-10,1.427825e-08,1.427825e-10,2.463991e-10,3.996633e-09,3.996633e-11
1.377561e+01,7.807933e-10,1.444702e-08,1.444702e-10,2.474919e-10,4.032088e-09,4.032088e-11
1.377775e+01,7.806571e-10,1.459297e-08,1.459297e-10,2.462854e-10,4.051477e-09,4.051477e-11
1.377988e+01,7.805146e-10,1.471439e-08,1.471439e-10,2.447362e-10,4.070793e-09,4.070793e-11
1.378202e+01,7.805581e-10,1.480199e-08,1.480199e-10,2.448225e-10,4.091127e-09,4.091127e-11
1.378416e+01,7.787184e-10,1.485175e-08,1.485175e-10,2.449673e-10,4.108253e-09,4.108253e-11
1.378629e+01,7.748075e-10,1.486618e-08,1.486618e-10,2.434448e-10,4.111994e-09,4.111994e-11
1.378843e+01,7.724142e-10,1.485235e-08,1.485235e-10,2.419783e-10,4.109860e-09,4.109860e-11
1.379057e+01,7.738048e-10,1.481091e-08,1.481091e-10,2.425862e-10,4.106849e-09,4.106849e-11
1.379270e+01,7.756234e-10,1.473862e-08,1.473862e-10,2.435427e-10,4.099983e-09,4.099983e-11
1.379484e+01,7.733249e-10,1.462618e-08,1.462618e-10,2.422868e-10,4.079299e-09,4.079299e-11
1.379698e+01,7.674152e-10,1.447440e-08,1.447440e-10,2.398505e-10,4.051192e-09,4.051192e-11
1.379911e+01,7.615924e-10,1.429296e-08,1.429296e-10,2.386365e-10,4.022793e-09,4.022793e-11
1.380125e+01,7.568356e-10,1.409273e-08,1.409273e-10,2.380295e-10,3.996816e-09,3.996816e-11
1.380339e+01,7.516610e-10,1.387635e-08,1.387635e-10,2.362048e-10,3.961300e-09,3.961300e-11
1.380552e+01,7.466401e-10,1.364849e-08,1.364849e-10,2.345119e-10,3.928141e-09,3.928141e-11
1.380766e+01,7.437339e-10,1.341432e-08,1.341432e-10,2.354298e-10,3.902554e-09,3.902554e-11
1.380980e+01,7.419200e-10,1.317922e-08,1.317922e-10,2.374855e-10,3.889212e-09,3.889212e-11
1.381193e+01,7.379164e-10,1.294598e-08,1.294598e-10,2.371765e-10,3.865932e-09,3.865932e-11
1.381407e+01,7.315001e-10,1.272053e-08,1.272053e-10,2.350987e-10,3.842878e-09,3.842878e-11
1.381621e+01,7.259908e-10,1.251165e-08,1.251165e-10,2.350566e-10,3.833980e-09,3.833980e-11
1.381834e+01,7.227125e-10,1.232527e-08,1.232527e-10,2.372408e-10,3.842715e-09,3.842715e-11
1.382048e+01,7.192789e-10,1.216475e-08,1.216475e-10,2.376787e-10,3.850491e-09,3.850491e-11
1.382262e+01,7.144849e-10,1.203026e-08,1.203026e-10,2.353857e-10,3.843570e-09,3.843570e-11
1.382475e+01,7.106194e-10,1.192656e-08,1.192656e-10,2.344245e-10,3.855703e-09,3.855703e-11
1.382689e+01,7.091836e-10,1.185208e-08,1.185208e-10,2.368057e-10,3.881321e-09,3.881321e-11
1.382903e+01,7.084954e-10,1.180736e-08,1.180736e-10,2.389144e-10,3.918308e-09,3.918308e-11
1.383116e+01,7.074584e-10,1.178615e-08,1.178615e-10,2.378982e-10,3.927576e-09,3.927576e-11
1.383330e+01,7.077624e-10,1.179137e-08,1.179137e-10,2.366267e-10,3.945444e-09,3.945444e-11
1.383544e+01,7.100543e-10,1.181634e-08,1.181634e-10,2.384465e-10,3.973646e-09,3.973646e-11
1.383757e+01,7.113113e-10,1.185325e-08,1.185325e-10,2.410149e-10,4.012902e-09,4.012902e-11
1.383971e+01,7.092506e-10,1.189423e-08,1.189423e-10,2.402747e-10,4.031934e-09,4.031934e-11
1.384185e+01,7.067749e-10,1.194268e-08,1.194268e-10,2.376259e-10,4.040853e-09,4.040853e-11
1.384398e+01,7.080057e-10,1.199942e-08,1.199942e-10,2.375550e-10,4.059339e-09,4.059339e-11
1.384612e+01,7.113846e-10,1.206366e-08,1.206366e-10,2.399005e-10,4.083938e-09,4.083938e-11
1.384826e+01,7.116337e-10,1.212222e-08,1.212222e-10,2.403411e-10,4.100865e-09,4.100865e-11
1.385039e+01,7.080205e-10,1.216667e-08,1.216667e-10,2.379975e-10,4.101332e-09,4.101332e-11
1.385253e+01,7.052459e-10,1.220932e-08,1.220932e-10,2.366807e-10,4.107465e-09,4.107465e-11
1.385467e+01,7.060968e-10,1.226019e-08,1.226019e-10,2.381508e-10,4.119029e-09,4.119029e-11
1.385680e+01,7.085407e-10,1.232086e-08,1.232086e-10,2.398003e-10,4.130526e-09,4.130526e-11
1.385894e+01,7.106022e-10,1.238985e-08,1.238985e-10,2.400510e-10,4.134300e-09,4.134300e-11
1.386108e+01,7.127880e-10,1.246011e-08,1.246011e-10,2.406924e-10,4.142191e-09,4.142191e-11
1.386322e+01,7.150339e-10,1.252212e-08,1.252212e-10,2.425931e-10,4.154998e-09,4.154998e-11
1.386535e+01,7.159678e-10,1.258379e-08,1.258379e-10,2.438094e-10,4.167578e-09,4.167578e-11
1.386749e+01,7.161256e-10,1.265442e-08,1.265442e-10,2.436083e-10,4.176187e-09,4.176187e-11
1.386963e+01,7.181552e-10,1.273914e-08,1.273914e-10,2.441906e-10,4.191155e-09,4.191155e-11
1.387176e+01,7.223080e-10,1.283263e-08,1.283263e-10,2.463132e-10,4.214566e-09,4.214566e-11
1.387390e+01,7.253549e-10,1.292586e-08,1.292586e-10,2.473801e-10,4.237928e-09,4.237928e-11
1.387604e+01,7.258630e-10,1.301232e-08,1.301232e-10,2.462827e-10,4.251378e-09,4.251378e-11
1.387817e+01,7.270359e-10,1.309994e-08,1.309994e-10,2.460248e-10,4.271860e-09,4.271860e-11
1.388031e+01,7.316117e-10,1.319229e-08,1.319229e-10,2.485439e-10,4.300277e-09,4.300277e-11
1.388245e+01,7.372284e-10,1.328828e-08,1.328828e-10,2.508384e-10,4.333339e-09,4.333339e-11
1.388458e+01,7.406635e-10,1.337944e-08,1.337944e-10,2.501459e-10,4.345351e-09,4.345351e-11
1.388672e+01,7.430561e-10,1.346714e-08,1.346714e-10,2.490743e-10,4.362070e-09,4.362070e-11
1.388886e+01,7.466888e-10,1.354961e-08,1.354961e-10,2.508495e-10,4.383214e-09,4.383214e-11
1.389099e+01,7.497904e-10,1.362688e-08,1.362688e-10,2.530005e-10,4.413950e-09,4.413950e-11
1.389313e+01,7.494934e-10,1.369256e-08,1.369256e-10,2.514510e-10,4.417612e-09,4.417612e-11
1.389527e+01,7.479568e-10,1.375052e-08,1.375052e-10,2.482740e-10,4.415580e-09,4.415580e-11
1.389740e+01,7.499456e-10,1.380823e-08,1.380823e-10,2.488110e-10,4.424390e-09,4.424390e-11
1.389954e+01,7.554935e-10,1.387234e-08,1.387234e-10,2.525168e-10,4.446732e-09,4.446732e-11
1.390168e+01,7.602820e-10,1.393540e-08,1.393540e-10,2.537755e-10,4.453815e-09,4.453815e-11
1.390381e+01,7.631900e-10,1.399308e-08,1.399308e-10,2.517310e-10,4.436635e-09,4.436635e-11
1.390595e+01,7.676492e-10,1.404895e-08,1.404895e-10,2.516647e-10,4.432936e-09,4.432936e-11
1.390809e+01,7.745049e-10,1.410713e-08,1.410713e-10,2.553264e-10,4.438090e-09,4.438090e-11
1.391022e+01,7.803479e-10,1.417226e-08,1.417226e-10,2.577490e-10,4.444367e-09,4.444367e-11
1.391236e+01,7.844575e-10,1.424314e-08,1.424314e-10,2.562315e-10,4.420036e-09,4.420036e-11
1.391450e+01,7.905227e-10,1.432594e-08,1.432594e-10,2.550898e-10,4.407147e-09,4.407147e-11
1.391663e+01,7.989563e-10,1.440835e-08,1.440835e-10,2.575322e-10,4.399401e-09,4.399401e-11
1.391877e+01,8.044027e-10,1.448179e-08,1.448179e-10,2.596295e-10,4.397833e-09,4.397833e-11
1.392091e+01,8.046711e-10,1.454380e-08,1.454380e-10,2.575402e-10,4.363568e-09,4.363568e-11
1.392304e+01,8.056668e-10,1.461840e-08,1.461840e-10,2.548414e-10,4.335057e-09,4.335057e-11
1.392518e+01,8.125599e-10,1.471047e-08,1.471047e-10,2.565050e-10,4.320619e-09,4.320619e-11
1.392732e+01,8.207132e-10,1.481869e-08,1.481869e-10,2.598509e-10,4.325414e-09,4.325414e-11
1.392945e+01,8.218279e-10,1.491296e-08,1.491296e-10,2.587475e-10,4.302657e-09,4.302657e-11
1.393159e+01,8.163565e-10,1.498841e-08,1.498841e-10,2.541130e-10,4.268734e-09,4.268734e-11
1.393373e+01,8.121999e-10,1.506053e-08,1.506053e-10,2.520399e-10,4.246433e-09,4.246433e-11
1.393586e+01,8.123643e-10,1.514930e-08,1.514930e-10,2.530078e-10,4.248982e-09,4.248982e-11
1.393800e+01,8.124231e-10,1.525492e-08,1.525492e-10,2.518034e-10,4.242319e-09,4.242319e-11
1.394014e+01,8.106376e-10,1.537239e-08,1.537239e-10,2.479585e-10,4.223772e-09,4.223772e-11
1.394227e+01,8.111029e-10,1.550049e-08,1.550049e-10,2.470346e-10,4.232026e-09,4.232026e-11
1.394441e+01,8.146738e-10,1.561806e-08,1.561806e-10,2.500874e-10,4.260011e-09,4.260011e-11
1.394655e+01,8.157022e-10,1.570781e-08,1.570781e-10,2.509084e-10,4.283207e-09,4.283207e-11
1.394868e+01,8.111804e-10,1.575537e-08,1.575537e-10,2.467471e-10,4.254617e-09,4.254617e-11
1.395082e+01,8.056957e-10,1.578778e-08,1.578778e-10,2.433328e-10,4.250839e-09,4.250839e-11
1.395296e+01,8.032027e-10,1.580561e-08,1.580561e-10,2.448428e-10,4.265501e-09,4.265501e-11
1.395510e+01,8.002333e-10,1.581288e-08,1.581288e-10,2.463755e-10,4.308264e-09,4.308264e-11
1.395723e+01,7.925447e-10,1.578588e-08,1.578588e-10,2.424429e-10,4.282984e-09,4.282984e-11
1.395937e+01,7.837013e-10,1.571927e-08,1.571927e-10,2.369739e-10,4.253514e-09,4.253514e-11
1.396151e+01,7.800088e-10,1.561223e-08,1.561223e-10,2.369170e-10,4.233412e-09,4.233412e-11
1.396364e+01,7.800623e-10,1.547790e-08,1.547790e-10,2.401736e-10,4.242342e-09,4.242342e-11
1.396578e+01,7.776030e-10,1.532241e-08,1.532241e-10,2.393218e-10,4.207367e-09,4.207367e-11
1.396792e+01,7.729601e-10,1.515943e-08,1.515943e-10,2.347677e-10,4.133006e-09,4.133006e-11
1.397005e+01,7.723880e-10,1.500592e-08,1.500592e-10,2.339487e-10,4.099423e-09,4.099423e-11
1.397219e+01,7.757487e-10,1.483290e-08,1.483290e-10,2.378786e-10,4.081467e-09,4.081467e-11
1.397433e+01,7.744684e-10,1.460906e-08,1.460906e-10,2.386674e-10,4.054053e-09,4.054053e-11
1.397646e+01,7.641359e-10,1.431938e-08,1.431938e-10,2.324157e-10,3.937458e-09,3.937458e-11
1.397860e+01,7.514063e-10,1.401631e-08,1.401631e-10,2.256516e-10,3.843800e-09,3.843800e-11
1.398074e+01,7.446803e-10,1.374072e-08,1.374072e-10,2.248878e-10,3.780317e-09,3.780317e-11
1.398287e+01,7.434742e-10,1.351372e-08,1.351372e-10,2.270430e-10,3.761213e-09,3.761213e-11
1.398501e+01,7.418216e-10,1.332028e-08,1.332028e-10,2.257766e-10,3.710702e-09,3.710702e-11
1.398715e+01,7.379034e-10,1.313895e-08,1.313895e-10,2.218766e-10,3.647781e-09,3.647781e-11
1.398928e+01,7.346256e-10,1.295405e-08,1.295405e-10,2.207885e-10,3.608468e-09,3.608468e-11
1.399142e+01,7.329251e-10,1.277696e-08,1.277696e-10,2.229122e-10,3.584729e-09,3.584729e-11
1.399356e+01,7.308029e-10,1.263705e-08,1.263705e-10,2.235235e-10,3.570556e-09,3.570556e-11
1.399569e+01,7.285462e-10,1.255481e-08,1.255481e-10,2.213098e-10,3.543650e-09,3.543650e-11
1.399783e+01,7.288742e-10,1.254338e-08,1.254338e-10,2.201210e-10,3.551738e-09,3.551738e-11
1.399997e+01,7.318055e-10,1.257934e-08,1.257934e-10,2.220866e-10,3.583757e-09,3.583757e-11
1.400210e+01,7.339063e-10,1.262276e-08,1.262276e-10,2.244839e-10,3.621682e-09,3.621682e-11
1.400424e+01,7.332655e-10,1.264599e-08,1.264599e-10,2.244491e-10,3.638205e-09,3.638205e-11
1.400638e+01,7.318999e-10,1.266566e-08,1.266566e-10,2.229318e-10,3.644105e-09,3.644105e-11
1.400851e+01,7.324180e-10,1.271395e-08,1.271395e-10,2.225701e-10,3.664027e-09,3.664027e-11
1.401065e+01,7.348216e-10,1.280214e-08,1.280214e-10,2.240927e-10,3.701619e-09,3.701619e-11
1.401279e+01,7.372650e-10,1.291874e-08,1.291874e-10,2.260737e-10,3.750824e-09,3.750824e-11
1.401492e+01,7.385817e-10,1.303621e-08,1.303621e-10,2.269278e-10,3.795330e-09,3.795330e-11
1.401706e+01,7.389291e-10,1.313080e-08,1.313080e-10,2.262969e-10,3.825695e-09,3.825695e-11
1.401920e+01,7.390878e-10,1.320518e-08,1.320518e-10,2.253977e-10,3.851037e-09,3.851037e-11
1.402133e+01,7.403775e-10,1.328087e-08,1.328087e-10,2.261248e-10,3.882942e-09,3.882942e-11
1.402347e+01,7.441241e-10,1.337616e-08,1.337616e-10,2.288157e-10,3.928296e-09,3.928296e-11
1.402561e+01,7.507258e-10,1.349261e-08,1.349261e-10,2.316477e-10,3.976163e-09,3.976163e-11
1.402774e+01,7.598069e-10,1.362123e-08,1.362123e-10,2.335560e-10,4.016065e-09,4.016065e-11
1.402988e+01,7.705455e-10,1.374664e-08,1.374664e-10,2.363186e-10,4.060785e-09,4.060785e-11
1.403202e+01,7.803961e-10,1.384687e-08,1.384687e-10,2.411666e-10,4.104806e-09,4.104806e-11
1.403415e+01,7.856382e-10,1.391558e-08,1.391558e-10,2.452092e-10,4.147339e-09,4.147339e-11
1.403629e+01,7.862414e-10,1.396808e-08,1.396808e-10,2.453815e-10,4.162737e-09,4.162737e-11
1.403843e+01,7.876406e-10,1.402991e-08,1.402991e-10,2.441306e-10,4.175225e-09,4.175225e-11
1.404057e+01,7.941365e-10,1.411227e-08,1.411227e-10,2.462334e-10,4.202645e-09,4.202645e-11
1.404270e+01,8.024476e-10,1.420649e-08,1.420649e-10,2.509536e-10,4.247368e-09,4.247368e-11
1.404484e+01,8.061451e-10,1.427843e-08,1.427843e-10,2.528536e-10,4.278151e-09,4.278151e-11
1.404698e+01,8.057245e-10,1.432733e-08,1.432733e-10,2.508851e-10,4.281007e-09,4.281007e-11
1.404911e+01,8.089193e-10,1.438459e-08,1.438459e-10,2.506632e-10,4.297883e-09,4.297883e-11
1.405125e+01,8.195711e-10,1.446875e-08,1.446875e-10,2.552995e-10,4.331952e-09,4.331952e-11
1.405339e+01,8.316622e-10,1.457603e-08,1.457603e-10,2.600243e-10,4.378826e-09,4.378826e-11
1.405552e+01,8.382191e-10,1.466656e-08,1.466656e-10,2.601599e-10,4.388410e-09,4.388410e-11
1.405766e+01,8.407816e-10,1.472726e-08,1.472726e-10,2.588094e-10,4.400865e-09,4.400865e-11
1.405980e+01,8.447387e-10,1.477566e-08,1.477566e-10,2.609565e-10,4.421212e-09,4.421212e-11
1.406193e+01,8.502443e-10,1.484027e-08,1.484027e-10,2.646657e-10,4.463605e-09,4.463605e-11
1.406407e+01,8.541992e-10,1.491152e-08,1.491152e-10,2.650424e-10,4.477310e-09,4.477310e-11
1.406621e+01,8.572916e-10,1.499602e-08,1.499602e-10,2.634759e-10,4.488580e-09,4.488580e-11
1.406834e+01,8.620668e-10,1.507758e-08,1.507758e-10,2.650964e-10,4.515100e-09,4.515100e-11
1.407048e+01,8.665653e-10,1.515569e-08,1.515569e-10,2.691284e-10,4.566283e-09,4.566283e-11
1.407262e+01,8.668373e-10,1.524840e-08,1.524840e-10,2.699696e-10,4.609293e-09,4.609293e-11
1.407475e+01,8.650877e-10,1.537124e-08,1.537124e-10,2.673916e-10,4.636241e-09,4.636241e-11
1.407689e+01,8.683115e-10,1.554075e-08,1.554075e-10,2.675679e-10,4.693292e-09,4.693292e-11
1.407903e+01,8.775990e-10,1.574853e-08,1.574853e-10,2.724461e-10,4.774503e-09,4.774503e-11
1.408116e+01,8.857267e-10,1.598243e-08,1.598243e-10,2.760086e-10,4.870807e-09,4.870807e-11
1.408330e+01,8.885612e-10,1.622352e-08,1.622352e-10,2.747234e-10,4.929351e-09,4.929351e-11
1.408544e+01,8.917661e-10,1.649653e-08,1.649653e-10,2.739247e-10,5.016223e-09,5.016223e-11
1.408757e+01,9.008099e-10,1.679453e-08,1.679453e-10,2.783651e-10,5.119761e-09,5.119761e-11
1.408971e+01,9.112891e-10,1.710891e-08,1.710891e-10,2.836169e-10,5.248057e-09,5.248057e-11
1.409185e+01,9.161107e-10,1.741145e-08,1.741145e-10,2.837106e-10,5.331608e-09,5.331608e-11
1.409398e+01,9.168870e-10,1.770286e-08,1.770286e-10,2.816483e-10,5.414960e-09,5.414960e-11
1.409612e+01,9.202966e-10,1.798403e-08,1.798403e-10,2.841774e-10,5.514582e-09,5.514582e-11
1.409826e+01,9.264172e-10,1.824499e-08,1.824499e-10,2.898354e-10,5.627909e-09,5.627909e-11
1.410039e+01,9.290334e-10,1.847173e-08,1.847173e-10,2.913238e-10,5.709118e-09,5.709118e-11
1.410253e+01,9.266066e-10,1.865562e-08,1.865562e-10,2.881333e-10,5.746341e-09,5.746341e-11
1.410467e+01,9.249860e-10,1.880886e-08,1.880886e-10,2.874476e-10,5.798696e-09,5.798696e-11
1.410680e+01,9.273773e-10,1.892464e-08,1.892464e-10,2.917684e-10,5.849931e-09,5.849931e-11
1.410894e+01,9.290514e-10,1.899790e-08,1.899790e-10,2.946102e-10,5.891852e-09,5.891852e-11
1.411108e+01,9.257285e-10,1.901598e-08,1.901598e-10,2.915899e-10,5.870002e-09,5.870002e-11
1.411321e+01,9.205663e-10,1.899114e-08,1.899114e-10,2.877508e-10,5.845140e-09,5.845140e-11
1.411535e+01,9.181824e-10,1.892387e-08,1.892387e-10,2.887828e-10,5.819232e-09,5.819232e-11
1.411749e+01,9.171410e-10,1.881257e-08,1.881257e-10,2.917099e-10,5.794630e-09,5.794630e-11
1.411962e+01,9.136137e-10,1.864929e-08,1.864929e-10,2.906112e-10,5.729044e-09,5.729044e-11
1.412176e+01,9.082373e-10,1.843943e-08,1.843943e-10,2.865530e-10,5.636279e-09,5.636279e-11
1.412390e+01,9.040850e-10,1.819230e-08,1.819230e-10,2.851316e-10,5.551170e-09,5.551170e-11
1.412604e+01,9.004085e-10,1.790616e-08,1.790616e-10,2.868324e-10,5.466959e-09,5.466959e-11
1.412817e+01,8.934673e-10,1.758008e-08,1.758008e-10,2.865025e-10,5.373497e-09,5.373497e-11
1.413031e+01,8.830676e-10,1.721353e-08,1.721353e-10,2.820586e-10,5.245541e-09,5.245541e-11
1.413245e+01,8.733546e-10,1.682060e-08,1.682060e-10,2.774691e-10,5.115982e-09,5.115982e-11
1.413458e+01,8.660901e-10,1.641088e-08,1.641088e-10,2.758535e-10,4.987409e-09,4.987409e-11
1.413672e+01,8.576938e-10,1.598593e-08,1.598593e-10,2.748603e-10,4.860441e-09,4.860441e-11
1.413886e+01,8.453439e-10,1.554429e-08,1.554429e-10,2.712050e-10,4.718997e-09,4.718997e-11
1.414099e+01,8.319335e-10,1.510133e-08,1.510133e-10,2.659193e-10,4.569585e-09,4.569585e-11
1.414313e+01,8.219740e-10,1.467361e-08,1.467361e-10,2.622781e-10,4.431316e-09,4.431316e-11
1.414527e+01,8.156441e-10,1.427106e-08,1.427106e-10,2.610085e-10,4.309082e-09,4.309082e-11
1.414740e+01,8.092856e-10,1.389313e-08,1.389313e-10,2.600607e-10,4.202232e-09,4.202232e-11
1.414954e+01,8.001146e-10,1.353090e-08,1.353090e-10,2.576708e-10,4.101406e-09,4.101406e-11
1.415168e+01,7.889360e-10,1.318952e-08,1.318952e-10,2.540877e-10,4.009403e-09,4.009403e-11
1.415381e+01,7.789777e-10,1.288585e-08,1.288585e-10,2.510892e-10,3.936747e-09,3.936747e-11
1.415595e+01,7.724285e-10,1.262908e-08,1.262908e-10,2.500950e-10,3.886866e-09,3.886866e-11
1.415809e+01,7.681919e-10,1.241505e-08,1.241505e-10,2.504019e-10,3.856086e-09,3.856086e-11
1.416022e+01,7.636244e-10,1.222999e-08,1.222999e-10,2.498861e-10,3.830567e-09,3.830567e-11
1.416236e+01,7.579405e-10,1.207117e-08,1.207117e-10,2.479099e-10,3.807346e-09,3.807346e-11
1.416450e+01,7.529376e-10,1.194885e-08,1.194885e-10,2.465475e-10,3.801992e-09,3.801992e-11
1.416663e+01,7.501235e-10,1.186748e-08,1.186748e-10,2.475092e-10,3.817069e-09,3.817069e-11
1.416877e+01,7.483240e-10,1.182406e-08,1.182406e-10,2.490348e-10,3.849462e-09,3.849462e-11
1.417091e+01,7.455143e-10,1.181171e-08,1.181171e-10,2.483796e-10,3.876238e-09,3.876238e-11
1.417304e+01,7.424725e-10,1.182965e-08,1.182965e-10,2.465698e-10,3.908490e-09,3.908490e-11
1.417518e+01,7.421326e-10,1.188395e-08,1.188395e-10,2.472650e-10,3.961514e-09,3.961514e-11
1.417732e+01,7.448378e-10,1.197442e-08,1.197442e-10,2.507523e-10,4.033411e-09,4.033411e-11
1.417945e+01,7.478383e-10,1.208287e-08,1.208287e-10,2.531894e-10,4.102023e-09,4.102023e-11
1.418159e+01,7.502305e-10,1.219828e-08,1.219828e-10,2.530090e-10,4.149181e-09,4.149181e-11
1.418373e+01,7.545219e-10,1.232391e-08,1.232391e-10,2.536546e-10,4.202062e-09,4.202062e-11
1.418586e+01,7.619776e-10,1.246160e-08,1.246160e-10,2.576602e-10,4.263555e-09,4.263555e-11
1.418800e+01,7.699799e-10,1.260634e-08,1.260634e-10,2.622227e-10,4.330897e-09,4.330897e-11
1.419014e+01,7.760369e-10,1.274284e-08,1.274284e-10,2.638762e-10,4.374632e-09,4.374632e-11
1.419227e+01,7.811319e-10,1.286516e-08,1.286516e-10,2.640315e-10,4.409879e-09,4.409879e-11
1.419441e+01,7.868655e-10,1.296969e-08,1.296969e-10,2.659764e-10,4.446630e-09,4.446630e-11
1.419655e+01,7.919803e-10,1.306443e-08,1.306443e-10,2.689805e-10,4.491996e-09,4.491996e-11
1.419868e+01,7.950914e-10,1.315225e-08,1.315225e-10,2.701209e-10,4.530472e-09,4.530472e-11
1.420082e+01,7.988723e-10,1.324184e-08,1.324184e-10,2.702061e-10,4.565751e-09,4.565751e-11
1.420296e+01,8.068838e-10,1.333984e-08,1.333984e-10,2.726142e-10,4.609519e-09,4.609519e-11
1.420509e+01,8.175064e-10,1.345225e-08,1.345225e-10,2.771869e-10,4.667219e-09,4.667219e-11
1.420723e+01,8.258577e-10,1.357217e-08,1.357217e-10,2.804077e-10,4.727844e-09,4.727844e-11
1.420937e+01,8.313398e-10,1.369546e-08,1.369546e-10,2.816270e-10,4.785782e-09,4.785782e-11
1.421150e+01,8.380484e-10,1.382983e-08,1.382983e-10,2.839981e-10,4.850836e-09,4.850836e-11
1.421364e+01,8.475129e-10,1.398259e-08,1.398259e-10,2.884647e-10,4.923077e-09,4.923077e-11
1.421578e+01,8.564791e-10,1.415729e-08,1.415729e-10,2.920076e-10,4.997812e-09,4.997812e-11
1.421792e+01,8.629147e-10,1.434656e-08,1.434656e-10,2.933386e-10,5.064714e-09,5.064714e-11
1.422005e+01,8.693634e-10,1.454744e-08,1.454744e-10,2.953275e-10,5.136910e-09,5.136910e-11
1.422219e+01,8.778122e-10,1.474617e-08,1.474617e-10,2.993800e-10,5.205573e-09,5.205573e-11
1.422433e+01,8.855556e-10,1.494157e-08,1.494157e-10,3.021763e-10,5.269502e-09,5.269502e-11
1.422646e+01,8.898562e-10,1.513395e-08,1.513395e-10,3.014880e-10,5.315700e-09,5.315700e-11
1.422860e+01,8.933410e-10,1.533079e-08,1.533079e-10,3.008832e-10,5.372850e-09,5.372850e-11
1.423074e+01,9.003246e-10,1.553341e-08,1.553341e-10,3.041357e-10,5.440444e-09,5.440444e-11
1.423287e+01,9.102190e-10,1.574415e-08,1.574415e-10,3.088104e-10,5.519402e-09,5.519402e-11
1.423501e+01,9.194626e-10,1.595483e-08,1.595483e-10,3.106912e-10,5.581974e-09,5.581974e-11
1.423715e+01,9.275861e-10,1.615893e-08,1.615893e-10,3.112758e-10,5.644501e-09,5.644501e-11
1.423928e+01,9.364472e-10,1.634556e-08,1.634556e-10,3.149690e-10,5.717321e-09,5.717321e-11
1.424142e+01,9.453586e-10,1.650603e-08,1.650603e-10,3.210046e-10,5.797632e-09,5.797632e-11
1.424356e+01,9.521878e-10,1.664917e-08,1.664917e-10,3.246154e-10,5.866475e-09,5.866475e-11
1.424569e+01,9.584515e-10,1.678777e-08,1.678777e-10,3.255530e-10,5.918285e-09,5.918285e-11
1.424783e+01,9.678472e-10,1.692791e-08,1.692791e-10,3.287020e-10,5.982164e-09,5.982164e-11
1.424997e+01,9.793507e-10,1.705393e-08,1.705393e-10,3.353168e-10,6.049678e-09,6.049678e-11
1.425210e+01,9.868069e-10,1.714437e-08,1.714437e-10,3.401471e-10,6.112130e-09,6.112130e-11
1.425424e+01,9.875650e-10,1.719400e-08,1.719400e-10,3.399728e-10,6.145635e-09,6.145635e-11
1.425638e+01,9.869554e-10,1.723298e-08,1.723298e-10,3.391267e-10,6.186689e-09,6.186689e-11
1.425851e+01,9.907335e-10,1.728154e-08,1.728154e-10,3.424224e-10,6.244482e-09,6.244482e-11
1.426065e+01,9.972379e-10,1.733974e-08,1.733974e-10,3.476091e-10,6.319700e-09,6.319700e-11
1.426279e+01,1.001110e-09,1.738960e-08,1.738960e-10,3.497919e-10,6.387595e-09,6.387595e-11
1.426492e+01,1.001402e-09,1.742051e-08,1.742051e-10,3.494602e-10,6.453165e-09,6.453165e-11
1.426706e+01,1.001101e-09,1.743531e-08,1.743531e-10,3.506477e-10,6.529813e-09,6.529813e-11
1.426920e+01,1.001175e-09,1.744502e-08,1.744502e-10,3.537214e-10,6.617952e-09,6.617952e-11
1.427133e+01,1.000019e-09,1.745067e-08,1.745067e-10,3.554713e-10,6.706969e-09,6.706969e-11
1.427347e+01,9.975645e-10,1.744716e-08,1.744716e-10,3.551440e-10,6.787409e-09,6.787409e-11
1.427561e+01,9.956413e-10,1.743131e-08,1.743131e-10,3.553718e-10,6.866549e-09,6.866549e-11
1.427774e+01,9.941617e-10,1.740185e-08,1.740185e-10,3.571052e-10,6.945005e-09,6.945005e-11
1.427988e+01,9.908667e-10,1.735741e-08,1.735741e-10,3.581659e-10,7.017339e-09,7.017339e-11
1.428202e+01,9.855042e-10,1.729636e-08,1.729636e-10,3.575658e-10,7.075463e-09,7.075463e-11
1.428415e+01,9.807425e-10,1.722216e-08,1.722216e-10,3.571376e-10,7.120731e-09,7.120731e-11
1.428629e+01,9.778166e-10,1.713879e-08,1.713879e-10,3.577233e-10,7.154191e-09,7.154191e-11
1.428843e+01,9.745573e-10,1.704980e-08,1.704980e-10,3.576135e-10,7.174857e-09,7.174857e-11
1.429056e+01,9.693196e-10,1.695148e-08,1.695148e-10,3.561132e-10,7.179946e-09,7.179946e-11
1.429270e+01,9.633121e-10,1.683874e-08,1.683874e-10,3.548595e-10,7.170814e-09,7.170814e-11
1.429484e+01,9.573866e-10,1.670516e-08,1.670516e-10,3.541911e-10,7.144278e-09,7.144278e-11
1.429697e+01,9.499259e-10,1.655222e-08,1.655222e-10,3.519174e-10,7.097590e-09,7.097590e-11
1.429911e+01,9.400617e-10,1.638174e-08,1.638174e-10,3.474764e-10,7.028819e-09,7.028819e-11
1.430125e+01,9.300580e-10,1.619703e-08,1.619703e-10,3.436835e-10,6.948706e-09,6.948706e-11
1.430339e+01,9.217044e-10,1.599474e-08,1.599474e-10,3.419890e-10,6.855221e-09,6.855221e-11
1.430552e+01,9.127805e-10,1.577230e-08,1.577230e-10,3.394603e-10,6.745778e-09,6.745778e-11
1.430766e+01,9.002519e-10,1.552955e-08,1.552955e-10,3.334118e-10,6.608410e-09,6.608410e-11
1.430980e+01,8.854421e-10,1.527555e-08,1.527555e-10,3.261761e-10,6.459642e-09,6.459642e-11
1.431193e+01,8.723715e-10,1.501986e-08,1.501986e-10,3.215439e-10,6.306732e-09,6.306732e-11
1.431407e+01,8.618345e-10,1.476607e-08,1.476607e-10,3.185003e-10,6.151990e-09,6.151990e-11
1.431621e+01,8.511237e-10,1.451384e-08,1.451384e-10,3.131472e-10,5.981901e-09,5.981901e-11
1.431834e+01,8.390680e-10,1.426398e-08,1.426398e-10,3.055748e-10,5.800007e-09,5.800007e-11
1.432048e+01,8.273219e-10,1.401937e-08,1.401937e-10,2.996304e-10,5.625962e-09,5.625962e-11
1.432262e+01,8.165629e-10,1.378029e-08,1.378029e-10,2.962680e-10,5.460893e-09,5.460893e-11
1.432475e+01,8.052846e-10,1.354893e-08,1.354893e-10,2.921284e-10,5.302527e-09,5.302527e-11
1.432689e+01,7.930122e-10,1.332433e-08,1.332433e-10,2.854202e-10,5.136933e-09,5.136933e-11
1.432903e+01,7.814669e-10,1.310935e-08,1.310935e-10,2.788701e-10,4.985481e-09,4.985481e-11
1.433116e+01,7.714294e-10,1.290202e-08,1.290202e-10,2.749363e-10,4.851508e-09,4.851508e-11
1.433330e+01,7.610716e-10,1.270173e-08,1.270173e-10,2.717969e-10,4.734924e-09,4.734924e-11
1.433544e+01,7.492651e-10,1.251379e-08,1.251379e-10,2.667606e-10,4.622397e-09,4.622397e-11
1.433757e+01,7.384625e-10,1.235225e-08,1.235225e-10,2.608161e-10,4.518373e-09,4.518373e-11
1.433971e+01,7.320288e-10,1.222830e-08,1.222830e-10,2.569916e-10,4.434901e-09,4.434901e-11
1.434185e+01,7.300105e-10,1.214379e-08,1.214379e-10,2.557470e-10,4.370982e-09,4.370982e-11
1.434398e+01,7.298546e-10,1.209343e-08,1.209343e-10,2.547960e-10,4.321113e-09,4.321113e-11
1.434612e+01,7.303444e-10,1.207213e-08,1.207213e-10,2.529472e-10,4.277764e-09,4.277764e-11
1.434826e+01,7.323640e-10,1.207921e-08,1.207921e-10,2.513263e-10,4.246076e-09,4.246076e-11
1.435039e+01,7.364965e-10,1.211297e-08,1.211297e-10,2.510090e-10,4.228046e-09,4.228046e-11
1.435253e+01,7.420497e-10,1.216732e-08,1.216732e-10,2.517532e-10,4.221956e-09,4.221956e-11
1.435467e+01,7.483018e-10,1.223326e-08,1.223326e-10,2.528831e-10,4.224664e-09,4.224664e-11
1.435680e+01,7.550825e-10,1.230443e-08,1.230443e-10,2.540031e-10,4.233767e-09,4.233767e-11
1.435894e+01,7.621382e-10,1.237932e-08,1.237932e-10,2.550404e-10,4.249554e-09,4.249554e-11
1.436108e+01,7.691356e-10,1.246088e-08,1.246088e-10,2.563877e-10,4.274095e-09,4.274095e-11
1.436321e+01,7.762533e-10,1.255657e-08,1.255657e-10,2.587322e-10,4.309254e-09,4.309254e-11
1.436535e+01,7.839959e-10,1.267583e-08,1.267583e-10,2.619013e-10,4.356224e-09,4.356224e-11
1.436749e+01,7.925504e-10,1.282570e-08,1.282570e-10,2.646210e-10,4.410147e-09,4.410147e-11
1.436962e+01,8.022365e-10,1.300960e-08,1.300960e-10,2.666703e-10,4.470063e-09,4.470063e-11
1.437176e+01,8.138618e-10,1.322796e-08,1.322796e-10,2.697366e-10,4.543269e-09,4.543269e-11
1.437390e+01,8.271661e-10,1.347738e-08,1.347738e-10,2.745946e-10,4.629643e-09,4.629643e-11
1.437603e+01,8.401111e-10,1.375172e-08,1.375172e-10,2.792623e-10,4.726653e-09,4.726653e-11
1.437817e+01,8.515281e-10,1.404378e-08,1.404378e-10,2.818941e-10,4.822036e-09,4.822036e-11
1.438031e+01,8.632818e-10,1.434754e-08,1.434754e-10,2.841551e-10,4.923625e-09,4.923625e-11
1.438244e+01,8.773995e-10,1.465342e-08,1.465342e-10,2.888254e-10,5.033230e-09,5.033230e-11
1.438458e+01,8.922216e-10,1.495170e-08,1.495170e-10,2.949262e-10,5.149322e-09,5.149322e-11
1.438672e+01,9.042177e-10,1.523140e-08,1.523140e-10,2.989793e-10,5.257095e-09,5.257095e-11
1.438885e+01,9.129425e-10,1.548855e-08,1.548855e-10,3.006059e-10,5.354268e-09,5.354268e-11
1.439099e+01,9.213963e-10,1.572488e-08,1.572488e-10,3.030316e-10,5.451805e-09,5.451805e-11
1.439313e+01,9.310957e-10,1.594333e-08,1.594333e-10,3.075682e-10,5.547720e-09,5.547720e-11
1.439527e+01,9.398873e-10,1.614358e-08,1.614358e-10,3.112703e-10,5.636690e-09,5.636690e-11
1.439740e+01,9.460845e-10,1.632116e-08,1.632116e-10,3.120079e-10,5.704680e-09,5.704680e-11
1.439954e+01,9.516239e-10,1.647382e-08,1.647382e-10,3.122560e-10,5.765675e-09,5.765675e-11
1.440168e+01,9.585601e-10,1.659913e-08,1.659913e-10,3.146890e-10,5.819476e-09,5.819476e-11
1.440381e+01,9.651998e-10,1.669885e-08,1.669885e-10,3.174520e-10,5.865584e-09,5.865584e-11
1.440595e+01,9.692576e-10,1.676872e-08,1.676872e-10,3.175874e-10,5.889221e-09,5.889221e-11
1.440809e+01,9.720889e-10,1.681120e-08,1.681120e-10,3.163149e-10,5.899060e-09,5.899060e-11
1.441022e+01,9.757732e-10,1.682114e-08,1.682114e-10,3.167548e-10,5.900312e-09,5.900312e-11
1.441236e+01,9.782135e-10,1.679484e-08,1.679484e-10,3.180998e-10,5.893721e-09,5.893721e-11
1.441450e+01,9.755586e-10,1.673025e-08,1.673025e-10,3.167482e-10,5.868210e-09,5.868210e-11
1.441663e+01,9.684916e-10,1.663658e-08,1.663658e-10,3.126991e-10,5.825926e-09,5.825926e-11
1.441877e+01,9.614414e-10,1.652616e-08,1.652616e-10,3.096816e-10,5.780314e-09,5.780314e-11
1.442091e+01,9.556821e-10,1.640556e-08,1.640556e-10,3.087013e-10,5.733268e-09,5.733268e-11
1.442304e+01,9.479600e-10,1.628042e-08,1.628042e-10,3.064622e-10,5.680687e-09,5.680687e-11
1.442518e+01,9.373173e-10,1.615462e-08,1.615462e-10,3.014858e-10,5.613999e-09,5.613999e-11
1.442732e+01,9.283086e-10,1.604416e-08,1.604416e-10,2.972217e-10,5.552677e-09,5.552677e-11
1.442945e+01,9.241228e-10,1.595039e-08,1.595039e-10,2.961966e-10,5.497514e-09,5.497514e-11
1.443159e+01,9.211845e-10,1.586975e-08,1.586975e-10,2.953590e-10,5.450417e-09,5.450417e-11
1.443373e+01,9.149391e-10,1.579041e-08,1.579041e-10,2.913470e-10,5.388477e-09,5.388477e-11
1.443586e+01,9.074020e-10,1.572388e-08,1.572388e-10,2.865234e-10,5.333418e-09,5.333418e-11
1.443800e+01,9.038398e-10,1.567657e-08,1.567657e-10,2.850748e-10,5.289061e-09,5.289061e-11
1.444014e+01,9.040454e-10,1.564565e-08,1.564565e-10,2.858602e-10,5.260920e-09,5.260920e-11
1.444227e+01,9.023012e-10,1.561574e-08,1.561574e-10,2.841739e-10,5.222201e-09,5.222201e-11
1.444441e+01,8.957299e-10,1.556935e-08,1.556935e-10,2.795917e-10,5.172389e-09,5.172389e-11
1.444655e+01,8.878496e-10,1.550942e-08,1.550942e-10,2.766150e-10,5.133210e-09,5.133210e-11
1.444868e+01,8.822179e-10,1.544449e-08,1.544449e-10,2.768066e-10,5.102721e-09,5.102721e-11
1.445082e+01,8.771598e-10,1.538019e-08,1.538019e-10,2.760186e-10,5.074093e-09,5.074093e-11
1.445296e+01,8.700400e-10,1.530627e-08,1.530627e-10,2.716106e-10,5.014381e-09,5.014381e-11
1.445509e+01,8.624915e-10,1.523088e-08,1.523088e-10,2.671263e-10,4.963370e-09,4.963370e-11
1.445723e+01,8.570777e-10,1.515119e-08,1.515119e-10,2.662301e-10,4.918503e-09,4.918503e-11
1.445937e+01,8.521958e-10,1.507173e-08,1.507173e-10,2.662380e-10,4.889700e-09,4.889700e-11
1.446150e+01,8.451139e-10,1.499101e-08,1.499101e-10,2.626402e-10,4.834638e-09,4.834638e-11
1.446364e+01,8.373458e-10,1.491297e-08,1.491297e-10,2.569630e-10,4.771220e-09,4.771220e-11
1.446578e+01,8.321859e-10,1.484349e-08,1.484349e-10,2.542865e-10,4.726443e-09,4.726443e-11
1.446791e+01,8.284741e-10,1.477699e-08,1.477699e-10,2.546725e-10,4.697440e-09,4.697440e-11
1.447005e+01,8.215443e-10,1.470783e-08,1.470783e-10,2.529715e-10,4.670133e-09,4.670133e-11
1.447219e+01,8.106460e-10,1.462908e-08,1.462908e-10,2.473590e-10,4.609195e-09,4.609195e-11
1.447432e+01,8.009162e-10,1.455118e-08,1.455118e-10,2.426208e-10,4.565216e-09,4.565216e-11
1.447646e+01,7.958176e-10,1.447175e-08,1.447175e-10,2.425218e-10,4.532044e-09,4.532044e-11
1.447860e+01,7.915607e-10,1.439002e-08,1.439002e-10,2.435775e-10,4.516833e-09,4.516833e-11
1.448074e+01,7.830374e-10,1.429258e-08,1.429258e-10,2.406986e-10,4.472254e-09,4.472254e-11
1.448287e+01,7.721141e-10,1.418558e-08,1.418558e-10,2.354302e-10,4.417205e-09,4.417205e-11
1.448501e+01,7.647590e-10,1.407961e-08,1.407961e-10,2.332926e-10,4.379618e-09,4.379618e-11
1.448715e+01,7.619114e-10,1.397841e-08,1.397841e-10,2.348773e-10,4.355030e-09,4.355030e-11
1.448928e+01,7.587172e-10,1.388177e-08,1.388177e-10,2.351343e-10,4.332623e-09,4.332623e-11
1.449142e+01,7.525243e-10,1.378403e-08,1.378403e-10,2.316701e-10,4.278237e-09,4.278237e-11
1.449356e+01,7.465604e-10,1.369643e-08,1.369643e-10,2.283881e-10,4.237543e-09,4.237543e-11
1.449569e+01,7.442986e-10,1.362176e-08,1.362176e-10,2.289158e-10,4.207109e-09,4.207109e-11
1.449783e+01,7.439806e-10,1.356405e-08,1.356405e-10,2.309058e-10,4.191685e-09,4.191685e-11
1.449997e+01,7.417481e-10,1.351602e-08,1.351602e-10,2.301149e-10,4.159850e-09,4.159850e-11
1.450210e+01,7.380129e-10,1.347781e-08,1.347781e-10,2.272723e-10,4.119478e-09,4.119478e-11
1.450424e+01,7.366263e-10,1.345345e-08,1.345345e-10,2.267330e-10,4.096040e-09,4.096040e-11
1.450638e+01,7.387847e-10,1.344913e-08,1.344913e-10,2.294447e-10,4.084529e-09,4.084529e-11
1.450851e+01,7.418936e-10,1.346468e-08,1.346468e-10,2.317730e-10,4.080731e-09,4.080731e-11
1.451065e+01,7.442818e-10,1.349498e-08,1.349498e-10,2.315799e-10,4.062654e-09,4.062654e-11
1.451279e+01,7.471396e-10,1.353953e-08,1.353953e-10,2.312667e-10,4.055047e-09,4.055047e-11
1.451492e+01,7.513618e-10,1.358843e-08,1.358843e-10,2.334462e-10,4.058908e-09,4.058908e-11
1.451706e+01,7.558487e-10,1.364936e-08,1.364936e-10,2.368733e-10,4.075961e-09,4.075961e-11
1.451920e+01,7.599488e-10,1.372728e-08,1.372728e-10,2.388871e-10,4.092074e-09,4.092074e-11
1.452133e+01,7.654489e-10,1.382444e-08,1.382444e-10,2.399195e-10,4.107931e-09,4.107931e-11
1.452347e+01,7.739802e-10,1.394016e-08,1.394016e-10,2.425823e-10,4.136562e-09,4.136562e-11
1.452561e+01,7.835773e-10,1.406620e-08,1.406620e-10,2.471161e-10,4.173697e-09,4.173697e-11
1.452774e+01,7.908771e-10,1.419777e-08,1.419777e-10,2.509728e-10,4.215232e-09,4.215232e-11
1.452988e+01,7.964087e-10,1.434178e-08,1.434178e-10,2.529452e-10,4.252328e-09,4.252328e-11
1.453202e+01,8.043396e-10,1.450538e-08,1.450538e-10,2.549107e-10,4.294428e-09,4.294428e-11
1.453415e+01,8.162927e-10,1.468416e-08,1.468416e-10,2.585977e-10,4.343842e-09,4.343842e-11
1.453629e+01,8.287897e-10,1.487137e-08,1.487137e-10,2.628317e-10,4.398169e-09,4.398169e-11
1.453843e+01,8.380711e-10,1.505649e-08,1.505649e-10,2.655069e-10,4.449628e-09,4.449628e-11
1.454056e+01,8.450277e-10,1.524019e-08,1.524019e-10,2.668758e-10,4.497868e-09,4.497868e-11
1.454270e+01,8.537822e-10,1.542679e-08,1.542679e-10,2.691993e-10,4.549444e-09,4.549444e-11
1.454484e+01,8.660453e-10,1.561392e-08,1.561392e-10,2.735186e-10,4.604467e-09,4.604467e-11
1.454697e+01,8.787151e-10,1.579577e-08,1.579577e-10,2.783057e-10,4.658600e-09,4.658600e-11
1.454911e+01,8.879231e-10,1.596164e-08,1.596164e-10,2.818065e-10,4.704338e-09,4.704338e-11
1.455125e+01,8.938515e-10,1.610755e-08,1.610755e-10,2.843560e-10,4.742598e-09,4.742598e-11
1.455338e+01,8.995571e-10,1.623580e-08,1.623580e-10,2.873125e-10,4.776616e-09,4.776616e-11
1.455552e+01,9.061956e-10,1.634998e-08,1.634998e-10,2.907808e-10,4.807688e-09,4.807688e-11
1.455766e+01,9.118476e-10,1.645114e-08,1.645114e-10,2.935588e-10,4.833089e-09,4.833089e-11
1.455979e+01,9.147116e-10,1.653676e-08,1.653676e-10,2.949261e-10,4.850136e-09,4.850136e-11
1.456193e+01,9.156789e-10,1.660425e-08,1.660425e-10,2.956401e-10,4.860695e-09,4.860695e-11
1.456407e+01,9.169854e-10,1.665117e-08,1.665117e-10,2.967712e-10,4.866789e-09,4.866789e-11
1.456620e+01,9.189123e-10,1.667785e-08,1.667785e-10,2.980311e-10,4.868513e-09,4.868513e-11
1.456834e+01,9.194148e-10,1.668684e-08,1.668684e-10,2.982776e-10,4.863099e-09,4.863099e-11
1.457048e+01,9.175455e-10,1.668084e-08,1.668084e-10,2.976353e-10,4.853303e-09,4.853303e-11
1.457262e+01,9.149891e-10,1.666158e-08,1.666158e-10,2.975695e-10,4.844327e-09,4.844327e-11
1.457475e+01,9.129482e-10,1.663126e-08,1.663126e-10,2.983324e-10,4.839937e-09,4.839937e-11
1.457689e+01,9.099404e-10,1.658326e-08,1.658326e-10,2.981991e-10,4.833276e-09,4.833276e-11
1.457903e+01,9.041447e-10,1.651055e-08,1.651055e-10,2.961482e-10,4.818036e-09,4.818036e-11
1.458116e+01,8.960536e-10,1.641672e-08,1.641672e-10,2.935419e-10,4.800308e-09,4.800308e-11
1.458330e+01,8.875607e-10,1.630265e-08,1.630265e-10,2.920542e-10,4.784886e-09,4.784886e-11
1.458544e+01,8.799283e-10,1.618536e-08,1.618536e-10,2.912403e-10,4.778547e-09,4.778547e-11
1.458757e+01,8.737687e-10,1.607789e-08,1.607789e-10,2.896788e-10,4.770189e-09,4.770189e-11
1.458971e+01,8.701555e-10,1.597782e-08,1.597782e-10,2.880279e-10,4.763235e-09,4.763235e-11
1.459185e+01,8.695088e-10,1.587585e-08,1.587585e-10,2.883821e-10,4.756554e-09,4.756554e-11
1.459398e+01,8.687529e-10,1.575553e-08,1.575553e-10,2.900262e-10,4.753987e-09,4.753987e-11
1.459612e+01,8.634568e-10,1.560982e-08,1.560982e-10,2.894583e-10,4.745139e-09,4.745139e-11
1.459826e+01,8.549012e-10,1.546602e-08,1.546602e-10,2.862004e-10,4.725991e-09,4.725991e-11
1.460039e+01,8.505862e-10,1.535861e-08,1.535861e-10,2.846502e-10,4.722274e-09,4.722274e-11
1.460253e+01,8.542824e-10,1.529037e-08,1.529037e-10,2.873922e-10,4.731232e-09,4.731232e-11
1.460467e+01,8.599663e-10,1.524841e-08,1.524841e-10,2.904763e-10,4.754839e-09,4.754839e-11
1.460680e+01,8.598949e-10,1.518697e-08,1.518697e-10,2.893620e-10,4.747370e-09,4.747370e-11
1.460894e+01,8.549476e-10,1.510601e-08,1.510601e-10,2.861535e-10,4.738240e-09,4.738240e-11
1.461108e+01,8.526172e-10,1.504455e-08,1.504455e-10,2.862087e-10,4.740112e-09,4.740112e-11
1.461321e+01,8.563945e-10,1.502720e-08,1.502720e-10,2.895892e-10,4.766396e-09,4.766396e-11
1.461535e+01,8.617240e-10,1.504960e-08,1.504960e-10,2.910097e-10,4.787383e-09,4.787383e-11
1.461749e+01,8.631240e-10,1.508544e-08,1.508544e-10,2.884800e-10,4.785311e-09,4.785311e-11
1.461962e+01,8.605254e-10,1.509989e-08,1.509989e-10,2.863428e-10,4.799213e-09,4.799213e-11
1.462176e+01,8.560782e-10,1.508300e-08,1.508300e-10,2.872268e-10,4.814463e-09,4.814463e-11
1.462390e+01,8.495226e-10,1.506306e-08,1.506306e-10,2.870976e-10,4.840023e-09,4.840023e-11
1.462603e+01,8.414269e-10,1.505036e-08,1.505036e-10,2.827904e-10,4.821466e-09,4.821466e-11
1.462817e+01,8.361444e-10,1.506505e-08,1.506505e-10,2.786613e-10,4.820171e-09,4.820171e-11
1.463031e+01,8.357307e-10,1.509497e-08,1.509497e-10,2.798062e-10,4.839896e-09,4.839896e-11
1.463244e+01,8.351480e-10,1.511880e-08,1.511880e-10,2.830440e-10,4.878948e-09,4.878948e-11
1.463458e+01,8.290143e-10,1.511604e-08,1.511604e-10,2.816294e-10,4.885230e-09,4.885230e-11
1.463672e+01,8.198409e-10,1.509152e-08,1.509152e-10,2.762488e-10,4.861790e-09,4.861790e-11
1.463885e+01,8.140166e-10,1.506529e-08,1.506529e-10,2.735966e-10,4.862429e-09,4.862429e-11
1.464099e+01,8.119444e-10,1.504704e-08,1.504704e-10,2.752318e-10,4.877231e-09,4.877231e-11
1.464313e+01,8.082267e-10,1.503470e-08,1.503470e-10,2.755356e-10,4.896977e-09,4.896977e-11
1.464526e+01,8.013361e-10,1.502131e-08,1.502131e-10,2.716142e-10,4.881781e-09,4.881781e-11
1.464740e+01,7.963443e-10,1.501144e-08,1.501144e-10,2.682238e-10,4.881307e-09,4.881307e-11
1.464954e+01,7.954365e-10,1.498597e-08,1.498597e-10,2.691845e-10,4.886212e-09,4.886212e-11
1.465167e+01,7.927839e-10,1.493642e-08,1.493642e-10,2.703587e-10,4.893972e-09,4.893972e-11
1.465381e+01,7.837606e-10,1.485884e-08,1.485884e-10,2.668943e-10,4.869592e-09,4.869592e-11
1.465595e+01,7.730896e-10,1.477882e-08,1.477882e-10,2.616604e-10,4.841581e-09,4.841581e-11
1.465809e+01,7.677100e-10,1.470775e-08,1.470775e-10,2.601392e-10,4.825517e-09,4.825517e-11
1.466022e+01,7.662682e-10,1.464526e-08,1.464526e-10,2.612385e-10,4.818815e-09,4.818815e-11
1.466236e+01,7.620467e-10,1.457318e-08,1.457318e-10,2.595787e-10,4.796409e-09,4.796409e-11
1.466450e+01,7.534173e-10,1.447994e-08,1.447994e-10,2.546596e-10,4.754032e-09,4.754032e-11
1.466663e+01,7.453191e-10,1.437411e-08,1.437411e-10,2.510431e-10,4.713119e-09,4.713119e-11
1.466877e+01,7.412262e-10,1.427573e-08,1.427573e-10,2.501431e-10,4.679256e-09,4.679256e-11
1.467091e+01,7.393562e-10,1.419312e-08,1.419312e-10,2.487164e-10,4.643880e-09,4.643880e-11
1.467304e+01,7.375833e-10,1.412470e-08,1.412470e-10,2.456438e-10,4.600003e-09,4.600003e-11
1.467518e+01,7.366650e-10,1.406838e-08,1.406838e-10,2.438799e-10,4.563755e-09,4.563755e-11
1.467732e+01,7.362707e-10,1.401152e-08,1.401152e-10,2.443401e-10,4.535917e-09,4.535917e-11
1.467945e+01,7.333322e-10,1.395158e-08,1.395158e-10,2.435111e-10,4.508898e-09,4.508898e-11
1.468159e+01,7.276621e-10,1.388609e-08,1.388609e-10,2.399498e-10,4.468242e-09,4.468242e-11
1.468373e+01,7.236598e-10,1.382839e-08,1.382839e-10,2.374803e-10,4.438657e-09,4.438657e-11
1.468586e+01,7.232526e-10,1.378444e-08,1.378444e-10,2.383123e-10,4.421872e-09,4.421872e-11
1.468800e+01,7.224980e-10,1.374922e-08,1.374922e-10,2.389430e-10,4.415840e-09,4.415840e-11
1.469014e+01,7.186049e-10,1.372112e-08,1.372112e-10,2.366242e-10,4.394506e-09,4.394506e-11
1.469227e+01,7.151981e-10,1.371839e-08,1.371839e-10,2.344222e-10,4.385332e-09,4.385332e-11
1.469441e+01,7.167813e-10,1.374017e-08,1.374017e-10,2.358194e-10,4.385916e-09,4.385916e-11
1.469655e+01,7.218805e-10,1.378556e-08,1.378556e-10,2.383412e-10,4.401003e-09,4.401003e-11
1.469868e+01,7.256928e-10,1.384646e-08,1.384646e-10,2.376981e-10,4.393469e-09,4.393469e-11
1.470082e+01,7.276588e-10,1.391436e-08,1.391436e-10,2.354776e-10,4.384244e-09,4.384244e-11
1.470296e+01,7.314998e-10,1.399172e-08,1.399172e-10,2.363409e-10,4.385692e-09,4.385692e-11
1.470509e+01,7.383367e-10,1.408372e-08,1.408372e-10,2.397334e-10,4.399632e-09,4.399632e-11
1.470723e+01,7.451030e-10,1.417911e-08,1.417911e-10,2.409348e-10,4.400567e-09,4.400567e-11
1.470937e+01,7.500623e-10,1.426902e-08,1.426902e-10,2.393273e-10,4.384029e-09,4.384029e-11
1.471150e+01,7.545575e-10,1.435005e-08,1.435005e-10,2.392038e-10,4.381294e-09,4.381294e-11
1.471364e+01,7.582802e-10,1.442083e-08,1.442083e-10,2.415891e-10,4.388743e-09,4.388743e-11
1.471578e+01,7.590280e-10,1.449049e-08,1.449049e-10,2.422774e-10,4.399287e-09,4.399287e-11
1.471791e+01,7.581639e-10,1.456936e-08,1.456936e-10,2.398917e-10,4.391609e-09,4.391609e-11
1.472005e+01,7.602737e-10,1.467113e-08,1.467113e-10,2.387176e-10,4.401372e-09,4.401372e-11
1.472219e+01,7.662072e-10,1.479771e-08,1.479771e-10,2.411987e-10,4.425424e-09,4.425424e-11
1.472432e+01,7.716940e-10,1.494619e-08,1.494619e-10,2.438760e-10,4.462301e-09,4.462301e-11
1.472646e+01,7.747649e-10,1.510974e-08,1.510974e-10,2.437979e-10,4.487217e-09,4.487217e-11
1.472860e+01,7.791882e-10,1.529309e-08,1.529309e-10,2.438029e-10,4.521871e-09,4.521871e-11
1.473073e+01,7.879270e-10,1.549257e-08,1.549257e-10,2.472452e-10,4.570124e-09,4.570124e-11
1.473287e+01,7.977229e-10,1.570348e-08,1.570348e-10,2.517629e-10,4.629287e-09,4.629287e-11
1.473501e+01,8.041619e-10,1.591187e-08,1.591187e-10,2.536211e-10,4.677917e-09,4.677917e-11
1.473714e+01,8.087079e-10,1.611350e-08,1.611350e-10,2.544077e-10,4.727113e-09,4.727113e-11
1.473928e+01,8.152175e-10,1.630142e-08,1.630142e-10,2.576144e-10,4.780569e-09,4.780569e-11
1.474142e+01,8.225967e-10,1.647009e-08,1.647009e-10,2.618496e-10,4.837164e-09,4.837164e-11
1.474355e+01,8.269586e-10,1.661113e-08,1.661113e-10,2.633053e-10,4.876492e-09,4.876492e-11
1.474569e+01,8.292059e-10,1.672774e-08,1.672774e-10,2.630730e-10,4.907553e-09,4.907553e-11
1.474783e+01,8.341148e-10,1.682689e-08,1.682689e-10,2.655593e-10,4.941490e-09,4.941490e-11
1.474997e+01,8.424642e-10,1.691236e-08,1.691236e-10,2.704544e-10,4.982615e-09,4.982615e-11
1.475210e+01,8.503965e-10,1.698165e-08,1.698165e-10,2.733724e-10,5.011869e-09,5.011869e-11
1.475424e+01,8.564644e-10,1.703105e-08,1.703105e-10,2.739593e-10,5.030043e-09,5.030043e-11
1.475638e+01,8.637213e-10,1.706347e-08,1.706347e-10,2.765230e-10,5.054965e-09,5.054965e-11
1.475851e+01,8.737171e-10,1.708087e-08,1.708087e-10,2.821144e-10,5.088528e-09,5.088528e-11
1.476065e+01,8.836976e-10,1.708884e-08,1.708884e-10,2.863118e-10,5.119911e-09,5.119911e-11
1.476279e+01,8.920151e-10,1.708788e-08,1.708788e-10,2.870926e-10,5.128962e-09,5.128962e-11
1.476492e+01,9.010646e-10,1.708581e-08,1.708581e-10,2.886196e-10,5.148884e-09,5.148884e-11
1.476706e+01,9.119155e-10,1.707998e-08,1.707998e-10,2.935210e-10,5.174724e-09,5.174724e-11
1.476920e+01,9.208307e-10,1.707069e-08,1.707069e-10,2.976483e-10,5.208850e-09,5.208850e-11
1.477133e+01,9.250738e-10,1.705829e-08,1.705829e-10,2.972004e-10,5.216050e-09,5.216050e-11
1.477347e+01,9.277506e-10,1.705695e-08,1.705695e-10,2.954477e-10,5.231705e-09,5.231705e-11
1.477561e+01,9.324915e-10,1.707347e-08,1.707347e-10,2.970194e-10,5.260183e-09,5.260183e-11
1.477774e+01,9.372667e-10,1.710799e-08,1.710799e-10,2.999372e-10,5.305655e-09,5.305655e-11
1.477988e+01,9.382012e-10,1.714935e-08,1.714935e-10,2.994895e-10,5.337997e-09,5.337997e-11
1.478202e+01,9.366008e-10,1.719201e-08,1.719201e-10,2.968193e-10,5.365161e-09,5.365161e-11
1.478415e+01,9.369267e-10,1.723223e-08,1.723223e-10,2.967397e-10,5.399895e-09,5.399895e-11
1.478629e+01,9.396469e-10,1.726756e-08,1.726756e-10,2.992471e-10,5.435535e-09,5.435535e-11
1.478843e+01,9.413363e-10,1.729491e-08,1.729491e-10,3.000399e-10,5.460379e-09,5.460379e-11
1.479056e+01,9.409133e-10,1.730780e-08,1.730780e-10,2.982779e-10,5.465958e-09,5.465958e-11
1.479270e+01,9.402402e-10,1.729628e-08,1.729628e-10,2.973890e-10,5.467776e-09,5.467776e-11
1.479484e+01,9.387242e-10,1.724615e-08,1.724615e-10,2.979967e-10,5.454755e-09,5.454755e-11
1.479697e+01,9.332564e-10,1.714431e-08,1.714431e-10,2.963923e-10,5.418227e-09,5.418227e-11
1.479911e+01,9.241940e-10,1.699013e-08,1.699013e-10,2.914911e-10,5.350586e-09,5.350586e-11
1.480125e+01,9.158070e-10,1.680133e-08,1.680133e-10,2.870649e-10,5.273483e-09,5.273483e-11
1.480338e+01,9.094463e-10,1.659239e-08,1.659239e-10,2.849892e-10,5.194161e-09,5.194161e-11
1.480552e+01,9.020118e-10,1.636959e-08,1.636959e-10,2.823758e-10,5.110921e-09,5.110921e-11
1.480766e+01,8.926990e-10,1.613109e-08,1.613109e-10,2.777793e-10,5.014325e-09,5.014325e-11
1.480979e+01,8.852828e-10,1.587274e-08,1.587274e-10,2.743990e-10,4.914807e-09,4.914807e-11
1.481193e+01,8.814807e-10,1.559086e-08,1.559086e-10,2.739753e-10,4.815051e-09,4.815051e-11
1.481407e+01,8.775933e-10,1.530061e-08,1.530061e-10,2.731064e-10,4.714292e-09,4.714292e-11
1.481620e+01,8.711687e-10,1.502467e-08,1.502467e-10,2.696467e-10,4.606793e-09,4.606793e-11
1.481834e+01,8.655519e-10,1.479091e-08,1.479091e-10,2.670679e-10,4.517655e-09,4.517655e-11
1.482048e+01,8.635256e-10,1.460406e-08,1.460406e-10,2.679139e-10,4.452255e-09,4.452255e-11
1.482261e+01,8.612706e-10,1.444072e-08,1.444072e-10,2.683283e-10,4.402692e-09,4.402692e-11
1.482475e+01,8.540123e-10,1.425173e-08,1.425173e-10,2.643706e-10,4.320579e-09,4.320579e-11
1.482689e+01,8.440897e-10,1.403118e-08,1.403118e-10,2.593105e-10,4.235469e-09,4.235469e-11
1.482902e+01,8.369983e-10,1.381177e-08,1.381177e-10,2.582660e-10,4.160161e-09,4.160161e-11
1.483116e+01,8.324713e-10,1.364373e-08,1.364373e-10,2.592486e-10,4.131475e-09,4.131475e-11
1.483330e+01,8.262095e-10,1.353521e-08,1.353521e-10,2.569607e-10,4.089174e-09,4.089174e-11
1.483544e+01,8.182927e-10,1.347084e-08,1.347084e-10,2.528052e-10,4.063199e-09,4.063199e-11
1.483757e+01,8.123676e-10,1.339813e-08,1.339813e-10,2.525346e-10,4.058558e-09,4.058558e-11
1.483971e+01,8.071878e-10,1.327355e-08,1.327355e-10,2.551223e-10,4.074280e-09,4.074280e-11
1.484185e+01,7.976899e-10,1.310420e-08,1.310420e-10,2.536344e-10,4.055619e-09,4.055619e-11
1.484398e+01,7.852016e-10,1.295074e-08,1.295074e-10,2.478558e-10,4.000302e-09,4.000302e-11
1.484612e+01,7.779100e-10,1.288392e-08,1.288392e-10,2.459488e-10,4.015997e-09,4.015997e-11
1.484826e+01,7.786222e-10,1.290846e-08,1.290846e-10,2.507665e-10,4.089800e-09,4.089800e-11
1.485039e+01,7.802141e-10,1.297223e-08,1.297223e-10,2.545988e-10,4.190044e-09,4.190044e-11
1.485253e+01,7.769909e-10,1.297396e-08,1.297396e-10,2.521277e-10,4.191858e-09,4.191858e-11
1.485467e+01,7.724430e-10,1.289820e-08,1.289820e-10,2.490327e-10,4.202415e-09,4.202415e-11
1.485680e+01,7.711995e-10,1.278342e-08,1.278342e-10,2.515614e-10,4.230166e-09,4.230166e-11
1.485894e+01,7.708104e-10,1.271260e-08,1.271260e-10,2.557518e-10,4.308995e-09,4.308995e-11
1.486108e+01,7.680369e-10,1.271240e-08,1.271240e-10,2.551186e-10,4.342855e-09,4.342855e-11
1.486321e+01,7.670888e-10,1.279839e-08,1.279839e-10,2.527688e-10,4.391430e-09,4.391430e-11
1.486535e+01,7.729187e-10,1.290939e-08,1.290939e-10,2.559327e-10,4.479184e-09,4.479184e-11
1.486749e+01,7.803657e-10,1.294939e-08,1.294939e-10,2.623984e-10,4.571437e-09,4.571437e-11
1.486962e+01,7.798632e-10,1.286819e-08,1.286819e-10,2.633591e-10,4.600809e-09,4.600809e-11
1.487176e+01,7.728192e-10,1.274145e-08,1.274145e-10,2.585430e-10,4.571190e-09,4.571190e-11
1.487390e+01,7.707476e-10,1.269968e-08,1.269968e-10,2.571320e-10,4.589581e-09,4.589581e-11
1.487603e+01,7.780817e-10,1.278517e-08,1.278517e-10,2.624060e-10,4.651958e-09,4.651958e-11
1.487817e+01,7.864287e-10,1.295529e-08,1.295529e-10,2.667697e-10,4.730477e-09,4.730477e-11
1.488031e+01,7.885474e-10,1.309622e-08,1.309622e-10,2.652039e-10,4.742348e-09,4.742348e-11
1.488244e+01,7.879586e-10,1.315369e-08,1.315369e-10,2.630033e-10,4.739260e-09,4.739260e-11
1.488458e+01,7.901949e-10,1.313951e-08,1.313951e-10,2.652529e-10,4.718499e-09,4.718499e-11
1.488672e+01,7.936788e-10,1.314864e-08,1.314864e-10,2.680732e-10,4.709697e-09,4.709697e-11
1.488885e+01,7.954258e-10,1.323746e-08,1.323746e-10,2.667361e-10,4.673017e-09,4.673017e-11
1.489099e+01,7.986162e-10,1.344237e-08,1.344237e-10,2.648128e-10,4.663181e-09,4.663181e-11
1.489313e+01,8.069056e-10,1.372302e-08,1.372302e-10,2.675836e-10,4.679648e-09,4.679648e-11
1.489526e+01,8.157614e-10,1.399204e-08,1.399204e-10,2.718616e-10,4.706806e-09,4.706806e-11
1.489740e+01,8.178001e-10,1.417008e-08,1.417008e-10,2.709212e-10,4.675065e-09,4.675065e-11
1.489954e+01,8.144764e-10,1.428449e-08,1.428449e-10,2.661355e-10,4.609201e-09,4.609201e-11
1.490167e+01,8.142512e-10,1.442854e-08,1.442854e-10,2.647602e-10,4.565795e-09,4.565795e-11
1.490381e+01,8.198975e-10,1.465525e-08,1.465525e-10,2.677772e-10,4.567284e-09,4.567284e-11
1.490595e+01,8.259439e-10,1.495699e-08,1.495699e-10,2.691237e-10,4.586579e-09,4.586579e-11
1.490808e+01,8.287494e-10,1.527416e-08,1.527416e-10,2.668151e-10,4.590877e-09,4.590877e-11
1.491022e+01,8.305820e-10,1.554333e-08,1.554333e-10,2.655673e-10,4.605700e-09,4.605700e-11
1.491236e+01,8.325177e-10,1.571761e-08,1.571761e-10,2.670993e-10,4.605949e-09,4.605949e-11
1.491449e+01,8.312569e-10,1.582354e-08,1.582354e-10,2.666465e-10,4.596458e-09,4.596458e-11
1.491663e+01,8.260467e-10,1.591053e-08,1.591053e-10,2.619176e-10,4.556058e-09,4.556058e-11
1.491877e+01,8.223271e-10,1.601839e-08,1.601839e-10,2.578714e-10,4.543611e-09,4.543611e-11
1.492090e+01,8.243508e-10,1.613731e-08,1.613731e-10,2.586087e-10,4.552592e-09,4.552592e-11
1.492304e+01,8.285095e-10,1.622551e-08,1.622551e-10,2.605838e-10,4.572531e-09,4.572531e-11
1.492518e+01,8.283618e-10,1.622669e-08,1.622669e-10,2.586469e-10,4.550945e-09,4.550945e-11
1.492732e+01,8.234116e-10,1.612213e-08,1.612213e-10,2.541923e-10,4.498505e-09,4.498505e-11
1.492945e+01,8.181489e-10,1.594503e-08,1.594503e-10,2.519115e-10,4.440255e-09,4.440255e-11
1.493159e+01,8.148674e-10,1.574194e-08,1.574194e-10,2.519551e-10,4.389716e-09,4.389716e-11
1.493373e+01,8.123807e-10,1.553843e-08,1.553843e-10,2.510156e-10,4.343310e-09,4.343310e-11
1.493586e+01,8.099190e-10,1.533272e-08,1.533272e-10,2.488472e-10,4.296066e-09,4.296066e-11
1.493800e+01,8.076553e-10,1.510073e-08,1.510073e-10,2.480899e-10,4.259321e-09,4.259321e-11
1.494014e+01,8.046689e-10,1.481408e-08,1.481408e-10,2.489799e-10,4.221944e-09,4.221944e-11
1.494227e+01,8.004012e-10,1.447536e-08,1.447536e-10,2.493950e-10,4.179670e-09,4.179670e-11
1.494441e+01,7.967629e-10,1.412212e-08,1.412212e-10,2.491977e-10,4.142171e-09,4.142171e-11
1.494655e+01,7.956179e-10,1.379653e-08,1.379653e-10,2.501215e-10,4.131651e-09,4.131651e-11
1.494868e+01,7.955424e-10,1.351422e-08,1.351422e-10,2.521357e-10,4.153985e-09,4.153985e-11
1.495082e+01,7.937848e-10,1.326628e-08,1.326628e-10,2.537168e-10,4.202543e-09,4.202543e-11
1.495296e+01,7.903600e-10,1.303650e-08,1.303650e-10,2.549824e-10,4.272165e-09,4.272165e-11
1.495509e+01,7.871383e-10,1.281355e-08,1.281355e-10,2.569346e-10,4.359133e-09,4.359133e-11
1.495723e+01,7.837792e-10,1.260829e-08,1.260829e-10,2.584931e-10,4.460057e-09,4.460057e-11
1.495937e+01,7.784982e-10,1.243977e-08,1.243977e-10,2.582168e-10,4.568849e-09,4.568849e-11
1.496150e+01,7.727821e-10,1.232199e-08,1.232199e-10,2.581729e-10,4.698598e-09,4.698598e-11
1.496364e+01,7.706299e-10,1.226291e-08,1.226291e-10,2.615113e-10,4.848131e-09,4.848131e-11
1.496578e+01,7.723676e-10,1.226086e-08,1.226086e-10,2.666810e-10,5.016301e-09,5.016301e-11
1.496791e+01,7.742350e-10,1.229007e-08,1.229007e-10,2.693609e-10,5.166201e-09,5.166201e-11
1.497005e+01,7.745456e-10,1.233387e-08,1.233387e-10,2.699541e-10,5.306065e-09,5.306065e-11
1.497219e+01,7.749522e-10,1.238343e-08,1.238343e-10,2.730059e-10,5.448139e-09,5.448139e-11
1.497432e+01,7.752775e-10,1.243698e-08,1.243698e-10,2.785721e-10,5.596979e-09,5.596979e-11
1.497646e+01,7.728746e-10,1.250195e-08,1.250195e-10,2.811831e-10,5.729594e-09,5.729594e-11
1.497860e+01,7.683842e-10,1.257226e-08,1.257226e-10,2.793973e-10,5.822398e-09,5.822398e-11
1.498073e+01,7.664319e-10,1.264868e-08,1.264868e-10,2.791150e-10,5.919707e-09,5.919707e-11
1.498287e+01,7.680980e-10,1.271510e-08,1.271510e-10,2.837153e-10,6.012855e-09,6.012855e-11
1.498501e+01,7.678535e-10,1.276257e-08,1.276257e-10,2.876887e-10,6.104241e-09,6.104241e-11
1.498714e+01,7.622594e-10,1.278403e-08,1.278403e-10,2.857629e-10,6.134143e-09,6.134143e-11
1.498928e+01,7.570700e-10,1.281225e-08,1.281225e-10,2.824704e-10,6.158982e-09,6.158982e-11
1.499142e+01,7.592017e-10,1.285159e-08,1.285159e-10,2.849326e-10,6.189102e-09,6.189102e-11
1.499355e+01,7.652056e-10,1.290007e-08,1.290007e-10,2.905990e-10,6.234435e-09,6.234435e-11
1.499569e+01,7.659815e-10,1.292728e-08,1.292728e-10,2.912864e-10,6.240894e-09,6.240894e-11
1.499783e+01,7.608319e-10,1.293328e-08,1.293328e-10,2.869355e-10,6.214734e-09,6.214734e-11
1.499996e+01,7.576278e-10,1.294633e-08,1.294633e-10,2.854719e-10,6.206850e-09,6.206850e-11
1.500210e+01,7.597094e-10,1.297168e-08,1.297168e-10,2.891883e-10,6.210566e-09,6.210566e-11
1.500424e+01,7.617070e-10,1.299358e-08,1.299358e-10,2.912429e-10,6.209487e-09,6.209487e-11
1.500637e+01,7.594380e-10,1.298881e-08,1.298881e-10,2.877782e-10,6.157274e-09,6.157274e-11
1.500851e+01,7.557421e-10,1.296539e-08,1.296539e-10,2.840597e-10,6.112799e-09,6.112799e-11
1.501065e+01,7.535582e-10,1.292150e-08,1.292150e-10,2.845133e-10,6.067869e-09,6.067869e-11
1.501279e+01,7.502850e-10,1.287700e-08,1.287700e-10,2.849472e-10,6.029066e-09,6.029066e-11
1.501492e+01,7.436894e-10,1.282552e-08,1.282552e-10,2.804457e-10,5.948125e-09,5.948125e-11
1.501706e+01,7.379853e-10,1.279635e-08,1.279635e-10,2.745051e-10,5.865761e-09,5.865761e-11
1.501920e+01,7.378714e-10,1.279585e-08,1.279585e-10,2.730627e-10,5.796881e-09,5.796881e-11
1.502133e+01,7.406596e-10,1.282414e-08,1.282414e-10,2.742932e-10,5.746009e-09,5.746009e-11
1.502347e+01,7.415004e-10,1.286937e-08,1.286937e-10,2.725413e-10,5.683624e-09,5.683624e-11
1.502561e+01,7.429661e-10,1.294578e-08,1.294578e-10,2.688538e-10,5.616614e-09,5.616614e-11
1.502774e+01,7.514131e-10,1.306951e-08,1.306951e-10,2.691220e-10,5.572812e-09,5.572812e-11
1.502988e+01,7.658195e-10,1.323217e-08,1.323217e-10,2.735317e-10,5.548560e-09,5.548560e-11
1.503202e+01,7.785369e-10,1.341112e-08,1.341112e-10,2.761697e-10,5.527510e-09,5.527510e-11
1.503415e+01,7.868203e-10,1.358281e-08,1.358281e-10,2.753101e-10,5.491268e-09,5.491268e-11
1.503629e+01,7.956209e-10,1.375429e-08,1.375429e-10,2.759636e-10,5.470299e-09,5.470299e-11
1.503843e+01,8.075965e-10,1.392054e-08,1.392054e-10,2.803823e-10,5.459309e-09,5.459309e-11
1.504056e+01,8.179712e-10,1.408641e-08,1.408641e-10,2.838798e-10,5.454625e-09,5.454625e-11
1.504270e+01,8.230437e-10,1.424792e-08,1.424792e-10,2.833189e-10,5.428071e-09,5.428071e-11
1.504484e+01,8.274016e-10,1.442873e-08,1.442873e-10,2.828795e-10,5.412610e-09,5.412610e-11
1.504697e+01,8.371804e-10,1.463872e-08,1.463872e-10,2.868594e-10,5.409647e-09,5.409647e-11
1.504911e+01,8.508299e-10,1.487954e-08,1.487954e-10,2.922274e-10,5.422989e-09,5.422989e-11
1.505125e+01,8.626248e-10,1.513845e-08,1.513845e-10,2.940375e-10,5.421021e-09,5.421021e-11
1.505338e+01,8.718802e-10,1.541213e-08,1.541213e-10,2.938596e-10,5.423486e-09,5.423486e-11
1.505552e+01,8.825675e-10,1.570455e-08,1.570455e-10,2.964426e-10,5.442090e-09,5.442090e-11
1.505766e+01,8.958668e-10,1.601587e-08,1.601587e-10,3.012896e-10,5.477952e-09,5.477952e-11
1.505979e+01,9.086818e-10,1.633637e-08,1.633637e-10,3.038634e-10,5.509881e-09,5.509881e-11
1.506193e+01,9.189813e-10,1.664995e-08,1.664995e-10,3.035130e-10,5.531474e-09,5.531474e-11
1.506407e+01,9.278481e-10,1.694627e-08,1.694627e-10,3.042737e-10,5.564303e-09,5.564303e-11
1.506620e+01,9.357086e-10,1.721277e-08,1.721277e-10,3.075707e-10,5.602105e-09,5.602105e-11
1.506834e+01,9.407249e-10,1.745152e-08,1.745152e-10,3.098220e-10,5.639977e-09,5.639977e-11
1.507048e+01,9.427051e-10,1.766579e-08,1.766579e-10,3.089326e-10,5.659009e-09,5.659009e-11
1.507261e+01,9.448264e-10,1.786197e-08,1.786197e-10,3.078255e-10,5.678693e-09,5.678693e-11
1.507475e+01,9.488191e-10,1.804177e-08,1.804177e-10,3.091565e-10,5.698449e-09,5.698449e-11
1.507689e+01,9.520176e-10,1.820075e-08,1.820075e-10,3.109181e-10,5.716788e-09,5.716788e-11
1.507902e+01,9.518644e-10,1.833166e-08,1.833166e-10,3.100893e-10,5.719742e-09,5.719742e-11
1.508116e+01,9.499935e-10,1.843318e-08,1.843318e-10,3.075038e-10,5.710507e-09,5.710507e-11
1.508330e+01,9.490503e-10,1.850188e-08,1.850188e-10,3.057857e-10,5.695485e-09,5.695485e-11
1.508543e+01,9.484136e-10,1.853392e-08,1.853392e-10,3.048921e-10,5.672255e-09,5.672255e-11
1.508757e+01,9.457408e-10,1.852563e-08,1.852563e-10,3.029805e-10,5.637416e-09,5.637416e-11
1.508971e+01,9.405008e-10,1.847125e-08,1.847125e-10,2.997228e-10,5.587846e-09,5.587846e-11
1.509184e+01,9.340463e-10,1.836664e-08,1.836664e-10,2.963549e-10,5.527430e-09,5.527430e-11
1.509398e+01,9.271697e-10,1.820981e-08,1.820981e-10,2.934798e-10,5.456798e-09,5.456798e-11
1.509612e+01,9.191407e-10,1.800120e-08,1.800120e-10,2.904912e-10,5.375278e-09,5.375278e-11
1.509825e+01,9.091152e-10,1.774540e-08,1.774540e-10,2.869589e-10,5.282982e-09,5.282982e-11
1.510039e+01,8.972106e-10,1.744959e-08,1.744959e-10,2.829954e-10,5.182016e-09,5.182016e-11
1.510253e+01,8.842534e-10,1.712462e-08,1.712462e-10,2.785295e-10,5.073787e-09,5.073787e-11
1.510467e+01,8.717235e-10,1.678162e-08,1.678162e-10,2.739306e-10,4.960786e-09,4.960786e-11
1.510680e+01,8.617782e-10,1.642936e-08,1.642936e-10,2.704942e-10,4.847503e-09,4.847503e-11
1.510894e+01,8.551893e-10,1.607518e-08,1.607518e-10,2.685715e-10,4.737097e-09,4.737097e-11
1.511108e+01,8.494680e-10,1.572105e-08,1.572105e-10,2.663850e-10,4.627578e-09,4.627578e-11
1.511321e+01,8.415807e-10,1.536368e-08,1.536368e-10,2.624285e-10,4.513791e-09,4.513791e-11
1.511535e+01,8.319786e-10,1.500823e-08,1.500823e-10,2.580608e-10,4.403649e-09,4.403649e-11
1.511749e+01,8.236538e-10,1.466656e-08,1.466656e-10,2.555890e-10,4.303283e-09,4.303283e-11
1.511962e+01,8.177123e-10,1.434669e-08,1.434669e-10,2.545036e-10,4.216944e-09,4.216944e-11
1.512176e+01,8.124511e-10,1.405068e-08,1.405068e-10,2.525974e-10,4.132508e-09,4.132508e-11
1.512390e+01,8.066041e-10,1.378040e-08,1.378040e-10,2.500684e-10,4.057991e-09,4.057991e-11
1.512603e+01,8.007627e-10,1.353548e-08,1.353548e-10,2.491112e-10,4.000568e-09,4.000568e-11
1.512817e+01,7.951393e-10,1.331345e-08,1.331345e-10,2.497364e-10,3.959483e-09,3.959483e-11
1.513031e+01,7.883263e-10,1.311766e-08,1.311766e-10,2.491561e-10,3.926370e-09,3.926370e-11
1.513244e+01,7.800827e-10,1.295489e-08,1.295489e-10,2.464057e-10,3.892025e-09,3.892025e-11
1.513458e+01,7.732845e-10,1.283454e-08,1.283454e-10,2.445117e-10,3.879761e-09,3.879761e-11
1.513672e+01,7.707669e-10,1.276285e-08,1.276285e-10,2.458656e-10,3.889043e-09,3.889043e-11
1.513885e+01,7.717642e-10,1.273687e-08,1.273687e-10,2.485210e-10,3.917903e-09,3.917903e-11
1.514099e+01,7.732827e-10,1.273530e-08,1.273530e-10,2.494559e-10,3.939411e-09,3.939411e-11
1.514313e+01,7.735602e-10,1.273425e-08,1.273425e-10,2.489431e-10,3.956020e-09,3.956020e-11
1.514526e+01,7.725889e-10,1.272129e-08,1.272129e-10,2.493337e-10,3.975110e-09,3.975110e-11
1.514740e+01,7.708911e-10,1.270774e-08,1.270774e-10,2.509556e-10,3.999395e-09,3.999395e-11
1.514954e+01,7.693050e-10,1.270974e-08,1.270974e-10,2.518905e-10,4.022679e-09,4.022679e-11
1.515167e+01,7.690169e-10,1.272912e-08,1.272912e-10,2.515496e-10,4.036638e-09,4.036638e-11
1.515381e+01,7.702111e-10,1.275520e-08,1.275520e-10,2.514759e-10,4.052940e-09,4.052940e-11
1.515595e+01,7.706950e-10,1.276268e-08,1.276268e-10,2.522184e-10,4.064802e-09,4.064802e-11
1.515808e+01,7.677406e-10,1.273356e-08,1.273356e-10,2.521262e-10,4.066300e-09,4.066300e-11
1.516022e+01,7.620019e-10,1.268279e-08,1.268279e-10,2.501262e-10,4.053586e-09,4.053586e-11
1.516236e+01,7.577344e-10,1.264338e-08,1.264338e-10,2.477676e-10,4.038834e-09,4.038834e-11
1.516449e+01,7.577335e-10,1.263225e-08,1.263225e-10,2.469968e-10,4.032508e-09,4.032508e-11
1.516663e+01,7.600870e-10,1.264805e-08,1.264805e-10,2.474810e-10,4.033284e-09,4.033284e-11
1.516877e+01,7.612227e-10,1.267059e-08,1.267059e-10,2.476853e-10,4.033911e-09,4.033911e-11
1.517090e+01,7.600225e-10,1.267584e-08,1.267584e-10,2.469776e-10,4.025263e-09,4.025263e-11
1.517304e+01,7.579013e-10,1.265716e-08,1.265716e-10,2.457313e-10,4.004923e-09,4.004923e-11
1.517518e+01,7.565261e-10,1.263075e-08,1.263075e-10,2.445959e-10,3.979311e-09,3.979311e-11
1.517731e+01,7.566108e-10,1.262074e-08,1.262074e-10,2.440453e-10,3.956827e-09,3.956827e-11
1.517945e+01,7.580021e-10,1.263957e-08,1.263957e-10,2.441237e-10,3.941616e-09,3.941616e-11
1.518159e+01,7.603449e-10,1.268263e-08,1.268263e-10,2.444485e-10,3.933094e-09,3.933094e-11
1.518372e+01,7.634406e-10,1.273355e-08,1.273355e-10,2.444845e-10,3.925351e-09,3.925351e-11
1.518586e+01,7.670084e-10,1.277216e-08,1.277216e-10,2.442237e-10,3.913113e-09,3.913113e-11
1.518800e+01,7.708328e-10,1.279515e-08,1.279515e-10,2.443305e-10,3.898217e-09,3.898217e-11
1.519014e+01,7.749978e-10,1.282299e-08,1.282299e-10,2.450645e-10,3.889238e-09,3.889238e-11
1.519227e+01,7.799261e-10,1.288164e-08,1.288164e-10,2.458697e-10,3.891803e-09,3.891803e-11
1.519441e+01,7.864446e-10,1.298812e-08,1.298812e-10,2.465803e-10,3.907994e-09,3.907994e-11
1.519655e+01,7.955375e-10,1.314424e-08,1.314424e-10,2.482602e-10,3.943853e-09,3.943853e-11
1.519868e+01,8.070874e-10,1.333486e-08,1.333486e-10,2.517039e-10,3.996834e-09,3.996834e-11
1.520082e+01,8.193583e-10,1.353982e-08,1.353982e-10,2.558126e-10,4.059089e-09,4.059089e-11
1.520296e+01,8.311571e-10,1.375423e-08,1.375423e-10,2.592426e-10,4.124355e-09,4.124355e-11
1.520509e+01,8.434579e-10,1.399602e-08,1.399602e-10,2.625967e-10,4.202787e-09,4.202787e-11
1.520723e+01,8.579735e-10,1.428447e-08,1.428447e-10,2.673481e-10,4.303701e-09,4.303701e-11
1.520937e+01,8.747522e-10,1.462123e-08,1.462123e-10,2.735022e-10,4.425773e-09,4.425773e-11
1.521150e+01,8.918892e-10,1.498866e-08,1.498866e-10,2.795234e-10,4.560387e-09,4.560387e-11
1.521364e+01,9.074172e-10,1.535609e-08,1.535609e-10,2.843659e-10,4.694887e-09,4.694887e-11
1.521578e+01,9.209633e-10,1.570246e-08,1.570246e-10,2.886412e-10,4.824620e-09,4.824620e-11
1.521791e+01,9.336698e-10,1.603562e-08,1.603562e-10,2.933156e-10,4.949503e-09,4.949503e-11
1.522005e+01,9.467204e-10,1.637409e-08,1.637409e-10,2.981481e-10,5.070655e-09,5.070655e-11
1.522219e+01,9.606634e-10,1.672579e-08,1.672579e-10,3.024864e-10,5.184056e-09,5.184056e-11
1.522432e+01,9.753768e-10,1.708369e-08,1.708369e-10,3.066122e-10,5.288896e-09,5.288896e-11
1.522646e+01,9.895271e-10,1.742817e-08,1.742817e-10,3.109910e-10,5.384061e-09,5.384061e-11
1.522860e+01,1.001239e-09,1.774369e-08,1.774369e-10,3.150114e-10,5.464565e-09,5.464565e-11
1.523073e+01,1.010406e-09,1.803079e-08,1.803079e-10,3.178881e-10,5.527695e-09,5.527695e-11
1.523287e+01,1.019242e-09,1.830205e-08,1.830205e-10,3.201809e-10,5.579757e-09,5.579757e-11
1.523501e+01,1.029251e-09,1.856687e-08,1.856687e-10,3.228715e-10,5.628142e-09,5.628142e-11
1.523714e+01,1.039062e-09,1.882380e-08,1.882380e-10,3.257461e-10,5.673403e-09,5.673403e-11
1.523928e+01,1.046367e-09,1.906402e-08,1.906402e-10,3.279382e-10,5.712929e-09,5.712929e-11
1.524142e+01,1.051101e-09,1.927947e-08,1.927947e-10,3.293937e-10,5.745336e-09,5.745336e-11
1.524355e+01,1.055431e-09,1.946705e-08,1.946705e-10,3.309366e-10,5.770219e-09,5.770219e-11
1.524569e+01,1.060229e-09,1.963132e-08,1.963132e-10,3.328446e-10,5.789899e-09,5.789899e-11
1.524783e+01,1.063352e-09,1.978055e-08,1.978055e-10,3.341830e-10,5.807673e-09,5.807673e-11
1.524996e+01,1.062724e-09,1.991524e-08,1.991524e-10,3.342840e-10,5.823658e-09,5.823658e-11
1.525210e+01,1.059544e-09,2.002975e-08,2.002975e-10,3.340010e-10,5.837781e-09,5.837781e-11
1.525424e+01,1.056247e-09,2.011125e-08,2.011125e-10,3.342464e-10,5.847834e-09,5.847834e-11
1.525637e+01,1.052596e-09,2.014932e-08,2.014932e-10,3.341521e-10,5.849376e-09,5.849376e-11
1.525851e+01,1.046548e-09,2.014426e-08,2.014426e-10,3.323746e-10,5.835576e-09,5.835576e-11
1.526065e+01,1.038226e-09,2.010845e-08,2.010845e-10,3.296418e-10,5.814358e-09,5.814358e-11
1.526278e+01,1.030477e-09,2.005294e-08,2.005294e-10,3.279591e-10,5.793588e-09,5.793588e-11
1.526492e+01,1.024798e-09,1.997188e-08,1.997188e-10,3.273278e-10,5.771312e-09,5.771312e-11
1.526706e+01,1.018842e-09,1.984487e-08,1.984487e-10,3.254764e-10,5.733672e-09,5.733672e-11
1.526919e+01,1.009641e-09,1.965138e-08,1.965138e-10,3.213217e-10,5.671818e-09,5.671818e-11
1.527133e+01,9.980312e-10,1.939512e-08,1.939512e-10,3.168218e-10,5.597796e-09,5.597796e-11
1.527347e+01,9.874659e-10,1.910038e-08,1.910038e-10,3.141567e-10,5.519222e-09,5.519222e-11
1.527560e+01,9.790527e-10,1.879858e-08,1.879858e-10,3.123695e-10,5.449109e-09,5.449109e-11
1.527774e+01,9.708682e-10,1.850181e-08,1.850181e-10,3.090313e-10,5.375571e-09,5.375571e-11
1.527988e+01,9.616981e-10,1.819738e-08,1.819738e-10,3.045092e-10,5.299397e-09,5.299397e-11
1.528202e+01,9.524443e-10,1.785826e-08,1.785826e-10,3.016107e-10,5.220958e-09,5.220958e-11
1.528415e+01,9.435638e-10,1.746910e-08,1.746910e-10,3.007319e-10,5.137190e-09,5.137190e-11
1.528629e+01,9.341352e-10,1.705689e-08,1.705689e-10,2.987940e-10,5.047734e-09,5.047734e-11
1.528843e+01,9.247856e-10,1.667248e-08,1.667248e-10,2.945107e-10,4.946835e-09,4.946835e-11
1.529056e+01,9.187232e-10,1.636813e-08,1.636813e-10,2.913174e-10,4.878440e-09,4.878440e-11
1.529270e+01,9.175165e-10,1.615144e-08,1.615144e-10,2.922352e-10,4.843954e-09,4.843954e-11
1.529484e+01,9.173486e-10,1.598374e-08,1.598374e-10,2.944519e-10,4.834435e-09,4.834435e-11
1.529697e+01,9.131254e-10,1.580699e-08,1.580699e-10,2.930436e-10,4.799431e-09,4.799431e-11
1.529911e+01,9.055413e-10,1.560664e-08,1.560664e-10,2.884989e-10,4.739386e-09,4.739386e-11
1.530125e+01,8.999072e-10,1.543124e-08,1.543124e-10,2.860091e-10,4.695840e-09,4.695840e-11
1.530338e+01,8.982393e-10,1.533904e-08,1.533904e-10,2.874411e-10,4.684738e-09,4.684738e-11
1.530552e+01,8.967452e-10,1.535086e-08,1.535086e-10,2.886141e-10,4.712228e-09,4.712228e-11
1.530766e+01,8.923113e-10,1.543573e-08,1.543573e-10,2.863065e-10,4.732321e-09,4.732321e-11
1.530979e+01,8.868814e-10,1.553988e-08,1.553988e-10,2.834280e-10,4.762752e-09,4.762752e-11
1.531193e+01,8.831026e-10,1.559724e-08,1.559724e-10,2.837791e-10,4.782841e-09,4.782841e-11
1.531407e+01,8.792422e-10,1.559926e-08,1.559926e-10,2.852737e-10,4.796187e-09,4.796187e-11
1.531620e+01,8.722500e-10,1.559136e-08,1.559136e-10,2.832782e-10,4.787785e-09,4.787785e-11
1.531834e+01,8.643556e-10,1.562792e-08,1.562792e-10,2.788364e-10,4.779313e-09,4.779313e-11
1.532048e+01,8.612968e-10,1.573546e-08,1.573546e-10,2.776387e-10,4.810505e-09,4.810505e-11
1.532261e+01,8.638966e-10,1.588965e-08,1.588965e-10,2.809383e-10,4.864541e-09,4.864541e-11
1.532475e+01,8.661126e-10,1.601697e-08,1.601697e-10,2.833168e-10,4.913287e-09,4.913287e-11
1.532689e+01,8.628443e-10,1.604169e-08,1.604169e-10,2.809130e-10,4.901517e-09,4.901517e-11
1.532902e+01,8.557807e-10,1.596893e-08,1.596893e-10,2.768444e-10,4.865071e-09,4.865071e-11
1.533116e+01,8.495100e-10,1.586251e-08,1.586251e-10,2.758284e-10,4.829203e-09,4.829203e-11
1.533330e+01,8.455939e-10,1.578763e-08,1.578763e-10,2.772809e-10,4.817466e-09,4.817466e-11
1.533543e+01,8.426969e-10,1.575820e-08,1.575820e-10,2.773305e-10,4.811604e-09,4.811604e-11
1.533757e+01,8.400692e-10,1.574797e-08,1.574797e-10,2.754557e-10,4.802231e-09,4.802231e-11
1.533971e+01,8.376300e-10,1.569341e-08,1.569341e-10,2.745665e-10,4.789023e-09,4.789023e-11
1.534184e+01,8.335962e-10,1.554341e-08,1.554341e-10,2.751491e-10,4.750321e-09,4.750321e-11
1.534398e+01,8.261611e-10,1.532451e-08,1.532451e-10,2.742005e-10,4.691269e-09,4.691269e-11
1.534612e+01,8.178928e-10,1.511379e-08,1.511379e-10,2.707545e-10,4.620737e-09,4.620737e-11
1.534825e+01,8.146087e-10,1.497716e-08,1.497716e-10,2.682657e-10,4.577661e-09,4.577661e-11
1.535039e+01,8.181655e-10,1.492906e-08,1.492906e-10,2.695205e-10,4.569169e-09,4.569169e-11
1.535253e+01,8.236557e-10,1.494202e-08,1.494202e-10,2.724522e-10,4.586217e-09,4.586217e-11
1.535466e+01,8.255311e-10,1.495284e-08,1.495284e-10,2.733881e-10,4.597301e-09,4.597301e-11
1.535680e+01,8.237008e-10,1.492173e-08,1.492173e-10,2.720099e-10,4.588412e-09,4.588412e-11
1.535894e+01,8.218842e-10,1.487569e-08,1.487569e-10,2.708476e-10,4.578420e-09,4.578420e-11
1.536107e+01,8.220363e-10,1.487938e-08,1.487938e-10,2.712745e-10,4.590014e-09,4.590014e-11
1.536321e+01,8.229339e-10,1.497252e-08,1.497252e-10,2.721564e-10,4.633920e-09,4.633920e-11
1.536535e+01,8.236633e-10,1.515384e-08,1.515384e-10,2.723886e-10,4.702460e-09,4.702460e-11
1.536749e+01,8.256041e-10,1.539543e-08,1.539543e-10,2.727134e-10,4.790948e-09,4.790948e-11
1.536962e+01,8.294880e-10,1.564132e-08,1.564132e-10,2.739086e-10,4.882674e-09,4.882674e-11
1.537176e+01,8.329973e-10,1.585438e-08,1.585438e-10,2.750139e-10,4.963126e-09,4.963126e-11
1.537390e+01,8.339620e-10,1.604665e-08,1.604665e-10,2.748889e-10,5.032765e-09,5.032765e-11
1.537603e+01,8.344842e-10,1.625963e-08,1.625963e-10,2.743455e-10,5.106848e-09,5.106848e-11
1.537817e+01,8.392963e-10,1.652037e-08,1.652037e-10,2.753741e-10,5.196854e-09,5.196854e-11
1.538031e+01,8.501799e-10,1.682368e-08,1.682368e-10,2.785759e-10,5.299969e-09,5.299969e-11
1.538244e+01,8.636054e-10,1.713869e-08,1.713869e-10,2.823876e-10,5.404551e-09,5.404551e-11
1.538458e+01,8.741896e-10,1.741404e-08,1.741404e-10,2.849089e-10,5.492829e-09,5.492829e-11
1.538672e+01,8.800305e-10,1.761570e-08,1.761570e-10,2.859221e-10,5.557513e-09,5.557513e-11
1.538885e+01,8.838086e-10,1.775789e-08,1.775789e-10,2.867644e-10,5.605676e-09,5.605676e-11
1.539099e+01,8.887547e-10,1.788203e-08,1.788203e-10,2.883119e-10,5.650507e-09,5.650507e-11
1.539313e+01,8.955017e-10,1.801217e-08,1.801217e-10,2.901116e-10,5.694926e-09,5.694926e-11
1.539526e+01,9.031718e-10,1.814766e-08,1.814766e-10,2.919561e-10,5.737783e-09,5.737783e-11
1.539740e+01,9.110824e-10,1.826593e-08,1.826593e-10,2.946217e-10,5.777596e-09,5.777596e-11
1.539954e+01,9.181085e-10,1.833161e-08,1.833161e-10,2.980183e-10,5.804848e-09,5.804848e-11
1.540167e+01,9.226572e-10,1.833553e-08,1.833553e-10,3.004173e-10,5.812615e-09,5.812615e-11
1.540381e+01,9.249359e-10,1.829913e-08,1.829913e-10,3.008676e-10,5.799825e-09,5.799825e-11
1.540595e+01,9.277995e-10,1.825861e-08,1.825861e-10,3.011518e-10,5.784749e-09,5.784749e-11
1.540808e+01,9.336801e-10,1.823363e-08,1.823363e-10,3.035585e-10,5.776060e-09,5.776060e-11
1.541022e+01,9.408952e-10,1.822260e-08,1.822260e-10,3.071261e-10,5.775235e-09,5.775235e-11
1.541236e+01,9.452482e-10,1.821066e-08,1.821066e-10,3.086497e-10,5.767140e-09,5.767140e-11
1.541449e+01,9.456759e-10,1.817866e-08,1.817866e-10,3.076155e-10,5.743283e-09,5.743283e-11
1.541663e+01,9.453098e-10,1.812096e-08,1.812096e-10,3.070371e-10,5.711171e-09,5.711171e-11
1.541877e+01,9.457377e-10,1.804784e-08,1.804784e-10,3.083053e-10,5.675954e-09,5.675954e-11
1.542090e+01,9.439204e-10,1.797922e-08,1.797922e-10,3.084965e-10,5.645299e-09,5.645299e-11
1.542304e+01,9.375763e-10,1.792466e-08,1.792466e-10,3.053735e-10,5.605495e-09,5.605495e-11
1.542518e+01,9.297813e-10,1.789299e-08,1.789299e-10,3.018792e-10,5.578808e-09,5.578808e-11
1.542731e+01,9.245978e-10,1.787083e-08,1.787083e-10,3.017512e-10,5.563507e-09,5.563507e-11
1.542945e+01,9.208220e-10,1.783310e-08,1.783310e-10,3.032254e-10,5.557805e-09,5.557805e-11
1.543159e+01,9.140397e-10,1.775988e-08,1.775988e-10,3.017439e-10,5.532709e-09,5.532709e-11
1.543372e+01,9.039199e-10,1.765637e-08,1.765637e-10,2.975758e-10,5.495172e-09,5.495172e-11
1.543586e+01,8.950950e-10,1.754603e-08,1.754603e-10,2.956543e-10,5.473327e-09,5.473327e-11
1.543800e+01,8.901502e-10,1.744149e-08,1.744149e-10,2.974996e-10,5.466436e-09,5.466436e-11
1.544013e+01,8.859202e-10,1.733775e-08,1.733775e-10,2.985576e-10,5.465327e-09,5.465327e-11
1.544227e+01,8.788824e-10,1.720965e-08,1.720965e-10,2.956274e-10,5.433288e-09,5.433288e-11
1.544441e+01,8.702529e-10,1.703958e-08,1.703958e-10,2.918490e-10,5.393513e-09,5.393513e-11
1.544654e+01,8.625554e-10,1.681757e-08,1.681757e-10,2.909158e-10,5.338784e-09,5.338784e-11
1.544868e+01,8.549349e-10,1.655682e-08,1.655682e-10,2.907125e-10,5.279690e-09,5.279690e-11
1.545082e+01,8.456763e-10,1.627378e-08,1.627378e-10,2.872174e-10,5.190970e-09,5.190970e-11
1.545295e+01,8.365909e-10,1.598871e-08,1.598871e-10,2.818184e-10,5.091012e-09,5.091012e-11
1.545509e+01,8.308760e-10,1.570962e-08,1.570962e-10,2.793946e-10,5.004625e-09,5.004625e-11
1.545723e+01,8.280467e-10,1.542969e-08,1.542969e-10,2.803316e-10,4.929984e-09,4.929984e-11
1.545937e+01,8.247467e-10,1.513794e-08,1.513794e-10,2.800903e-10,4.853916e-09,4.853916e-11
1.546150e+01,8.202993e-10,1.483551e-08,1.483551e-10,2.769375e-10,4.756282e-09,4.756282e-11
1.546364e+01,8.176994e-10,1.454673e-08,1.454673e-10,2.746272e-10,4.676716e-09,4.676716e-11
1.546578e+01,8.182284e-10,1.429023e-08,1.429023e-10,2.758546e-10,4.616734e-09,4.616734e-11
1.546791e+01,8.190983e-10,1.407579e-08,1.407579e-10,2.779505e-10,4.579198e-09,4.579198e-11
1.547005e+01,8.183289e-10,1.389581e-08,1.389581e-10,2.777591e-10,4.540300e-09,4.540300e-11
1.547219e+01,8.179366e-10,1.374297e-08,1.374297e-10,2.767007e-10,4.508454e-09,4.508454e-11
1.547432e+01,8.196092e-10,1.360927e-08,1.360927e-10,2.776267e-10,4.488307e-09,4.488307e-11
1.547646e+01,8.209530e-10,1.349541e-08,1.349541e-10,2.798115e-10,4.478220e-09,4.478220e-11
1.547860e+01,8.191673e-10,1.340631e-08,1.340631e-10,2.805370e-10,4.474229e-09,4.474229e-11
1.548073e+01,8.157457e-10,1.335020e-08,1.335020e-10,2.797079e-10,4.472966e-09,4.472966e-11
1.548287e+01,8.144361e-10,1.332610e-08,1.332610e-10,2.796886e-10,4.483475e-09,4.483475e-11
1.548501e+01,8.158199e-10,1.332133e-08,1.332133e-10,2.812512e-10,4.502847e-09,4.502847e-11
1.548714e+01,8.168491e-10,1.332233e-08,1.332233e-10,2.826056e-10,4.523581e-09,4.523581e-11
1.548928e+01,8.155756e-10,1.332013e-08,1.332013e-10,2.826179e-10,4.538571e-09,4.538571e-11
1.549142e+01,8.137247e-10,1.332377e-08,1.332377e-10,2.823425e-10,4.554208e-09,4.554208e-11
1.549355e+01,8.136422e-10,1.334516e-08,1.334516e-10,2.827221e-10,4.573432e-09,4.573432e-11
1.549569e+01,8.149204e-10,1.337525e-08,1.337525e-10,2.831775e-10,4.588287e-09,4.588287e-11
1.549783e+01,8.155219e-10,1.338792e-08,1.338792e-10,2.831304e-10,4.590818e-09,4.590818e-11
1.549996e+01,8.142740e-10,1.336287e-08,1.336287e-10,2.827483e-10,4.579512e-09,4.579512e-11
1.550210e+01,8.112677e-10,1.330224e-08,1.330224e-10,2.818778e-10,4.555125e-09,4.555125e-11
1.550424e+01,8.074947e-10,1.323642e-08,1.323642e-10,2.802430e-10,4.522219e-09,4.522219e-11
1.550637e+01,8.045481e-10,1.319932e-08,1.319932e-10,2.786779e-10,4.492636e-09,4.492636e-11
1.550851e+01,8.031058e-10,1.319481e-08,1.319481e-10,2.781393e-10,4.469735e-09,4.469735e-11
1.551065e+01,8.016998e-10,1.319078e-08,1.319078e-10,2.777968e-10,4.443507e-09,4.443507e-11
1.551278e+01,7.983516e-10,1.314552e-08,1.314552e-10,2.760673e-10,4.399589e-09,4.399589e-11
1.551492e+01,7.930782e-10,1.304952e-08,1.304952e-10,2.731438e-10,4.337895e-09,4.337895e-11
1.551706e+01,7.878865e-10,1.293835e-08,1.293835e-10,2.707653e-10,4.272415e-09,4.272415e-11
1.551919e+01,7.844313e-10,1.286351e-08,1.286351e-10,2.695869e-10,4.218884e-09,4.218884e-11
1.552133e+01,7.824913e-10,1.285313e-08,1.285313e-10,2.684241e-10,4.184385e-09,4.184385e-11
1.552347e+01,7.808320e-10,1.288983e-08,1.288983e-10,2.664568e-10,4.161790e-09,4.161790e-11
1.552560e+01,7.783998e-10,1.291905e-08,1.291905e-10,2.644354e-10,4.140281e-09,4.140281e-11
1.552774e+01,7.743075e-10,1.288923e-08,1.288923e-10,2.627313e-10,4.104546e-09,4.104546e-11
1.552988e+01,7.682212e-10,1.279558e-08,1.279558e-10,2.602093e-10,4.049657e-09,4.049657e-11
1.553201e+01,7.617681e-10,1.269244e-08,1.269244e-10,2.565971e-10,3.987616e-09,3.987616e-11
1.553415e+01,7.576074e-10,1.264535e-08,1.264535e-10,2.536907e-10,3.945780e-09,3.945780e-11
1.553629e+01,7.560562e-10,1.267858e-08,1.267858e-10,2.525405e-10,3.935672e-09,3.935672e-11
1.553842e+01,7.547666e-10,1.276285e-08,1.276285e-10,2.516964e-10,3.943902e-09,3.943902e-11
1.554056e+01,7.522938e-10,1.282633e-08,1.282633e-10,2.498016e-10,3.941938e-09,3.941938e-11
1.554270e+01,7.495567e-10,1.280771e-08,1.280771e-10,2.476971e-10,3.914620e-09,3.914620e-11
1.554484e+01,7.472404e-10,1.271792e-08,1.271792e-10,2.463022e-10,3.867876e-09,3.867876e-11
1.554697e+01,7.447558e-10,1.263065e-08,1.263065e-10,2.448919e-10,3.823729e-09,3.823729e-11
1.554911e+01,7.429547e-10,1.261261e-08,1.261261e-10,2.433247e-10,3.801103e-09,3.801103e-11
1.555125e+01,7.450102e-10,1.268613e-08,1.268613e-10,2.435038e-10,3.814829e-09,3.814829e-11
1.555338e+01,7.521174e-10,1.281208e-08,1.281208e-10,2.463654e-10,3.854729e-09,3.854729e-11
1.555552e+01,7.600003e-10,1.290898e-08,1.290898e-10,2.492944e-10,3.891769e-09,3.891769e-11
1.555766e+01,7.631229e-10,1.291104e-08,1.291104e-10,2.493474e-10,3.890235e-09,3.890235e-11
1.555979e+01,7.617527e-10,1.284378e-08,1.284378e-10,2.478341e-10,3.871767e-09,3.871767e-11
1.556193e+01,7.613354e-10,1.279606e-08,1.279606e-10,2.482723e-10,3.869797e-09,3.869797e-11
1.556407e+01,7.652180e-10,1.283413e-08,1.283413e-10,2.506585e-10,3.907954e-09,3.907954e-11
1.556620e+01,7.717691e-10,1.296045e-08,1.296045e-10,2.519994e-10,3.959667e-09,3.959667e-11
1.556834e+01,7.783016e-10,1.312509e-08,1.312509e-10,2.519331e-10,4.012941e-09,4.012941e-11
1.557048e+01,7.835169e-10,1.324443e-08,1.324443e-10,2.528969e-10,4.055088e-09,4.055088e-11
1.557261e+01,7.859853e-10,1.326969e-08,1.326969e-10,2.545938e-10,4.067361e-09,4.067361e-11
1.557475e+01,7.846007e-10,1.324490e-08,1.324490e-10,2.535316e-10,4.049272e-09,4.049272e-11
1.557689e+01,7.817475e-10,1.324913e-08,1.324913e-10,2.494416e-10,4.009005e-09,4.009005e-11
1.557902e+01,7.821552e-10,1.332786e-08,1.332786e-10,2.469507e-10,3.997206e-09,3.997206e-11
1.558116e+01,7.867145e-10,1.346970e-08,1.346970e-10,2.483832e-10,4.010673e-09,4.010673e-11
1.558330e+01,7.906688e-10,1.362621e-08,1.362621e-10,2.497149e-10,4.038467e-09,4.038467e-11
1.558543e+01,7.901237e-10,1.372949e-08,1.372949e-10,2.469474e-10,4.024314e-09,4.024314e-11
1.558757e+01,7.872387e-10,1.376153e-08,1.376153e-10,2.424463e-10,3.987826e-09,3.987826e-11
1.558971e+01,7.860825e-10,1.376532e-08,1.376532e-10,2.408131e-10,3.955229e-09,3.955229e-11
1.559184e+01,7.867611e-10,1.379480e-08,1.379480e-10,2.416080e-10,3.949993e-09,3.949993e-11
1.559398e+01,7.874380e-10,1.386560e-08,1.386560e-10,2.412683e-10,3.954599e-09,3.954599e-11
1.559612e+01,7.889910e-10,1.397070e-08,1.397070e-10,2.399906e-10,3.966602e-09,3.966602e-11
1.559825e+01,7.928429e-10,1.407349e-08,1.407349e-10,2.409231e-10,3.994993e-09,3.994993e-11
1.560039e+01,7.960005e-10,1.412219e-08,1.412219e-10,2.436220e-10,4.016527e-09,4.016527e-11
1.560253e+01,7.935529e-10,1.409568e-08,1.409568e-10,2.440795e-10,4.012322e-09,4.012322e-11
1.560466e+01,7.858034e-10,1.402320e-08,1.402320e-10,2.414472e-10,3.984015e-09,3.984015e-11
1.560680e+01,7.783983e-10,1.394803e-08,1.394803e-10,2.394053e-10,3.963081e-09,3.963081e-11
1.560894e+01,7.748328e-10,1.388924e-08,1.388924e-10,2.398206e-10,3.952814e-09,3.952814e-11
1.561107e+01,7.730343e-10,1.383542e-08,1.383542e-10,2.402374e-10,3.941046e-09,3.941046e-11
1.561321e+01,7.703755e-10,1.375596e-08,1.375596e-10,2.390211e-10,3.911734e-09,3.911734e-11
1.561535e+01,7.671459e-10,1.362331e-08,1.362331e-10,2.378580e-10,3.868497e-09,3.868497e-11
1.561748e+01,7.635349e-10,1.343638e-08,1.343638e-10,2.375227e-10,3.813665e-09,3.813665e-11
1.561962e+01,7.582812e-10,1.322754e-08,1.322754e-10,2.360142e-10,3.750930e-09,3.750930e-11
1.562176e+01,7.526394e-10,1.302343e-08,1.302343e-10,2.331640e-10,3.681471e-09,3.681471e-11
1.562389e+01,7.507155e-10,1.283762e-08,1.283762e-10,2.323594e-10,3.627028e-09,3.627028e-11
1.562603e+01,7.528548e-10,1.266235e-08,1.266235e-10,2.346427e-10,3.588761e-09,3.588761e-11
1.562817e+01,7.534952e-10,1.247849e-08,1.247849e-10,2.358572e-10,3.553485e-09,3.553485e-11
1.563030e+01,7.487797e-10,1.226230e-08,1.226230e-10,2.332619e-10,3.484884e-09,3.484884e-11
1.563244e+01,7.422688e-10,1.203077e-08,1.203077e-10,2.305031e-10,3.423194e-09,3.423194e-11
1.563458e+01,7.391863e-10,1.181092e-08,1.181092e-10,2.315417e-10,3.378114e-09,3.378114e-11
1.563672e+01,7.383248e-10,1.162702e-08,1.162702e-10,2.335011e-10,3.365103e-09,3.365103e-11
1.563885e+01,7.349952e-10,1.147471e-08,1.147471e-10,2.315161e-10,3.316432e-09,3.316432e-11
1.564099e+01,7.294995e-10,1.135552e-08,1.135552e-10,2.276518e-10,3.273253e-09,3.273253e-11
1.564313e+01,7.262286e-10,1.126464e-08,1.126464e-10,2.275367e-10,3.253573e-09,3.253573e-11
1.564526e+01,7.251952e-10,1.119654e-08,1.119654e-10,2.300932e-10,3.267550e-09,3.267550e-11
1.564740e+01,7.218746e-10,1.114819e-08,1.114819e-10,2.290149e-10,3.256580e-09,3.256580e-11
1.564954e+01,7.161629e-10,1.112798e-08,1.112798e-10,2.240286e-10,3.211612e-09,3.211612e-11
1.565167e+01,7.137823e-10,1.115304e-08,1.115304e-10,2.221121e-10,3.216449e-09,3.216449e-11
1.565381e+01,7.169404e-10,1.121324e-08,1.121324e-10,2.258691e-10,3.260075e-09,3.260075e-11
1.565595e+01,7.203898e-10,1.128999e-08,1.128999e-10,2.289930e-10,3.327137e-09,3.327137e-11
1.565808e+01,7.198346e-10,1.134837e-08,1.134837e-10,2.269408e-10,3.322978e-09,3.322978e-11
1.566022e+01,7.181776e-10,1.139164e-08,1.139164e-10,2.243050e-10,3.344173e-09,3.344173e-11
1.566236e+01,7.193323e-10,1.141808e-08,1.141808e-10,2.264463e-10,3.385341e-09,3.385341e-11
1.566449e+01,7.212813e-10,1.144042e-08,1.144042e-10,2.302883e-10,3.459373e-09,3.459373e-11
1.566663e+01,7.205351e-10,1.145341e-08,1.145341e-10,2.299893e-10,3.481703e-09,3.481703e-11
1.566877e+01,7.195013e-10,1.147395e-08,1.147395e-10,2.273126e-10,3.491463e-09,3.491463e-11
1.567090e+01,7.229360e-10,1.150847e-08,1.150847e-10,2.283578e-10,3.526275e-09,3.526275e-11
1.567304e+01,7.296790e-10,1.155561e-08,1.155561e-10,2.327430e-10,3.579013e-09,3.579013e-11
1.567518e+01,7.347365e-10,1.160650e-08,1.160650e-10,2.345954e-10,3.615684e-09,3.615684e-11
1.567731e+01,7.379679e-10,1.166525e-08,1.166525e-10,2.328689e-10,3.617678e-09,3.617678e-11
1.567945e+01,7.438441e-10,1.174849e-08,1.174849e-10,2.326104e-10,3.642532e-09,3.642532e-11
1.568159e+01,7.529484e-10,1.185276e-08,1.185276e-10,2.358255e-10,3.680464e-09,3.680464e-11
1.568372e+01,7.605492e-10,1.197159e-08,1.197159e-10,2.383992e-10,3.728570e-09,3.728570e-11
1.568586e+01,7.645094e-10,1.209248e-08,1.209248e-10,2.378709e-10,3.752872e-09,3.752872e-11
1.568800e+01,7.686026e-10,1.222325e-08,1.222325e-10,2.376035e-10,3.791103e-09,3.791103e-11
1.569013e+01,7.757796e-10,1.235948e-08,1.235948e-10,2.403369e-10,3.840189e-09,3.840189e-11
1.569227e+01,7.831627e-10,1.250278e-08,1.250278e-10,2.434689e-10,3.898004e-09,3.898004e-11
1.569441e+01,7.872846e-10,1.264814e-08,1.264814e-10,2.441619e-10,3.943555e-09,3.943555e-11
1.569654e+01,7.901802e-10,1.280596e-08,1.280596e-10,2.444558e-10,3.994338e-09,3.994338e-11
1.569868e+01,7.959715e-10,1.298597e-08,1.298597e-10,2.473684e-10,4.057873e-09,4.057873e-11
1.570082e+01,8.045692e-10,1.319026e-08,1.319026e-10,2.514478e-10,4.130786e-09,4.130786e-11
1.570295e+01,8.133485e-10,1.341148e-08,1.341148e-10,2.538793e-10,4.196114e-09,4.196114e-11
1.570509e+01,8.223690e-10,1.364621e-08,1.364621e-10,2.558719e-10,4.262619e-09,4.262619e-11
1.570723e+01,8.333669e-10,1.389179e-08,1.389179e-10,2.599622e-10,4.337621e-09,4.337621e-11
1.570936e+01,8.457330e-10,1.414378e-08,1.414378e-10,2.649584e-10,4.418426e-09,4.418426e-11
1.571150e+01,8.575005e-10,1.439994e-08,1.439994e-10,2.681468e-10,4.491934e-09,4.491934e-11
1.571364e+01,8.688881e-10,1.465731e-08,1.465731e-10,2.702629e-10,4.562383e-09,4.562383e-11
1.571577e+01,8.813235e-10,1.491330e-08,1.491330e-10,2.739594e-10,4.638147e-09,4.638147e-11
1.571791e+01,8.941247e-10,1.516358e-08,1.516358e-10,2.786787e-10,4.719325e-09,4.719325e-11
1.572005e+01,9.053895e-10,1.540544e-08,1.540544e-10,2.816870e-10,4.794587e-09,4.794587e-11
1.572219e+01,9.154752e-10,1.564021e-08,1.564021e-10,2.833233e-10,4.865983e-09,4.865983e-11
1.572432e+01,9.264241e-10,1.587052e-08,1.587052e-10,2.863319e-10,4.941316e-09,4.941316e-11
1.572646e+01,9.380459e-10,1.609521e-08,1.609521e-10,2.907275e-10,5.019976e-09,5.019976e-11
1.572860e+01,9.480645e-10,1.630724e-08,1.630724e-10,2.938929e-10,5.093013e-09,5.093013e-11
1.573073e+01,9.560597e-10,1.649954e-08,1.649954e-10,2.954063e-10,5.157237e-09,5.157237e-11
1.573287e+01,9.637483e-10,1.666974e-08,1.666974e-10,2.975919e-10,5.217861e-09,5.217861e-11
1.573501e+01,9.713603e-10,1.682013e-08,1.682013e-10,3.008748e-10,5.275101e-09,5.275101e-11
1.573714e+01,9.774262e-10,1.695051e-08,1.695051e-10,3.030148e-10,5.323127e-09,5.323127e-11
1.573928e+01,9.821584e-10,1.705773e-08,1.705773e-10,3.037619e-10,5.359612e-09,5.359612e-11
1.574142e+01,9.867812e-10,1.713029e-08,1.713029e-10,3.053238e-10,5.387921e-09,5.387921e-11
1.574355e+01,9.898628e-10,1.715707e-08,1.715707e-10,3.075294e-10,5.404672e-09,5.404672e-11
1.574569e+01,9.887229e-10,1.713384e-08,1.713384e-10,3.075054e-10,5.402580e-09,5.402580e-11
1.574783e+01,9.846946e-10,1.707223e-08,1.707223e-10,3.052211e-10,5.383028e-09,5.383028e-11
1.574996e+01,9.823518e-10,1.699209e-08,1.699209e-10,3.044911e-10,5.363312e-09,5.363312e-11
1.575210e+01,9.822436e-10,1.690525e-08,1.690525e-10,3.062951e-10,5.348843e-09,5.348843e-11
1.575424e+01,9.796396e-10,1.681167e-08,1.681167e-10,3.064003e-10,5.331800e-09,5.331800e-11
1.575637e+01,9.726224e-10,1.669828e-08,1.669828e-10,3.029180e-10,5.296063e-09,5.296063e-11
1.575851e+01,9.659085e-10,1.656149e-08,1.656149e-10,3.002767e-10,5.261917e-09,5.261917e-11
1.576065e+01,9.627899e-10,1.640208e-08,1.640208e-10,3.013724e-10,5.229656e-09,5.229656e-11
1.576278e+01,9.591912e-10,1.624216e-08,1.624216e-10,3.019319e-10,5.206720e-09,5.206720e-11
1.576492e+01,9.514625e-10,1.609782e-08,1.609782e-10,2.981384e-10,5.161081e-09,5.161081e-11
1.576706e+01,9.442016e-10,1.600447e-08,1.600447e-10,2.943282e-10,5.140958e-09,5.140958e-11
1.576919e+01,9.430224e-10,1.596266e-08,1.596266e-10,2.960246e-10,5.148924e-09,5.148924e-11
1.577133e+01,9.437116e-10,1.593863e-08,1.593863e-10,2.994912e-10,5.188896e-09,5.188896e-11
1.577347e+01,9.373002e-10,1.586847e-08,1.586847e-10,2.970449e-10,5.178255e-09,5.178255e-11
1.577560e+01,9.239410e-10,1.575055e-08,1.575055e-10,2.901300e-10,5.143656e-09,5.143656e-11
1.577774e+01,9.128898e-10,1.564356e-08,1.564356e-10,2.874009e-10,5.138871e-09,5.138871e-11
1.577988e+01,9.086628e-10,1.560379e-08,1.560379e-10,2.904492e-10,5.190094e-09,5.190094e-11
1.578201e+01,9.059886e-10,1.563969e-08,1.563969e-10,2.915370e-10,5.246968e-09,5.246968e-11
1.578415e+01,9.008072e-10,1.570752e-08,1.570752e-10,2.875812e-10,5.253356e-09,5.253356e-11
1.578629e+01,8.968177e-10,1.575964e-08,1.575964e-10,2.857152e-10,5.290769e-09,5.290769e-11
1.578842e+01,8.966272e-10,1.573368e-08,1.573368e-10,2.900666e-10,5.333413e-09,5.333413e-11
1.579056e+01,8.954683e-10,1.564352e-08,1.564352e-10,2.936053e-10,5.381920e-09,5.381920e-11
1.579270e+01,8.902790e-10,1.553718e-08,1.553718e-10,2.903727e-10,5.335424e-09,5.335424e-11
1.579483e+01,8.873271e-10,1.551216e-08,1.551216e-10,2.865177e-10,5.325290e-09,5.325290e-11
1.579697e+01,8.926559e-10,1.559181e-08,1.559181e-10,2.901596e-10,5.376509e-09,5.376509e-11
1.579911e+01,9.008974e-10,1.572554e-08,1.572554e-10,2.972383e-10,5.485380e-09,5.485380e-11
1.580124e+01,9.023020e-10,1.578303e-08,1.578303e-10,2.977994e-10,5.515112e-09,5.515112e-11
1.580338e+01,8.975339e-10,1.570510e-08,1.570510e-10,2.923937e-10,5.464451e-09,5.464451e-11
1.580552e+01,8.962318e-10,1.556476e-08,1.556476e-10,2.908644e-10,5.434969e-09,5.434969e-11
1.580765e+01,9.019540e-10,1.548262e-08,1.548262e-10,2.959717e-10,5.450212e-09,5.450212e-11
1.580979e+01,9.085128e-10,1.553062e-08,1.553062e-10,2.999001e-10,5.499046e-09,5.499046e-11
1.581193e+01,9.122803e-10,1.569256e-08,1.569256e-10,2.985683e-10,5.510833e-09,5.510833e-11
1.581407e+01,9.177333e-10,1.590401e-08,1.590401e-10,2.981878e-10,5.565341e-09,5.565341e-11
1.581620e+01,9.265977e-10,1.601929e-08,1.601929e-10,3.030380e-10,5.609149e-09,5.609149e-11
1.581834e+01,9.317860e-10,1.597930e-08,1.597930e-10,3.070336e-10,5.625458e-09,5.625458e-11
1.582048e+01,9.288146e-10,1.585170e-08,1.585170e-10,3.044448e-10,5.568088e-09,5.568088e-11
1.582261e+01,9.249358e-10,1.579853e-08,1.579853e-10,3.003204e-10,5.531792e-09,5.531792e-11
1.582475e+01,9.294834e-10,1.590166e-08,1.590166e-10,3.022706e-10,5.553170e-09,5.553170e-11
1.582689e+01,9.404843e-10,1.612884e-08,1.612884e-10,3.083082e-10,5.619995e-09,5.619995e-11
1.582902e+01,9.481659e-10,1.633191e-08,1.633191e-10,3.108743e-10,5.662948e-09,5.662948e-11
1.583116e+01,9.482204e-10,1.636273e-08,1.636273e-10,3.087752e-10,5.639965e-09,5.639965e-11
1.583330e+01,9.447444e-10,1.620826e-08,1.620826e-10,3.072581e-10,5.572365e-09,5.572365e-11
1.583543e+01,9.419502e-10,1.600179e-08,1.600179e-10,3.082315e-10,5.494139e-09,5.494139e-11
1.583757e+01,9.401829e-10,1.589810e-08,1.589810e-10,3.083893e-10,5.442139e-09,5.442139e-11
1.583971e+01,9.404342e-10,1.595480e-08,1.595480e-10,3.070090e-10,5.417967e-09,5.417967e-11
1.584184e+01,9.448586e-10,1.612343e-08,1.612343e-10,3.076195e-10,5.432261e-09,5.432261e-11
1.584398e+01,9.508474e-10,1.624169e-08,1.624169e-10,3.105964e-10,5.438012e-09,5.438012e-11
1.584612e+01,9.517865e-10,1.617686e-08,1.617686e-10,3.113587e-10,5.390740e-09,5.390740e-11
1.584825e+01,9.466166e-10,1.596350e-08,1.596350e-10,3.082523e-10,5.286586e-09,5.286586e-11
1.585039e+01,9.426140e-10,1.578154e-08,1.578154e-10,3.058721e-10,5.196900e-09,5.196900e-11
1.585253e+01,9.455719e-10,1.577832e-08,1.577832e-10,3.075641e-10,5.165473e-09,5.165473e-11
1.585466e+01,9.525856e-10,1.597675e-08,1.597675e-10,3.104900e-10,5.196453e-09,5.196453e-11
1.585680e+01,9.573014e-10,1.626749e-08,1.626749e-10,3.112106e-10,5.249486e-09,5.249486e-11
1.585894e+01,9.578743e-10,1.648495e-08,1.648495e-10,3.108530e-10,5.286337e-09,5.286337e-11
1.586107e+01,9.565388e-10,1.654436e-08,1.654436e-10,3.115873e-10,5.277576e-09,5.277576e-11
1.586321e+01,9.547460e-10,1.652634e-08,1.652634e-10,3.123023e-10,5.249024e-09,5.249024e-11
1.586535e+01,9.530342e-10,1.658669e-08,1.658669e-10,3.114316e-10,5.241830e-09,5.241830e-11
1.586748e+01,9.536612e-10,1.681680e-08,1.681680e-10,3.109899e-10,5.289679e-09,5.289679e-11
1.586962e+01,9.588209e-10,1.719469e-08,1.719469e-10,3.136423e-10,5.388999e-09,5.388999e-11
1.587176e+01,9.666249e-10,1.759738e-08,1.759738e-10,3.177181e-10,5.504107e-09,5.504107e-11
1.587389e+01,9.725639e-10,1.787959e-08,1.787959e-10,3.194170e-10,5.579455e-09,5.579455e-11
1.587603e+01,9.745968e-10,1.799771e-08,1.799771e-10,3.184716e-10,5.599434e-09,5.599434e-11
1.587817e+01,9.741745e-10,1.803960e-08,1.803960e-10,3.175966e-10,5.600885e-09,5.600885e-11
1.588030e+01,9.738364e-10,1.812898e-08,1.812898e-10,3.178066e-10,5.626240e-09,5.626240e-11
1.588244e+01,9.759730e-10,1.832140e-08,1.832140e-10,3.181182e-10,5.684573e-09,5.684573e-11
1.588458e+01,9.818002e-10,1.857309e-08,1.857309e-10,3.186989e-10,5.762149e-09,5.762149e-11
1.588671e+01,9.890553e-10,1.877403e-08,1.877403e-10,3.203107e-10,5.828934e-09,5.828934e-11
1.588885e+01,9.926383e-10,1.882709e-08,1.882709e-10,3.215274e-10,5.852085e-09,5.852085e-11
1.589099e+01,9.902221e-10,1.873171e-08,1.873171e-10,3.205713e-10,5.828311e-09,5.828311e-11
1.589312e+01,9.860044e-10,1.858393e-08,1.858393e-10,3.189906e-10,5.793533e-09,5.793533e-11
1.589526e+01,9.859389e-10,1.847506e-08,1.847506e-10,3.195751e-10,5.776811e-09,5.776811e-11
1.589740e+01,9.897563e-10,1.843026e-08,1.843026e-10,3.214842e-10,5.780142e-09,5.780142e-11
1.589954e+01,9.915732e-10,1.840523e-08,1.840523e-10,3.215134e-10,5.784068e-09,5.784068e-11
1.590167e+01,9.883268e-10,1.831870e-08,1.831870e-10,3.196800e-10,5.772543e-09,5.772543e-11
1.590381e+01,9.826455e-10,1.812196e-08,1.812196e-10,3.188509e-10,5.731158e-09,5.731158e-11
1.590595e+01,9.769290e-10,1.784251e-08,1.784251e-10,3.188495e-10,5.667209e-09,5.667209e-11
1.590808e+01,9.706695e-10,1.754814e-08,1.754814e-10,3.165765e-10,5.587555e-09,5.587555e-11
1.591022e+01,9.645661e-10,1.730083e-08,1.730083e-10,3.125649e-10,5.510924e-09,5.510924e-11
1.591236e+01,9.608144e-10,1.711472e-08,1.711472e-10,3.112099e-10,5.457991e-09,5.457991e-11
1.591449e+01,9.579447e-10,1.694172e-08,1.694172e-10,3.128952e-10,5.420787e-09,5.420787e-11
1.591663e+01,9.512141e-10,1.673069e-08,1.673069e-10,3.120424e-10,5.367912e-09,5.367912e-11
1.591877e+01,9.401758e-10,1.645501e-08,1.645501e-10,3.061086e-10,5.257171e-09,5.257171e-11
1.592090e+01,9.306729e-10,1.615388e-08,1.615388e-10,3.005604e-10,5.142979e-09,5.142979e-11
1.592304e+01,9.262386e-10,1.587942e-08,1.587942e-10,3.000771e-10,5.046243e-09,5.046243e-11
1.592518e+01,9.219006e-10,1.565070e-08,1.565070e-10,3.003300e-10,4.983639e-09,4.983639e-11
1.592731e+01,9.116032e-10,1.543944e-08,1.543944e-10,2.951005e-10,4.880406e-09,4.880406e-11
1.592945e+01,8.986299e-10,1.523685e-08,1.523685e-10,2.872213e-10,4.773940e-09,4.773940e-11
1.593159e+01,8.909572e-10,1.503393e-08,1.503393e-10,2.841386e-10,4.682765e-09,4.682765e-11
1.593372e+01,8.879878e-10,1.483300e-08,1.483300e-10,2.851351e-10,4.619179e-09,4.619179e-11
1.593586e+01,8.811021e-10,1.462875e-08,1.462875e-10,2.823516e-10,4.534649e-09,4.534649e-11
1.593800e+01,8.675657e-10,1.441136e-08,1.441136e-10,2.741334e-10,4.405010e-09,4.405010e-11
1.594013e+01,8.544977e-10,1.420363e-08,1.420363e-10,2.677479e-10,4.304112e-09,4.304112e-11
1.594227e+01,8.472233e-10,1.401476e-08,1.401476e-10,2.670993e-10,4.227571e-09,4.227571e-11
1.594441e+01,8.421389e-10,1.384455e-08,1.384455e-10,2.666461e-10,4.179180e-09,4.179180e-11
1.594654e+01,8.340122e-10,1.367436e-08,1.367436e-10,2.612365e-10,4.071041e-09,4.071041e-11
1.594868e+01,8.238886e-10,1.350826e-08,1.350826e-10,2.545998e-10,3.978412e-09,3.978412e-11
1.595082e+01,8.153568e-10,1.334348e-08,1.334348e-10,2.523352e-10,3.904749e-09,3.904749e-11
1.595295e+01,8.074947e-10,1.319734e-08,1.319734e-10,2.521538e-10,3.867284e-09,3.867284e-11
1.595509e+01,7.972394e-10,1.305064e-08,1.305064e-10,2.483564e-10,3.794302e-09,3.794302e-11
1.595723e+01,7.859801e-10,1.289872e-08,1.289872e-10,2.420514e-10,3.705765e-09,3.705765e-11
1.595936e+01,7.773805e-10,1.274407e-08,1.274407e-10,2.389287e-10,3.641247e-09,3.641247e-11
1.596150e+01,7.702518e-10,1.259428e-08,1.259428e-10,2.391184e-10,3.595186e-09,3.595186e-11
1.596364e+01,7.608039e-10,1.246404e-08,1.246404e-10,2.375162e-10,3.556368e-09,3.556368e-11
1.596577e+01,7.506038e-10,1.236016e-08,1.236016e-10,2.332902e-10,3.503344e-09,3.503344e-11
1.596791e+01,7.446431e-10,1.227244e-08,1.227244e-10,2.309873e-10,3.476944e-09,3.476944e-11
1.597005e+01,7.422330e-10,1.216607e-08,1.216607e-10,2.319129e-10,3.449498e-09,3.449498e-11
1.597218e+01,7.372050e-10,1.203094e-08,1.203094e-10,2.317262e-10,3.418828e-09,3.418828e-11
1.597432e+01,7.277992e-10,1.188341e-08,1.188341e-10,2.281866e-10,3.364939e-09,3.364939e-11
1.597646e+01,7.198166e-10,1.177031e-08,1.177031e-10,2.251120e-10,3.335101e-09,3.335101e-11
1.597859e+01,7.177760e-10,1.170243e-08,1.170243e-10,2.257199e-10,3.330352e-09,3.330352e-11
1.598073e+01,7.180139e-10,1.166790e-08,1.166790e-10,2.271181e-10,3.341561e-09,3.341561e-11
1.598287e+01,7.145820e-10,1.163000e-08,1.163000e-10,2.255276e-10,3.333319e-09,3.333319e-11
1.598500e+01,7.081831e-10,1.157285e-08,1.157285e-10,2.227884e-10,3.322746e-09,3.322746e-11
1.598714e+01,7.035526e-10,1.149897e-08,1.149897e-10,2.225887e-10,3.319362e-09,3.319362e-11
1.598928e+01,7.009041e-10,1.142622e-08,1.142622e-10,2.236115e-10,3.326352e-09,3.326352e-11
1.599142e+01,6.967836e-10,1.137222e-08,1.137222e-10,2.223481e-10,3.323746e-09,3.323746e-11
1.599355e+01,6.915956e-10,1.135555e-08,1.135555e-10,2.201191e-10,3.331329e-09,3.331329e-11
1.599569e+01,6.892873e-10,1.138278e-08,1.138278e-10,2.209278e-10,3.366077e-09,3.366077e-11
1.599783e+01,6.905204e-10,1.143804e-08,1.143804e-10,2.242094e-10,3.423441e-09,3.423441e-11
1.599996e+01,6.920636e-10,1.149550e-08,1.149550e-10,2.258122e-10,3.469067e-09,3.469067e-11
1.600210e+01,6.926437e-10,1.154395e-08,1.154395e-10,2.252004e-10,3.495714e-09,3.495714e-11
1.600424e+01,6.947514e-10,1.160518e-08,1.160518e-10,2.261454e-10,3.531718e-09,3.531718e-11
1.600637e+01,7.000095e-10,1.169470e-08,1.169470e-10,2.300051e-10,3.584103e-09,3.584103e-11
1.600851e+01,7.065845e-10,1.181752e-08,1.181752e-10,2.334073e-10,3.643566e-09,3.643566e-11
1.601065e+01,7.128328e-10,1.195866e-08,1.195866e-10,2.342468e-10,3.682853e-09,3.682853e-11
1.601278e+01,7.202416e-10,1.210699e-08,1.210699e-10,2.353422e-10,3.728568e-09,3.728568e-11
1.601492e+01,7.296026e-10,1.225118e-08,1.225118e-10,2.391325e-10,3.775947e-09,3.775947e-11
1.601706e+01,7.374726e-10,1.238704e-08,1.238704e-10,2.428471e-10,3.827109e-09,3.827109e-11
1.601919e+01,7.412289e-10,1.252087e-08,1.252087e-10,2.431604e-10,3.851578e-09,3.851578e-11
1.602133e+01,7.447285e-10,1.268161e-08,1.268161e-10,2.423619e-10,3.876968e-09,3.876968e-11
1.602347e+01,7.537293e-10,1.288434e-08,1.288434e-10,2.448752e-10,3.916044e-09,3.916044e-11
1.602560e+01,7.677279e-10,1.313196e-08,1.313196e-10,2.500000e-10,3.970495e-09,3.970495e-11
1.602774e+01,7.810754e-10,1.341353e-08,1.341353e-10,2.533392e-10,4.020568e-09,4.020568e-11
1.602988e+01,7.905810e-10,1.370927e-08,1.370927e-10,2.537380e-10,4.058634e-09,4.058634e-11
1.603201e+01,7.979205e-10,1.401400e-08,1.401400e-10,2.540308e-10,4.104275e-09,4.104275e-11
1.603415e+01,8.055282e-10,1.433651e-08,1.433651e-10,2.556468e-10,4.156722e-09,4.156722e-11
1.603629e+01,8.134974e-10,1.468402e-08,1.468402e-10,2.566321e-10,4.217457e-09,4.217457e-11
1.603842e+01,8.212028e-10,1.505467e-08,1.505467e-10,2.557966e-10,4.275223e-09,4.275223e-11
1.604056e+01,8.291731e-10,1.543947e-08,1.543947e-10,2.551312e-10,4.345374e-09,4.345374e-11
1.604270e+01,8.374034e-10,1.582600e-08,1.582600e-10,2.562502e-10,4.427246e-09,4.427246e-11
1.604483e+01,8.440534e-10,1.621045e-08,1.621045e-10,2.575403e-10,4.516732e-09,4.516732e-11
1.604697e+01,8.482377e-10,1.658415e-08,1.658415e-10,2.570533e-10,4.600129e-09,4.600129e-11
1.604911e+01,8.521412e-10,1.694577e-08,1.694577e-10,2.558914e-10,4.681120e-09,4.681120e-11
1.605124e+01,8.576357e-10,1.729776e-08,1.729776e-10,2.561336e-10,4.766237e-09,4.766237e-11
1.605338e+01,8.632262e-10,1.763663e-08,1.763663e-10,2.572387e-10,4.854224e-09,4.854224e-11
1.605552e+01,8.671364e-10,1.795578e-08,1.795578e-10,2.575205e-10,4.937829e-09,4.937829e-11
1.605765e+01,8.708451e-10,1.825287e-08,1.825287e-10,2.574998e-10,5.016917e-09,5.016917e-11
1.605979e+01,8.765136e-10,1.851573e-08,1.851573e-10,2.586743e-10,5.091109e-09,5.091109e-11
1.606193e+01,8.825630e-10,1.872481e-08,1.872481e-10,2.603212e-10,5.153027e-09,5.153027e-11
1.606406e+01,8.851785e-10,1.886864e-08,1.886864e-10,2.603926e-10,5.194809e-09,5.194809e-11
1.606620e+01,8.837946e-10,1.895037e-08,1.895037e-10,2.590381e-10,5.219573e-09,5.219573e-11
1.606834e+01,8.821351e-10,1.898150e-08,1.898150e-10,2.586289e-10,5.235425e-09,5.235425e-11
1.607047e+01,8.830164e-10,1.896894e-08,1.896894e-10,2.599555e-10,5.244327e-09,5.244327e-11
1.607261e+01,8.846276e-10,1.891473e-08,1.891473e-10,2.610743e-10,5.241987e-09,5.241987e-11
1.607475e+01,8.836406e-10,1.880917e-08,1.880917e-10,2.606707e-10,5.221915e-09,5.221915e-11
1.607689e+01,8.797079e-10,1.863846e-08,1.863846e-10,2.598744e-10,5.183433e-09,5.183433e-11
1.607902e+01,8.749133e-10,1.840153e-08,1.840153e-10,2.598180e-10,5.125569e-09,5.125569e-11
1.608116e+01,8.706225e-10,1.811884e-08,1.811884e-10,2.595918e-10,5.055139e-09,5.055139e-11
1.608330e+01,8.671300e-10,1.781322e-08,1.781322e-10,2.582231e-10,4.972229e-09,4.972229e-11
1.608543e+01,8.650187e-10,1.749930e-08,1.749930e-10,2.570811e-10,4.888164e-09,4.888164e-11
1.608757e+01,8.644236e-10,1.717845e-08,1.717845e-10,2.578017e-10,4.806747e-09,4.806747e-11
1.608971e+01,8.634079e-10,1.683151e-08,1.683151e-10,2.590346e-10,4.721909e-09,4.721909e-11
1.609184e+01,8.591162e-10,1.643079e-08,1.643079e-10,2.580335e-10,4.614836e-09,4.614836e-11
1.609398e+01,8.510910e-10,1.597454e-08,1.597454e-10,2.548101e-10,4.484493e-09,4.484493e-11
1.609612e+01,8.418973e-10,1.549755e-08,1.549755e-10,2.522394e-10,4.353895e-09,4.353895e-11
1.609825e+01,8.340158e-10,1.503953e-08,1.503953e-10,2.519082e-10,4.236649e-09,4.236649e-11
1.610039e+01,8.275316e-10,1.462806e-08,1.462806e-10,2.521612e-10,4.139781e-09,4.139781e-11
1.610253e+01,8.213096e-10,1.426731e-08,1.426731e-10,2.511897e-10,4.053372e-09,4.053372e-11
1.610466e+01,8.147463e-10,1.392795e-08,1.392795e-10,2.496135e-10,3.972781e-09,3.972781e-11
1.610680e+01,8.074236e-10,1.357191e-08,1.357191e-10,2.487173e-10,3.885431e-09,3.885431e-11
1.610894e+01,7.988184e-10,1.320177e-08,1.320177e-10,2.481165e-10,3.795237e-09,3.795237e-11
1.611107e+01,7.894282e-10,1.286541e-08,1.286541e-10,2.464957e-10,3.716117e-09,3.716117e-11
1.611321e+01,7.813673e-10,1.261472e-08,1.261472e-10,2.441137e-10,3.658495e-09,3.658495e-11
1.611535e+01,7.766023e-10,1.247044e-08,1.247044e-10,2.429478e-10,3.636641e-09,3.636641e-11
1.611748e+01,7.743120e-10,1.240253e-08,1.240253e-10,2.436961e-10,3.641385e-09,3.641385e-11
1.611962e+01,7.709663e-10,1.233719e-08,1.233719e-10,2.444351e-10,3.646680e-09,3.646680e-11
1.612176e+01,7.635134e-10,1.221480e-08,1.221480e-10,2.430487e-10,3.627482e-09,3.627482e-11
1.612389e+01,7.523878e-10,1.205150e-08,1.205150e-10,2.398209e-10,3.592412e-09,3.592412e-11
1.612603e+01,7.410146e-10,1.191702e-08,1.191702e-10,2.369864e-10,3.570856e-09,3.570856e-11
1.612817e+01,7.326821e-10,1.186584e-08,1.186584e-10,2.361269e-10,3.577529e-09,3.577529e-11
1.613030e+01,7.279556e-10,1.190389e-08,1.190389e-10,2.366247e-10,3.614279e-09,3.614279e-11
1.613244e+01,7.245296e-10,1.198450e-08,1.198450e-10,2.366393e-10,3.661289e-09,3.661289e-11
1.613458e+01,7.200211e-10,1.203788e-08,1.203788e-10,2.353380e-10,3.693128e-09,3.693128e-11
1.613671e+01,7.149940e-10,1.203885e-08,1.203885e-10,2.341063e-10,3.709916e-09,3.709916e-11
1.613885e+01,7.124765e-10,1.202837e-08,1.202837e-10,2.348681e-10,3.729045e-09,3.729045e-11
1.614099e+01,7.142504e-10,1.206640e-08,1.206640e-10,2.372659e-10,3.770533e-09,3.770533e-11
1.614312e+01,7.190312e-10,1.218186e-08,1.218186e-10,2.393493e-10,3.830547e-09,3.830547e-11
1.614526e+01,7.248452e-10,1.235939e-08,1.235939e-10,2.408572e-10,3.908853e-09,3.908853e-11
1.614740e+01,7.310882e-10,1.255165e-08,1.255165e-10,2.435387e-10,4.002348e-09,4.002348e-11
1.614953e+01,7.373500e-10,1.271099e-08,1.271099e-10,2.479666e-10,4.093232e-09,4.093232e-11
1.615167e+01,7.419153e-10,1.283159e-08,1.283159e-10,2.517369e-10,4.180581e-09,4.180581e-11
1.615381e+01,7.437029e-10,1.294187e-08,1.294187e-10,2.526606e-10,4.253254e-09,4.253254e-11
1.615594e+01,7.449834e-10,1.307990e-08,1.307990e-10,2.527432e-10,4.337880e-09,4.337880e-11
1.615808e+01,7.492014e-10,1.325959e-08,1.325959e-10,2.557721e-10,4.443507e-09,4.443507e-11
1.616022e+01,7.560702e-10,1.346724e-08,1.346724e-10,2.613915e-10,4.570002e-09,4.570002e-11
1.616235e+01,7.617738e-10,1.367069e-08,1.367069e-10,2.652419e-10,4.690481e-09,4.690481e-11
1.616449e+01,7.649974e-10,1.384836e-08,1.384836e-10,2.657896e-10,4.784380e-09,4.784380e-11
1.616663e+01,7.691644e-10,1.400979e-08,1.400979e-10,2.670740e-10,4.884028e-09,4.884028e-11
1.616877e+01,7.766714e-10,1.416820e-08,1.416820e-10,2.720658e-10,4.988734e-09,4.988734e-11
1.617090e+01,7.846203e-10,1.433100e-08,1.433100e-10,2.774542e-10,5.101443e-09,5.101443e-11
1.617304e+01,7.894794e-10,1.448513e-08,1.448513e-10,2.791106e-10,5.186893e-09,5.186893e-11
1.617518e+01,7.931543e-10,1.462539e-08,1.462539e-10,2.790807e-10,5.267041e-09,5.267041e-11
1.617731e+01,7.999274e-10,1.474456e-08,1.474456e-10,2.822594e-10,5.347111e-09,5.347111e-11
1.617945e+01,8.093296e-10,1.484774e-08,1.484774e-10,2.882855e-10,5.428673e-09,5.428673e-11
1.618159e+01,8.170787e-10,1.493837e-08,1.493837e-10,2.920253e-10,5.493830e-09,5.493830e-11
1.618372e+01,8.223389e-10,1.501965e-08,1.501965e-10,2.920828e-10,5.530181e-09,5.530181e-11
1.618586e+01,8.286729e-10,1.509057e-08,1.509057e-10,2.930049e-10,5.565469e-09,5.565469e-11
1.618800e+01,8.369293e-10,1.513797e-08,1.513797e-10,2.970990e-10,5.591569e-09,5.591569e-11
1.619013e+01,8.429329e-10,1.515854e-08,1.515854e-10,3.001487e-10,5.608764e-09,5.608764e-11
1.619227e+01,8.445916e-10,1.515818e-08,1.515818e-10,2.986643e-10,5.586836e-09,5.586836e-11
1.619441e+01,8.463282e-10,1.517529e-08,1.517529e-10,2.962838e-10,5.564878e-09,5.564878e-11
1.619654e+01,8.524224e-10,1.522538e-08,1.522538e-10,2.980112e-10,5.550527e-09,5.550527e-11
1.619868e+01,8.598231e-10,1.530219e-08,1.530219e-10,3.017304e-10,5.545936e-09,5.545936e-11
1.620082e+01,8.631480e-10,1.536835e-08,1.536835e-10,3.019658e-10,5.512327e-09,5.512327e-11
1.620295e+01,8.637857e-10,1.541374e-08,1.541374e-10,2.994498e-10,5.458323e-09,5.458323e-11
1.620509e+01,8.672306e-10,1.545021e-08,1.545021e-10,2.995001e-10,5.406221e-09,5.406221e-11
1.620723e+01,8.728239e-10,1.550376e-08,1.550376e-10,3.022944e-10,5.363735e-09,5.363735e-11
1.620936e+01,8.740669e-10,1.558792e-08,1.558792e-10,3.023152e-10,5.322968e-09,5.322968e-11
1.621150e+01,8.695066e-10,1.570299e-08,1.570299e-10,2.979068e-10,5.269186e-09,5.269186e-11
1.621364e+01,8.653639e-10,1.584934e-08,1.584934e-10,2.942533e-10,5.234494e-09,5.234494e-11
1.621577e+01,8.653924e-10,1.599139e-08,1.599139e-10,2.943745e-10,5.205033e-09,5.205033e-11
1.621791e+01,8.651818e-10,1.610184e-08,1.610184e-10,2.938712e-10,5.175049e-09,5.175049e-11
1.622005e+01,8.603912e-10,1.616975e-08,1.616975e-10,2.889595e-10,5.104772e-09,5.104772e-11
1.622218e+01,8.547805e-10,1.624083e-08,1.624083e-10,2.836620e-10,5.047383e-09,5.047383e-11
1.622432e+01,8.545714e-10,1.634732e-08,1.634732e-10,2.833332e-10,5.016706e-09,5.016706e-11
1.622646e+01,8.586341e-10,1.649921e-08,1.649921e-10,2.855546e-10,5.025968e-09,5.025968e-11
1.622859e+01,8.607439e-10,1.665178e-08,1.665178e-10,2.842316e-10,5.014208e-09,5.014208e-11
1.623073e+01,8.596321e-10,1.676174e-08,1.676174e-10,2.800384e-10,4.989241e-09,4.989241e-11
1.623287e+01,8.593668e-10,1.681038e-08,1.681038e-10,2.787359e-10,4.969409e-09,4.969409e-11
1.623500e+01,8.605514e-10,1.681175e-08,1.681175e-10,2.804305e-10,4.962203e-09,4.962203e-11
1.623714e+01,8.593439e-10,1.680656e-08,1.680656e-10,2.794041e-10,4.953807e-09,4.953807e-11
1.623928e+01,8.561752e-10,1.682191e-08,1.682191e-10,2.748507e-10,4.927180e-09,4.927180e-11
1.624141e+01,8.571691e-10,1.687786e-08,1.687786e-10,2.731255e-10,4.945695e-09,4.945695e-11
1.624355e+01,8.640622e-10,1.694056e-08,1.694056e-10,2.770162e-10,4.987263e-09,4.987263e-11
1.624569e+01,8.698922e-10,1.696410e-08,1.696410e-10,2.803540e-10,5.040059e-09,5.040059e-11
1.624782e+01,8.687212e-10,1.690960e-08,1.690960e-10,2.777525e-10,5.027528e-09,5.027528e-11
1.624996e+01,8.642235e-10,1.681084e-08,1.681084e-10,2.733825e-10,5.015151e-09,5.015151e-11
1.625210e+01,8.634381e-10,1.671772e-08,1.671772e-10,2.738455e-10,5.027768e-09,5.027768e-11
1.625424e+01,8.661577e-10,1.665982e-08,1.665982e-10,2.773615e-10,5.079021e-09,5.079021e-11
1.625637e+01,8.668689e-10,1.662791e-08,1.662791e-10,2.773958e-10,5.119262e-09,5.119262e-11
1.625851e+01,8.645861e-10,1.659058e-08,1.659058e-10,2.739226e-10,5.139206e-09,5.139206e-11
1.626065e+01,8.634681e-10,1.651366e-08,1.651366e-10,2.730285e-10,5.174132e-09,5.174132e-11
1.626278e+01,8.642836e-10,1.637549e-08,1.637549e-10,2.760710e-10,5.203206e-09,5.203206e-11
1.626492e+01,8.628915e-10,1.620359e-08,1.620359e-10,2.775503e-10,5.227991e-09,5.227991e-11
1.626706e+01,8.581967e-10,1.603632e-08,1.603632e-10,2.749088e-10,5.223376e-09,5.223376e-11
1.626919e+01,8.551116e-10,1.590729e-08,1.590729e-10,2.728770e-10,5.240766e-09,5.240766e-11
1.627133e+01,8.571203e-10,1.580993e-08,1.580993e-10,2.755067e-10,5.276636e-09,5.276636e-11
1.627347e+01,8.604010e-10,1.570818e-08,1.570818e-10,2.796068e-10,5.318385e-09,5.318385e-11
1.627560e+01,8.585401e-10,1.555355e-08,1.555355e-10,2.797485e-10,5.327638e-09,5.327638e-11
1.627774e+01,8.504241e-10,1.533515e-08,1.533515e-10,2.762185e-10,5.306504e-09,5.306504e-11
1.627988e+01,8.406472e-10,1.509465e-08,1.509465e-10,2.737366e-10,5.287437e-09,5.287437e-11
1.628201e+01,8.334537e-10,1.488361e-08,1.488361e-10,2.742058e-10,5.278786e-09,5.278786e-11
1.628415e+01,8.294272e-10,1.471868e-08,1.471868e-10,2.752627e-10,5.276991e-09,5.276991e-11
1.628629e+01,8.271717e-10,1.458565e-08,1.458565e-10,2.750449e-10,5.265614e-09,5.265614e-11
1.628842e+01,8.243873e-10,1.445006e-08,1.445006e-10,2.742063e-10,5.246460e-09,5.246460e-11
1.629056e+01,8.180648e-10,1.426162e-08,1.426162e-10,2.733990e-10,5.214747e-09,5.214747e-11
1.629270e+01,8.072388e-10,1.402050e-08,1.402050e-10,2.720415e-10,5.169515e-09,5.169515e-11
1.629483e+01,7.954094e-10,1.378328e-08,1.378328e-10,2.699580e-10,5.117683e-09,5.117683e-11
1.629697e+01,7.874392e-10,1.358758e-08,1.358758e-10,2.678680e-10,5.062289e-09,5.062289e-11
1.629911e+01,7.845029e-10,1.344118e-08,1.344118e-10,2.663529e-10,5.008536e-09,5.008536e-11
1.630124e+01,7.835523e-10,1.332205e-08,1.332205e-10,2.657424e-10,4.960030e-09,4.960030e-11
1.630338e+01,7.803922e-10,1.317234e-08,1.317234e-10,2.658160e-10,4.906696e-09,4.906696e-11
1.630552e+01,7.730147e-10,1.296349e-08,1.296349e-10,2.650990e-10,4.837174e-09,4.837174e-11
1.630765e+01,7.633454e-10,1.273186e-08,1.273186e-10,2.623150e-10,4.748081e-09,4.748081e-11
1.630979e+01,7.559908e-10,1.252630e-08,1.252630e-10,2.589628e-10,4.657844e-09,4.657844e-11
1.631193e+01,7.538581e-10,1.236763e-08,1.236763e-10,2.582843e-10,4.585939e-09,4.585939e-11
1.631406e+01,7.545375e-10,1.224010e-08,1.224010e-10,2.605527e-10,4.530050e-09,4.530050e-11
1.631620e+01,7.524899e-10,1.210796e-08,1.210796e-10,2.617710e-10,4.476227e-09,4.476227e-11
1.631834e+01,7.455930e-10,1.195282e-08,1.195282e-10,2.592471e-10,4.399408e-09,4.399408e-11
1.632047e+01,7.380704e-10,1.179186e-08,1.179186e-10,2.560513e-10,4.329679e-09,4.329679e-11
1.632261e+01,7.346355e-10,1.165185e-08,1.165185e-10,2.563341e-10,4.279570e-09,4.279570e-11
1.632475e+01,7.338326e-10,1.154912e-08,1.154912e-10,2.584222e-10,4.255550e-09,4.255550e-11
1.632688e+01,7.314529e-10,1.146708e-08,1.146708e-10,2.576461e-10,4.216492e-09,4.216492e-11
1.632902e+01,7.282941e-10,1.140581e-08,1.140581e-10,2.546507e-10,4.171516e-09,4.171516e-11
1.633116e+01,7.286049e-10,1.136894e-08,1.136894e-10,2.545109e-10,4.147915e-09,4.147915e-11
1.633329e+01,7.317479e-10,1.134525e-08,1.134525e-10,2.575843e-10,4.144064e-09,4.144064e-11
1.633543e+01,7.322835e-10,1.131414e-08,1.131414e-10,2.584089e-10,4.132833e-09,4.132833e-11
1.633757e+01,7.289593e-10,1.127592e-08,1.127592e-10,2.550641e-10,4.087192e-09,4.087192e-11
1.633970e+01,7.272174e-10,1.125382e-08,1.125382e-10,2.527309e-10,4.055764e-09,4.055764e-11
1.634184e+01,7.306279e-10,1.126033e-08,1.126033e-10,2.550891e-10,4.046361e-09,4.046361e-11
1.634398e+01,7.352859e-10,1.129390e-08,1.129390e-10,2.582018e-10,4.062710e-09,4.062710e-11
1.634612e+01,7.365587e-10,1.132551e-08,1.132551e-10,2.574967e-10,4.050153e-09,4.050153e-11
1.634825e+01,7.366000e-10,1.135975e-08,1.135975e-10,2.556262e-10,4.043520e-09,4.043520e-11
1.635039e+01,7.400370e-10,1.140724e-08,1.140724e-10,2.575009e-10,4.052888e-09,4.052888e-11
1.635253e+01,7.461922e-10,1.149725e-08,1.149725e-10,2.617006e-10,4.100479e-09,4.100479e-11
1.635466e+01,7.518837e-10,1.162311e-08,1.162311e-10,2.636492e-10,4.142648e-09,4.142648e-11
1.635680e+01,7.586271e-10,1.179475e-08,1.179475e-10,2.644266e-10,4.196738e-09,4.196738e-11
1.635894e+01,7.697890e-10,1.201363e-08,1.201363e-10,2.687682e-10,4.276626e-09,4.276626e-11
1.636107e+01,7.828903e-10,1.228002e-08,1.228002e-10,2.757277e-10,4.389150e-09,4.389150e-11
1.636321e+01,7.922413e-10,1.258470e-08,1.258470e-10,2.795617e-10,4.503121e-09,4.503121e-11
1.636535e+01,7.984479e-10,1.292419e-08,1.292419e-10,2.798551e-10,4.610431e-09,4.610431e-11
1.636748e+01,8.078388e-10,1.331205e-08,1.331205e-10,2.824222e-10,4.748685e-09,4.748685e-11
1.636962e+01,8.217714e-10,1.373852e-08,1.373852e-10,2.888836e-10,4.907946e-09,4.907946e-11
1.637176e+01,8.338757e-10,1.419233e-08,1.419233e-10,2.934411e-10,5.077586e-09,5.077586e-11
1.637389e+01,8.407698e-10,1.465182e-08,1.465182e-10,2.931529e-10,5.215468e-09,5.215468e-11
1.637603e+01,8.483339e-10,1.513293e-08,1.513293e-10,2.936543e-10,5.378956e-09,5.378956e-11
1.637817e+01,8.620303e-10,1.562360e-08,1.562360e-10,2.994648e-10,5.554428e-09,5.554428e-11
1.638030e+01,8.775823e-10,1.611713e-08,1.611713e-10,3.058792e-10,5.743656e-09,5.743656e-11
1.638244e+01,8.880623e-10,1.658978e-08,1.658978e-10,3.071199e-10,5.885478e-09,5.885478e-11
1.638458e+01,8.950837e-10,1.704272e-08,1.704272e-10,3.065289e-10,6.021938e-09,6.021938e-11
1.638671e+01,9.051843e-10,1.747883e-08,1.747883e-10,3.108211e-10,6.163899e-09,6.163899e-11
1.638885e+01,9.187045e-10,1.789415e-08,1.789415e-10,3.183241e-10,6.311676e-09,6.311676e-11
1.639099e+01,9.302627e-10,1.827469e-08,1.827469e-10,3.217803e-10,6.420948e-09,6.420948e-11
1.639312e+01,9.383447e-10,1.861571e-08,1.861571e-10,3.207933e-10,6.489284e-09,6.489284e-11
1.639526e+01,9.470433e-10,1.892399e-08,1.892399e-10,3.221767e-10,6.562930e-09,6.562930e-11
1.639740e+01,9.579362e-10,1.919548e-08,1.919548e-10,3.278394e-10,6.632135e-09,6.632135e-11
1.639953e+01,9.672882e-10,1.943265e-08,1.943265e-10,3.315705e-10,6.688752e-09,6.688752e-11
1.640167e+01,9.734174e-10,1.962947e-08,1.962947e-10,3.300486e-10,6.695774e-09,6.695774e-11
1.640381e+01,9.801546e-10,1.979630e-08,1.979630e-10,3.285683e-10,6.703037e-09,6.703037e-11
1.640594e+01,9.895188e-10,1.993108e-08,1.993108e-10,3.315774e-10,6.708090e-09,6.708090e-11
1.640808e+01,9.969468e-10,2.003215e-08,2.003215e-10,3.349226e-10,6.713946e-09,6.713946e-11
1.641022e+01,9.986457e-10,2.009498e-08,2.009498e-10,3.333998e-10,6.688369e-09,6.688369e-11
1.641235e+01,9.980513e-10,2.012815e-08,2.012815e-10,3.296429e-10,6.653287e-09,6.653287e-11
1.641449e+01,9.996960e-10,2.013448e-08,2.013448e-10,3.290750e-10,6.622362e-09,6.622362e-11
1.641663e+01,1.001406e-09,2.011273e-08,2.011273e-10,3.307080e-10,6.593899e-09,6.593899e-11
1.641876e+01,9.980347e-10,2.005777e-08,2.005777e-10,3.293696e-10,6.554524e-09,6.554524e-11
1.642090e+01,9.899356e-10,1.997187e-08,1.997187e-10,3.246208e-10,6.500868e-09,6.500868e-11
1.642304e+01,9.820666e-10,1.986346e-08,1.986346e-10,3.209416e-10,6.451337e-09,6.451337e-11
1.642517e+01,9.760018e-10,1.973782e-08,1.973782e-10,3.198078e-10,6.404114e-09,6.404114e-11
1.642731e+01,9.682425e-10,1.959741e-08,1.959741e-10,3.178882e-10,6.356003e-09,6.356003e-11
1.642945e+01,9.568777e-10,1.943995e-08,1.943995e-10,3.134349e-10,6.299011e-09,6.299011e-11
1.643159e+01,9.447988e-10,1.926642e-08,1.926642e-10,3.088588e-10,6.240732e-09,6.240732e-11
1.643372e+01,9.345986e-10,1.907641e-08,1.907641e-10,3.058175e-10,6.181358e-09,6.181358e-11
1.643586e+01,9.251542e-10,1.887019e-08,1.887019e-10,3.026862e-10,6.118173e-09,6.118173e-11
1.643800e+01,9.150761e-10,1.864851e-08,1.864851e-10,2.984978e-10,6.047973e-09,6.047973e-11
1.644013e+01,9.050201e-10,1.841187e-08,1.841187e-10,2.947443e-10,5.975271e-09,5.975271e-11
1.644227e+01,8.950134e-10,1.815649e-08,1.815649e-10,2.917265e-10,5.900741e-09,5.900741e-11
1.644441e+01,8.836051e-10,1.787981e-08,1.787981e-10,2.876599e-10,5.819993e-09,5.819993e-11
1.644654e+01,8.706331e-10,1.757631e-08,1.757631e-10,2.824324e-10,5.731190e-09,5.731190e-11
1.644868e+01,8.572653e-10,1.724604e-08,1.724604e-10,2.780322e-10,5.639456e-09,5.639456e-11
1.645082e+01,8.429797e-10,1.689228e-08,1.689228e-10,2.745359e-10,5.546735e-09,5.546735e-11
1.645295e+01,8.259444e-10,1.652340e-08,1.652340e-10,2.695504e-10,5.449761e-09,5.449761e-11
1.645509e+01,8.072300e-10,1.615687e-08,1.615687e-10,2.629184e-10,5.346888e-09,5.346888e-11
1.645723e+01,7.914302e-10,1.581248e-08,1.581248e-10,2.581871e-10,5.255063e-09,5.255063e-11
1.645936e+01,7.810392e-10,1.549440e-08,1.549440e-10,2.569667e-10,5.173849e-09,5.173849e-11
1.646150e+01,7.726115e-10,1.519615e-08,1.519615e-10,2.556046e-10,5.098766e-09,5.098766e-11
1.646364e+01,7.617721e-10,1.490009e-08,1.490009e-10,2.509644e-10,5.006278e-09,5.006278e-11
1.646577e+01,7.498542e-10,1.460725e-08,1.460725e-10,2.458542e-10,4.920165e-09,4.920165e-11
1.646791e+01,7.413254e-10,1.434171e-08,1.434171e-10,2.443508e-10,4.848459e-09,4.848459e-11
1.647005e+01,7.368234e-10,1.412139e-08,1.412139e-10,2.448482e-10,4.796576e-09,4.796576e-11
1.647218e+01,7.332950e-10,1.394070e-08,1.394070e-10,2.430517e-10,4.736753e-09,4.736753e-11
1.647432e+01,7.291659e-10,1.378180e-08,1.378180e-10,2.394887e-10,4.675329e-09,4.675329e-11
1.647646e+01,7.246675e-10,1.361316e-08,1.361316e-10,2.379267e-10,4.623355e-09,4.623355e-11
1.647859e+01,7.188684e-10,1.342175e-08,1.342175e-10,2.381474e-10,4.575689e-09,4.575689e-11
1.648073e+01,7.109377e-10,1.322689e-08,1.322689e-10,2.364440e-10,4.522058e-09,4.522058e-11
1.648287e+01,7.033112e-10,1.305604e-08,1.305604e-10,2.325397e-10,4.456773e-09,4.456773e-11
1.648500e+01,6.997325e-10,1.292642e-08,1.292642e-10,2.304847e-10,4.409275e-09,4.409275e-11
1.648714e+01,6.997367e-10,1.283171e-08,1.283171e-10,2.318329e-10,4.377417e-09,4.377417e-11
1.648928e+01,6.988547e-10,1.274913e-08,1.274913e-10,2.329726e-10,4.351425e-09,4.351425e-11
1.649141e+01,6.953448e-10,1.265458e-08,1.265458e-10,2.312395e-10,4.305642e-09,4.305642e-11
1.649355e+01,6.928243e-10,1.255139e-08,1.255139e-10,2.290443e-10,4.254285e-09,4.254285e-11
1.649569e+01,6.943956e-10,1.246115e-08,1.246115e-10,2.292312e-10,4.209813e-09,4.209813e-11
1.649782e+01,6.981423e-10,1.240136e-08,1.240136e-10,2.304966e-10,4.178091e-09,4.178091e-11
1.649996e+01,7.014611e-10,1.237077e-08,1.237077e-10,2.306458e-10,4.148258e-09,4.148258e-11
1.650210e+01,7.054088e-10,1.236601e-08,1.236601e-10,2.306513e-10,4.123060e-09,4.123060e-11
1.650423e+01,7.114650e-10,1.236433e-08,1.236433e-10,2.320823e-10,4.100555e-09,4.100555e-11
1.650637e+01,7.175868e-10,1.233944e-08,1.233944e-10,2.336022e-10,4.073992e-09,4.073992e-11
1.650851e+01,7.207919e-10,1.228844e-08,1.228844e-10,2.334636e-10,4.036091e-09,4.036091e-11
1.651064e+01,7.216964e-10,1.223552e-08,1.223552e-10,2.329291e-10,4.000200e-09,4.000200e-11
1.651278e+01,7.233730e-10,1.220567e-08,1.220567e-10,2.338768e-10,3.973558e-09,3.973558e-11
1.651492e+01,7.271336e-10,1.221663e-08,1.221663e-10,2.354431e-10,3.960647e-09,3.960647e-11
1.651705e+01,7.317760e-10,1.225946e-08,1.225946e-10,2.360616e-10,3.951448e-09,3.951448e-11
1.651919e+01,7.361851e-10,1.230232e-08,1.230232e-10,2.367253e-10,3.949337e-09,3.949337e-11
1.652133e+01,7.400186e-10,1.231442e-08,1.231442e-10,2.388533e-10,3.943239e-09,3.943239e-11
1.652347e+01,7.422887e-10,1.230468e-08,1.230468e-10,2.406740e-10,3.934485e-09,3.934485e-11
1.652560e+01,7.431259e-10,1.231291e-08,1.231291e-10,2.400771e-10,3.917990e-09,3.917990e-11
1.652774e+01,7.459772e-10,1.237311e-08,1.237311e-10,2.394244e-10,3.921746e-09,3.921746e-11
1.652988e+01,7.536851e-10,1.248933e-08,1.248933e-10,2.424259e-10,3.956776e-09,3.956776e-11
1.653201e+01,7.630412e-10,1.263386e-08,1.263386e-10,2.473289e-10,4.010817e-09,4.010817e-11
1.653415e+01,7.681143e-10,1.276028e-08,1.276028e-10,2.489011e-10,4.043210e-09,4.043210e-11
1.653629e+01,7.686610e-10,1.285437e-08,1.285437e-10,2.468848e-10,4.047425e-09,4.047425e-11
1.653842e+01,7.699945e-10,1.294935e-08,1.294935e-10,2.463717e-10,4.061964e-09,4.061964e-11
1.654056e+01,7.749095e-10,1.308265e-08,1.308265e-10,2.492453e-10,4.095815e-09,4.095815e-11
1.654270e+01,7.806875e-10,1.326380e-08,1.326380e-10,2.514150e-10,4.136268e-09,4.136268e-11
1.654483e+01,7.848838e-10,1.348049e-08,1.348049e-10,2.503789e-10,4.155480e-09,4.155480e-11
1.654697e+01,7.890864e-10,1.371461e-08,1.371461e-10,2.494763e-10,4.183780e-09,4.183780e-11
1.654911e+01,7.944922e-10,1.393715e-08,1.393715e-10,2.514196e-10,4.215148e-09,4.215148e-11
1.655124e+01,7.984175e-10,1.413792e-08,1.413792e-10,2.531533e-10,4.245643e-09,4.245643e-11
1.655338e+01,7.990299e-10,1.433137e-08,1.433137e-10,2.514921e-10,4.251195e-09,4.251195e-11
1.655552e+01,8.000499e-10,1.454740e-08,1.454740e-10,2.493472e-10,4.264723e-09,4.264723e-11
1.655765e+01,8.057763e-10,1.479529e-08,1.479529e-10,2.510653e-10,4.299669e-09,4.299669e-11
1.655979e+01,8.143989e-10,1.507017e-08,1.507017e-10,2.550892e-10,4.359831e-09,4.359831e-11
1.656193e+01,8.213488e-10,1.533628e-08,1.533628e-10,2.570148e-10,4.408438e-09,4.408438e-11
1.656406e+01,8.264109e-10,1.556545e-08,1.556545e-10,2.572268e-10,4.443706e-09,4.443706e-11
1.656620e+01,8.323612e-10,1.575226e-08,1.575226e-10,2.593782e-10,4.474141e-09,4.474141e-11
1.656834e+01,8.390000e-10,1.592095e-08,1.592095e-10,2.632134e-10,4.516727e-09,4.516727e-11
1.657047e+01,8.442929e-10,1.608731e-08,1.608731e-10,2.653727e-10,4.555987e-09,4.555987e-11
1.657261e+01,8.499646e-10,1.625608e-08,1.625608e-10,2.664052e-10,4.595577e-09,4.595577e-11
1.657475e+01,8.598291e-10,1.641999e-08,1.641999e-10,2.703316e-10,4.649178e-09,4.649178e-11
1.657688e+01,8.721259e-10,1.655584e-08,1.655584e-10,2.767327e-10,4.710614e-09,4.710614e-11
1.657902e+01,8.798767e-10,1.664273e-08,1.664273e-10,2.801781e-10,4.756530e-09,4.756530e-11
1.658116e+01,8.810841e-10,1.667871e-08,1.667871e-10,2.793831e-10,4.773390e-09,4.773390e-11
1.658329e+01,8.823459e-10,1.669634e-08,1.669634e-10,2.798783e-10,4.807113e-09,4.807113e-11
1.658543e+01,8.889750e-10,1.670610e-08,1.670610e-10,2.846646e-10,4.855249e-09,4.855249e-11
1.658757e+01,8.974046e-10,1.671100e-08,1.671100e-10,2.890800e-10,4.916457e-09,4.916457e-11
1.658970e+01,9.019759e-10,1.669400e-08,1.669400e-10,2.890649e-10,4.942771e-09,4.942771e-11
1.659184e+01,9.036678e-10,1.665339e-08,1.665339e-10,2.882421e-10,4.981244e-09,4.981244e-11
1.659398e+01,9.065984e-10,1.658488e-08,1.658488e-10,2.912890e-10,5.027755e-09,5.027755e-11
1.659611e+01,9.101577e-10,1.649899e-08,1.649899e-10,2.953623e-10,5.091375e-09,5.091375e-11
1.659825e+01,9.107918e-10,1.640399e-08,1.640399e-10,2.949602e-10,5.122592e-09,5.122592e-11
1.660039e+01,9.094539e-10,1.631315e-08,1.631315e-10,2.918804e-10,5.143651e-09,5.143651e-11
1.660252e+01,9.106604e-10,1.623800e-08,1.623800e-10,2.925947e-10,5.188914e-09,5.188914e-11
1.660466e+01,9.144679e-10,1.617074e-08,1.617074e-10,2.972066e-10,5.248707e-09,5.248707e-11
1.660680e+01,9.155533e-10,1.610041e-08,1.610041e-10,2.989122e-10,5.297427e-09,5.297427e-11
1.660894e+01,9.117263e-10,1.601679e-08,1.601679e-10,2.952525e-10,5.298557e-09,5.298557e-11
1.661107e+01,9.075024e-10,1.593835e-08,1.593835e-10,2.921305e-10,5.311361e-09,5.311361e-11
1.661321e+01,9.064787e-10,1.587093e-08,1.587093e-10,2.938110e-10,5.329947e-09,5.329947e-11
1.661535e+01,9.059687e-10,1.581546e-08,1.581546e-10,2.962388e-10,5.357214e-09,5.357214e-11
1.661748e+01,9.024522e-10,1.576022e-08,1.576022e-10,2.943833e-10,5.346728e-09,5.346728e-11
1.661962e+01,8.976001e-10,1.570478e-08,1.570478e-10,2.903732e-10,5.323089e-09,5.323089e-11
1.662176e+01,8.948562e-10,1.564845e-08,1.564845e-10,2.893412e-10,5.303106e-09,5.303106e-11
1.662389e+01,8.933900e-10,1.558815e-08,1.558815e-10,2.909823e-10,5.283487e-09,5.283487e-11
1.662603e+01,8.898267e-10,1.552086e-08,1.552086e-10,2.906974e-10,5.251391e-09,5.251391e-11
1.662817e+01,8.840332e-10,1.544423e-08,1.544423e-10,2.872780e-10,5.192934e-09,5.192934e-11
1.663030e+01,8.792377e-10,1.536201e-08,1.536201e-10,2.842937e-10,5.134536e-09,5.134536e-11
1.663244e+01,8.764276e-10,1.527147e-08,1.527147e-10,2.839830e-10,5.074806e-09,5.074806e-11
1.663458e+01,8.724294e-10,1.516678e-08,1.516678e-10,2.841098e-10,5.014500e-09,5.014500e-11
1.663671e+01,8.646658e-10,1.503961e-08,1.503961e-10,2.819126e-10,4.940464e-09,4.940464e-11
1.663885e+01,8.546857e-10,1.489372e-08,1.489372e-10,2.780342e-10,4.857665e-09,4.857665e-11
1.664099e+01,8.457800e-10,1.473757e-08,1.473757e-10,2.749933e-10,4.777108e-09,4.777108e-11
1.664312e+01,8.390554e-10,1.457710e-08,1.457710e-10,2.737451e-10,4.700347e-09,4.700347e-11
1.664526e+01,8.330431e-10,1.441270e-08,1.441270e-10,2.731401e-10,4.628531e-09,4.628531e-11
1.664740e+01,8.258576e-10,1.423712e-08,1.423712e-10,2.715548e-10,4.555055e-09,4.555055e-11
1.664953e+01,8.173405e-10,1.404926e-08,1.404926e-10,2.686533e-10,4.480096e-09,4.480096e-11
1.665167e+01,8.095740e-10,1.385980e-08,1.385980e-10,2.660159e-10,4.411644e-09,4.411644e-11
1.665381e+01,8.045575e-10,1.367916e-08,1.367916e-10,2.653100e-10,4.352841e-09,4.352841e-11
1.665594e+01,8.014701e-10,1.350909e-08,1.350909e-10,2.657389e-10,4.306010e-09,4.306010e-11
1.665808e+01,7.973804e-10,1.333961e-08,1.333961e-10,2.647046e-10,4.257405e-09,4.257405e-11
1.666022e+01,7.910482e-10,1.316249e-08,1.316249e-10,2.616698e-10,4.206294e-09,4.206294e-11
1.666235e+01,7.844415e-10,1.298186e-08,1.298186e-10,2.593476e-10,4.164506e-09,4.164506e-11
1.666449e+01,7.795009e-10,1.280891e-08,1.280891e-10,2.593948e-10,4.133963e-09,4.133963e-11
1.666663e+01,7.751591e-10,1.264893e-08,1.264893e-10,2.593761e-10,4.111777e-09,4.111777e-11
1.666876e+01,7.694376e-10,1.249723e-08,1.249723e-10,2.566984e-10,4.072771e-09,4.072771e-11
1.667090e+01,7.632177e-10,1.235004e-08,1.235004e-10,2.533230e-10,4.039417e-09,4.039417e-11
1.667304e+01,7.587427e-10,1.220888e-08,1.220888e-10,2.527624e-10,4.015116e-09,4.015116e-11
1.667517e+01,7.554240e-10,1.208723e-08,1.208723e-10,2.539213e-10,4.006563e-09,4.006563e-11
1.667731e+01,7.509973e-10,1.198271e-08,1.198271e-10,2.526607e-10,3.980954e-09,3.980954e-11
1.667945e+01,7.460619e-10,1.189764e-08,1.189764e-10,2.489220e-10,3.941569e-09,3.941569e-11
1.668158e+01,7.431082e-10,1.182901e-08,1.182901e-10,2.468493e-10,3.913506e-09,3.913506e-11
1.668372e+01,7.412708e-10,1.177203e-08,1.177203e-10,2.473864e-10,3.894704e-09,3.894704e-11
1.668586e+01,7.370277e-10,1.172406e-08,1.172406e-10,2.465280e-10,3.874130e-09,3.874130e-11
1.668799e+01,7.304542e-10,1.168663e-08,1.168663e-10,2.425070e-10,3.823674e-09,3.823674e-11
1.669013e+01,7.258838e-10,1.166901e-08,1.166901e-10,2.392509e-10,3.787068e-09,3.787068e-11
1.669227e+01,7.246715e-10,1.166330e-08,1.166330e-10,2.395726e-10,3.759991e-09,3.759991e-11
1.669441e+01,7.220600e-10,1.166625e-08,1.166625e-10,2.399310e-10,3.745839e-09,3.745839e-11
1.669654e+01,7.148092e-10,1.166642e-08,1.166642e-10,2.366307e-10,3.702087e-09,3.702087e-11
1.669868e+01,7.074766e-10,1.168711e-08,1.168711e-10,2.327297e-10,3.668309e-09,3.668309e-11
1.670082e+01,7.059738e-10,1.173600e-08,1.173600e-10,2.329891e-10,3.654869e-09,3.654869e-11
1.670295e+01,7.083648e-10,1.181781e-08,1.181781e-10,2.354886e-10,3.668256e-09,3.668256e-11
1.670509e+01,7.086088e-10,1.191426e-08,1.191426e-10,2.349399e-10,3.664321e-09,3.664321e-11
1.670723e+01,7.068692e-10,1.202545e-08,1.202545e-10,2.320473e-10,3.654942e-09,3.654942e-11
1.670936e+01,7.086404e-10,1.215833e-08,1.215833e-10,2.322109e-10,3.669690e-09,3.669690e-11
1.671150e+01,7.147806e-10,1.231310e-08,1.231310e-10,2.357765e-10,3.709681e-09,3.709681e-11
1.671364e+01,7.200052e-10,1.248576e-08,1.248576e-10,2.373000e-10,3.750116e-09,3.750116e-11
1.671577e+01,7.222938e-10,1.266793e-08,1.266793e-10,2.353236e-10,3.767148e-09,3.767148e-11
1.671791e+01,7.264182e-10,1.287729e-08,1.287729e-10,2.352422e-10,3.816297e-09,3.816297e-11
1.672005e+01,7.351791e-10,1.310537e-08,1.310537e-10,2.397786e-10,3.889430e-09,3.889430e-11
1.672218e+01,7.436002e-10,1.334052e-08,1.334052e-10,2.436481e-10,3.980326e-09,3.980326e-11
1.672432e+01,7.466556e-10,1.355577e-08,1.355577e-10,2.423534e-10,4.024874e-09,4.024874e-11
1.672646e+01,7.477537e-10,1.376783e-08,1.376783e-10,2.400756e-10,4.083625e-09,4.083625e-11
1.672859e+01,7.534225e-10,1.398862e-08,1.398862e-10,2.426315e-10,4.161447e-09,4.161447e-11
1.673073e+01,7.633788e-10,1.422538e-08,1.422538e-10,2.477684e-10,4.269765e-09,4.269765e-11
1.673287e+01,7.723015e-10,1.446327e-08,1.446327e-10,2.495305e-10,4.345354e-09,4.345354e-11
1.673500e+01,7.788371e-10,1.469145e-08,1.469145e-10,2.486152e-10,4.406834e-09,4.406834e-11
1.673714e+01,7.860537e-10,1.489774e-08,1.489774e-10,2.506490e-10,4.481107e-09,4.481107e-11
1.673928e+01,7.941510e-10,1.506527e-08,1.506527e-10,2.559210e-10,4.560949e-09,4.560949e-11
1.674141e+01,7.995817e-10,1.519528e-08,1.519528e-10,2.587970e-10,4.624325e-09,4.624325e-11
1.674355e+01,8.020369e-10,1.529163e-08,1.529163e-10,2.576678e-10,4.643946e-09,4.643946e-11
1.674569e+01,8.062583e-10,1.537282e-08,1.537282e-10,2.579407e-10,4.679228e-09,4.679228e-11
1.674782e+01,8.142057e-10,1.543479e-08,1.543479e-10,2.627123e-10,4.719575e-09,4.719575e-11
1.674996e+01,8.205482e-10,1.546169e-08,1.546169e-10,2.670947e-10,4.764563e-09,4.764563e-11
1.675210e+01,8.200976e-10,1.542212e-08,1.542212e-10,2.660005e-10,4.755794e-09,4.755794e-11
1.675423e+01,8.155204e-10,1.531962e-08,1.531962e-10,2.622161e-10,4.729376e-09,4.729376e-11
1.675637e+01,8.129258e-10,1.517632e-08,1.517632e-10,2.613460e-10,4.702615e-09,4.702615e-11
1.675851e+01,8.131539e-10,1.501774e-08,1.501774e-10,2.628802e-10,4.684335e-09,4.684335e-11
1.676064e+01,8.125944e-10,1.485430e-08,1.485430e-10,2.623427e-10,4.655779e-09,4.655779e-11
1.676278e+01,8.098753e-10,1.468446e-08,1.468446e-10,2.592959e-10,4.611181e-09,4.611181e-11
1.676492e+01,8.065763e-10,1.449561e-08,1.449561e-10,2.572785e-10,4.574540e-09,4.574540e-11
1.676705e+01,8.027321e-10,1.426099e-08,1.426099e-10,2.572107e-10,4.527474e-09,4.527474e-11
1.676919e+01,7.959561e-10,1.397851e-08,1.397851e-10,2.559397e-10,4.469483e-09,4.469483e-11
1.677133e+01,7.854266e-10,1.367483e-08,1.367483e-10,2.516419e-10,4.392149e-09,4.392149e-11
1.677346e+01,7.736432e-10,1.338623e-08,1.338623e-10,2.466545e-10,4.322765e-09,4.322765e-11
1.677560e+01,7.630205e-10,1.313252e-08,1.313252e-10,2.436074e-10,4.270734e-09,4.270734e-11
1.677774e+01,7.528545e-10,1.291643e-08,1.291643e-10,2.416926e-10,4.233425e-09,4.233425e-11
1.677987e+01,7.412914e-10,1.270852e-08,1.270852e-10,2.385516e-10,4.193319e-09,4.193319e-11
1.678201e+01,7.287021e-10,1.247617e-08,1.247617e-10,2.339253e-10,4.134540e-09,4.134540e-11
1.678415e+01,7.170826e-10,1.223036e-08,1.223036e-10,2.295040e-10,4.068456e-09,4.068456e-11
1.678629e+01,7.077240e-10,1.201656e-08,1.201656e-10,2.264399e-10,4.010059e-09,4.010059e-11
1.678842e+01,7.010970e-10,1.187163e-08,1.187163e-10,2.246794e-10,3.969019e-09,3.969019e-11
1.679056e+01,6.972267e-10,1.180074e-08,1.180074e-10,2.236495e-10,3.946200e-09,3.946200e-11
1.679270e+01,6.947417e-10,1.177200e-08,1.177200e-10,2.223996e-10,3.931129e-09,3.931129e-11
1.679483e+01,6.909644e-10,1.172332e-08,1.172332e-10,2.201992e-10,3.907695e-09,3.907695e-11
1.679697e+01,6.842386e-10,1.161195e-08,1.161195e-10,2.175363e-10,3.866552e-09,3.866552e-11
1.679911e+01,6.753226e-10,1.145726e-08,1.145726e-10,2.152104e-10,3.817579e-09,3.817579e-11
1.680124e+01,6.663392e-10,1.131039e-08,1.131039e-10,2.128700e-10,3.775109e-09,3.775109e-11
1.680338e+01,6.592599e-10,1.120528e-08,1.120528e-10,2.101351e-10,3.738610e-09,3.738610e-11
1.680552e+01,6.550083e-10,1.114805e-08,1.114805e-10,2.082952e-10,3.720285e-09,3.720285e-11
1.680765e+01,6.527641e-10,1.111215e-08,1.111215e-10,2.087255e-10,3.715682e-09,3.715682e-11
1.680979e+01,6.500527e-10,1.105218e-08,1.105218e-10,2.099717e-10,3.709914e-09,3.709914e-11
1.681193e+01,6.452290e-10,1.095212e-08,1.095212e-10,2.092096e-10,3.681995e-09,3.681995e-11
1.681406e+01,6.402835e-10,1.085421e-08,1.085421e-10,2.068949e-10,3.644004e-09,3.644004e-11
1.681620e+01,6.393014e-10,1.081111e-08,1.081111e-10,2.067415e-10,3.630357e-09,3.630357e-11
1.681834e+01,6.437237e-10,1.084611e-08,1.084611e-10,2.102988e-10,3.647564e-09,3.647564e-11
1.682047e+01,6.514443e-10,1.094994e-08,1.094994e-10,2.147865e-10,3.690229e-09,3.690229e-11
1.682261e+01,6.610245e-10,1.108533e-08,1.108533e-10,2.178476e-10,3.727046e-09,3.727046e-11
1.682475e+01,6.733930e-10,1.122013e-08,1.122013e-10,2.212573e-10,3.768024e-09,3.768024e-11
1.682688e+01,6.881906e-10,1.135010e-08,1.135010e-10,2.271909e-10,3.817072e-09,3.817072e-11
1.682902e+01,7.021056e-10,1.149843e-08,1.149843e-10,2.337828e-10,3.886139e-09,3.886139e-11
1.683116e+01,7.133721e-10,1.168721e-08,1.168721e-10,2.382223e-10,3.963246e-09,3.963246e-11
1.683329e+01,7.252719e-10,1.193512e-08,1.193512e-10,2.419144e-10,4.060407e-09,4.060407e-11
1.683543e+01,7.415903e-10,1.223128e-08,1.223128e-10,2.481733e-10,4.183174e-09,4.183174e-11
1.683757e+01,7.599247e-10,1.255315e-08,1.255315e-10,2.561825e-10,4.321762e-09,4.321762e-11
1.683970e+01,7.740397e-10,1.287162e-08,1.287162e-10,2.619631e-10,4.456533e-09,4.456533e-11
1.684184e+01,7.829978e-10,1.317598e-08,1.317598e-10,2.651441e-10,4.586224e-09,4.586224e-11
1.684398e+01,7.929792e-10,1.349459e-08,1.349459e-10,2.698170e-10,4.730661e-09,4.730661e-11
1.684611e+01,8.088625e-10,1.385242e-08,1.385242e-10,2.778310e-10,4.890373e-09,4.890373e-11
1.684825e+01,8.287856e-10,1.423904e-08,1.423904e-10,2.862210e-10,5.054991e-09,5.054991e-11
1.685039e+01,8.486574e-10,1.462441e-08,1.462441e-10,2.927095e-10,5.208111e-09,5.208111e-11
1.685252e+01,8.670441e-10,1.498087e-08,1.498087e-10,2.989762e-10,5.357156e-09,5.357156e-11
1.685466e+01,8.833060e-10,1.528033e-08,1.528033e-10,3.063454e-10,5.496727e-09,5.496727e-11
1.685680e+01,8.955799e-10,1.553560e-08,1.553560e-10,3.123766e-10,5.626595e-09,5.626595e-11
1.685893e+01,9.038960e-10,1.576654e-08,1.576654e-10,3.151225e-10,5.732580e-09,5.732580e-11
1.686107e+01,9.122379e-10,1.598123e-08,1.598123e-10,3.174470e-10,5.830319e-09,5.830319e-11
1.686321e+01,9.236569e-10,1.617040e-08,1.617040e-10,3.226786e-10,5.919597e-09,5.919597e-11
1.686534e+01,9.352579e-10,1.632028e-08,1.632028e-10,3.287894e-10,5.999746e-09,5.999746e-11
1.686748e+01,9.421657e-10,1.642019e-08,1.642019e-10,3.317134e-10,6.049269e-09,6.049269e-11
1.686962e+01,9.453609e-10,1.648403e-08,1.648403e-10,3.324374e-10,6.078766e-09,6.078766e-11
1.687176e+01,9.506504e-10,1.653287e-08,1.653287e-10,3.355468e-10,6.103094e-09,6.103094e-11
1.687389e+01,9.596920e-10,1.657003e-08,1.657003e-10,3.412956e-10,6.123694e-09,6.123694e-11
1.687603e+01,9.677314e-10,1.659098e-08,1.659098e-10,3.449646e-10,6.128509e-09,6.128509e-11
1.687817e+01,9.713900e-10,1.658818e-08,1.658818e-10,3.447905e-10,6.105266e-09,6.105266e-11
1.688030e+01,9.733183e-10,1.657097e-08,1.657097e-10,3.446516e-10,6.078607e-09,6.078607e-11
1.688244e+01,9.770214e-10,1.654957e-08,1.654957e-10,3.472308e-10,6.047690e-09,6.047690e-11
1.688458e+01,9.815016e-10,1.653481e-08,1.653481e-10,3.496425e-10,6.016288e-09,6.016288e-11
1.688671e+01,9.841343e-10,1.652670e-08,1.652670e-10,3.486520e-10,5.959456e-09,5.959456e-11
1.688885e+01,9.854981e-10,1.652905e-08,1.652905e-10,3.463442e-10,5.898082e-09,5.898082e-11
1.689099e+01,9.877015e-10,1.654234e-08,1.654234e-10,3.464667e-10,5.840030e-09,5.840030e-11
1.689312e+01,9.897807e-10,1.656723e-08,1.656723e-10,3.477891e-10,5.788682e-09,5.788682e-11
1.689526e+01,9.888783e-10,1.660474e-08,1.660474e-10,3.462167e-10,5.730460e-09,5.730460e-11
1.689740e+01,9.852798e-10,1.665986e-08,1.665986e-10,3.418033e-10,5.665808e-09,5.665808e-11
1.689953e+01,9.821168e-10,1.673859e-08,1.673859e-10,3.385406e-10,5.618591e-09,5.618591e-11
1.690167e+01,9.804145e-10,1.684030e-08,1.684030e-10,3.378231e-10,5.588005e-09,5.588005e-11
1.690381e+01,9.782749e-10,1.696172e-08,1.696172e-10,3.367009e-10,5.572226e-09,5.572226e-11
1.690594e+01,9.749703e-10,1.709682e-08,1.709682e-10,3.332685e-10,5.556404e-09,5.556404e-11
1.690808e+01,9.721954e-10,1.724517e-08,1.724517e-10,3.296236e-10,5.554100e-09,5.554100e-11
1.691022e+01,9.708952e-10,1.740491e-08,1.740491e-10,3.279724e-10,5.568489e-09,5.568489e-11
1.691235e+01,9.699968e-10,1.757530e-08,1.757530e-10,3.273394e-10,5.597338e-09,5.597338e-11
1.691449e+01,9.690377e-10,1.775360e-08,1.775360e-10,3.258694e-10,5.631817e-09,5.631817e-11
1.691663e+01,9.694751e-10,1.793740e-08,1.793740e-10,3.239211e-10,5.670779e-09,5.670779e-11
1.691876e+01,9.717029e-10,1.812260e-08,1.812260e-10,3.228495e-10,5.717499e-09,5.717499e-11
1.692090e+01,9.729031e-10,1.830285e-08,1.830285e-10,3.221631e-10,5.768669e-09,5.768669e-11
1.692304e+01,9.705604e-10,1.847198e-08,1.847198e-10,3.204542e-10,5.819890e-09,5.819890e-11
1.692517e+01,9.666440e-10,1.863258e-08,1.863258e-10,3.181456e-10,5.871083e-09,5.871083e-11
1.692731e+01,9.651164e-10,1.878761e-08,1.878761e-10,3.166242e-10,5.924298e-09,5.924298e-11
1.692945e+01,9.664265e-10,1.893527e-08,1.893527e-10,3.157931e-10,5.977947e-09,5.977947e-11
1.693158e+01,9.676766e-10,1.907084e-08,1.907084e-10,3.147325e-10,6.029546e-09,6.029546e-11
1.693372e+01,9.671404e-10,1.918777e-08,1.918777e-10,3.136319e-10,6.079441e-09,6.079441e-11
1.693586e+01,9.657239e-10,1.928278e-08,1.928278e-10,3.131616e-10,6.128029e-09,6.128029e-11
1.693799e+01,9.645853e-10,1.935882e-08,1.935882e-10,3.127393e-10,6.173684e-09,6.173684e-11
1.694013e+01,9.638086e-10,1.941665e-08,1.941665e-10,3.114962e-10,6.210790e-09,6.210790e-11
1.694227e+01,9.632922e-10,1.945463e-08,1.945463e-10,3.103324e-10,6.243132e-09,6.243132e-11
1.694440e+01,9.629989e-10,1.946991e-08,1.946991e-10,3.106959e-10,6.272573e-09,6.272573e-11
1.694654e+01,9.619442e-10,1.945810e-08,1.945810e-10,3.117423e-10,6.299287e-09,6.299287e-11
1.694868e+01,9.584563e-10,1.941856e-08,1.941856e-10,3.110532e-10,6.314131e-09,6.314131e-11
1.695081e+01,9.527671e-10,1.935116e-08,1.935116e-10,3.085249e-10,6.315730e-09,6.315730e-11
1.695295e+01,9.475172e-10,1.925627e-08,1.925627e-10,3.069870e-10,6.312539e-09,6.312539e-11
1.695509e+01,9.437608e-10,1.913118e-08,1.913118e-10,3.075634e-10,6.303394e-09,6.303394e-11
1.695722e+01,9.386762e-10,1.897220e-08,1.897220e-10,3.073468e-10,6.285205e-09,6.285205e-11
1.695936e+01,9.296312e-10,1.877530e-08,1.877530e-10,3.039732e-10,6.242891e-09,6.242891e-11
1.696150e+01,9.183122e-10,1.854401e-08,1.854401e-10,2.995678e-10,6.190300e-09,6.190300e-11
1.696364e+01,9.078832e-10,1.828037e-08,1.828037e-10,2.972821e-10,6.130411e-09,6.130411e-11
1.696577e+01,8.981068e-10,1.798684e-08,1.798684e-10,2.961932e-10,6.066078e-09,6.066078e-11
1.696791e+01,8.862641e-10,1.766479e-08,1.766479e-10,2.929176e-10,5.984647e-09,5.984647e-11
1.697005e+01,8.719906e-10,1.731736e-08,1.731736e-10,2.873359e-10,5.885349e-09,5.885349e-11
1.697218e+01,8.582810e-10,1.695330e-08,1.695330e-10,2.830253e-10,5.786662e-09,5.786662e-11
1.697432e+01,8.469351e-10,1.657909e-08,1.657909e-10,2.815129e-10,5.689023e-09,5.689023e-11
1.697646e+01,8.358455e-10,1.620114e-08,1.620114e-10,2.797869e-10,5.594128e-09,5.594128e-11
1.697859e+01,8.227748e-10,1.582286e-08,1.582286e-10,2.752892e-10,5.484597e-09,5.484597e-11
1.698073e+01,8.095219e-10,1.545313e-08,1.545313e-10,2.702980e-10,5.379830e-09,5.379830e-11
1.698287e+01,7.992037e-10,1.509811e-08,1.509811e-10,2.682692e-10,5.285838e-09,5.285838e-11
1.698500e+01,7.913041e-10,1.476361e-08,1.476361e-10,2.681418e-10,5.205128e-09,5.205128e-11
1.698714e+01,7.829397e-10,1.445021e-08,1.445021e-10,2.661554e-10,5.123701e-09,5.123701e-11
1.698928e+01,7.733667e-10,1.416184e-08,1.416184e-10,2.617980e-10,5.037432e-09,5.037432e-11
1.699141e+01,7.641986e-10,1.390264e-08,1.390264e-10,2.581087e-10,4.964940e-09,4.964940e-11
1.699355e+01,7.561153e-10,1.367468e-08,1.367468e-10,2.564932e-10,4.904233e-09,4.904233e-11
1.699569e+01,7.483500e-10,1.348350e-08,1.348350e-10,2.547698e-10,4.854788e-09,4.854788e-11
1.699782e+01,7.413838e-10,1.332961e-08,1.332961e-10,2.512774e-10,4.800357e-09,4.800357e-11
1.699996e+01,7.374804e-10,1.321647e-08,1.321647e-10,2.479528e-10,4.754170e-09,4.754170e-11
1.700210e+01,7.373321e-10,1.313826e-08,1.313826e-10,2.472291e-10,4.720114e-09,4.720114e-11
1.700423e+01,7.380236e-10,1.308733e-08,1.308733e-10,2.479630e-10,4.695915e-09,4.695915e-11
1.700637e+01,7.367287e-10,1.305573e-08,1.305573e-10,2.472809e-10,4.669888e-09,4.669888e-11
1.700851e+01,7.347385e-10,1.304341e-08,1.304341e-10,2.451747e-10,4.639530e-09,4.639530e-11
1.701064e+01,7.349066e-10,1.304665e-08,1.304665e-10,2.441045e-10,4.614748e-09,4.614748e-11
1.701278e+01,7.363580e-10,1.305581e-08,1.305581e-10,2.445277e-10,4.593064e-09,4.593064e-11
1.701492e+01,7.352584e-10,1.306159e-08,1.306159e-10,2.441110e-10,4.569851e-09,4.569851e-11
1.701705e+01,7.305377e-10,1.306132e-08,1.306132e-10,2.416289e-10,4.537940e-09,4.537940e-11
1.701919e+01,7.254606e-10,1.306353e-08,1.306353e-10,2.388218e-10,4.505405e-09,4.505405e-11
1.702133e+01,7.231740e-10,1.307340e-08,1.307340e-10,2.376449e-10,4.476186e-09,4.476186e-11
1.702346e+01,7.230746e-10,1.309142e-08,1.309142e-10,2.376570e-10,4.449257e-09,4.449257e-11
1.702560e+01,7.230691e-10,1.311243e-08,1.311243e-10,2.374926e-10,4.419738e-09,4.419738e-11
1.702774e+01,7.234664e-10,1.313993e-08,1.313993e-10,2.373891e-10,4.391370e-09,4.391370e-11
1.702987e+01,7.260052e-10,1.317834e-08,1.317834e-10,2.383556e-10,4.368721e-09,4.368721e-11
1.703201e+01,7.302525e-10,1.322532e-08,1.322532e-10,2.399450e-10,4.350636e-09,4.350636e-11
1.703415e+01,7.336929e-10,1.327549e-08,1.327549e-10,2.408227e-10,4.332795e-09,4.332795e-11
1.703628e+01,7.353487e-10,1.332558e-08,1.332558e-10,2.410144e-10,4.317371e-09,4.317371e-11
1.703842e+01,7.369408e-10,1.337844e-08,1.337844e-10,2.417438e-10,4.309411e-09,4.309411e-11
1.704056e+01,7.404839e-10,1.344043e-08,1.344043e-10,2.434012e-10,4.310460e-09,4.310460e-11
1.704269e+01,7.462159e-10,1.351394e-08,1.351394e-10,2.453253e-10,4.317192e-09,4.317192e-11
1.704483e+01,7.526879e-10,1.359465e-08,1.359465e-10,2.472137e-10,4.327958e-09,4.327958e-11
1.704697e+01,7.582725e-10,1.367836e-08,1.367836e-10,2.493740e-10,4.345195e-09,4.345195e-11
1.704911e+01,7.623290e-10,1.376141e-08,1.376141e-10,2.517452e-10,4.368593e-09,4.368593e-11
1.705124e+01,7.653196e-10,1.384494e-08,1.384494e-10,2.537394e-10,4.395402e-09,4.395402e-11
1.705338e+01,7.681270e-10,1.393021e-08,1.393021e-10,2.551740e-10,4.421693e-09,4.421693e-11
1.705552e+01,7.713192e-10,1.401587e-08,1.401587e-10,2.565811e-10,4.448942e-09,4.448942e-11
1.705765e+01,7.746749e-10,1.410259e-08,1.410259e-10,2.581852e-10,4.477653e-09,4.477653e-11
1.705979e+01,7.774041e-10,1.418987e-08,1.418987e-10,2.593934e-10,4.506997e-09,4.506997e-11
1.706193e+01,7.795414e-10,1.427572e-08,1.427572e-10,2.599258e-10,4.535511e-09,4.535511e-11
1.706406e+01,7.823221e-10,1.436365e-08,1.436365e-10,2.604936e-10,4.564184e-09,4.564184e-11
1.706620e+01,7.866977e-10,1.445531e-08,1.445531e-10,2.617808e-10,4.594404e-09,4.594404e-11
1.706834e+01,7.923404e-10,1.454732e-08,1.454732e-10,2.635886e-10,4.625388e-09,4.625388e-11
1.707047e+01,7.980889e-10,1.463419e-08,1.463419e-10,2.654096e-10,4.656128e-09,4.656128e-11
1.707261e+01,8.022741e-10,1.470810e-08,1.470810e-10,2.668878e-10,4.685139e-09,4.685139e-11
1.707475e+01,8.032112e-10,1.476401e-08,1.476401e-10,2.675063e-10,4.709768e-09,4.709768e-11
1.707688e+01,8.013048e-10,1.480410e-08,1.480410e-10,2.672030e-10,4.729653e-09,4.729653e-11
1.707902e+01,7.997407e-10,1.483403e-08,1.483403e-10,2.671735e-10,4.747072e-09,4.747072e-11
1.708116e+01,8.012559e-10,1.485542e-08,1.485542e-10,2.685007e-10,4.763788e-09,4.763788e-11
1.708329e+01,8.049642e-10,1.486725e-08,1.486725e-10,2.703313e-10,4.778870e-09,4.778870e-11
1.708543e+01,8.082218e-10,1.486390e-08,1.486390e-10,2.711134e-10,4.784465e-09,4.784465e-11
1.708757e+01,8.109562e-10,1.484603e-08,1.484603e-10,2.713630e-10,4.785175e-09,4.785175e-11
1.708970e+01,8.154721e-10,1.481708e-08,1.481708e-10,2.730184e-10,4.783137e-09,4.783137e-11
1.709184e+01,8.219262e-10,1.477932e-08,1.477932e-10,2.757519e-10,4.782738e-09,4.782738e-11
1.709398e+01,8.269943e-10,1.472990e-08,1.472990e-10,2.767265e-10,4.772219e-09,4.772219e-11
1.709611e+01,8.285902e-10,1.466305e-08,1.466305e-10,2.751955e-10,4.747455e-09,4.747455e-11
1.709825e+01,8.288348e-10,1.458049e-08,1.458049e-10,2.741792e-10,4.724685e-09,4.724685e-11
1.710039e+01,8.298513e-10,1.448027e-08,1.448027e-10,2.755034e-10,4.702841e-09,4.702841e-11
1.710252e+01,8.297626e-10,1.436625e-08,1.436625e-10,2.762796e-10,4.685212e-09,4.685212e-11
1.710466e+01,8.263660e-10,1.423351e-08,1.423351e-10,2.737155e-10,4.637908e-09,4.637908e-11
1.710680e+01,8.222553e-10,1.409124e-08,1.409124e-10,2.707003e-10,4.594964e-09,4.594964e-11
1.710893e+01,8.213934e-10,1.394029e-08,1.394029e-10,2.715680e-10,4.559658e-09,4.559658e-11
1.711107e+01,8.220584e-10,1.378015e-08,1.378015e-10,2.742960e-10,4.542486e-09,4.542486e-11
1.711321e+01,8.186915e-10,1.360085e-08,1.360085e-10,2.730643e-10,4.498858e-09,4.498858e-11
1.711534e+01,8.108129e-10,1.340454e-08,1.340454e-10,2.679825e-10,4.429068e-09,4.429068e-11
1.711748e+01,8.042066e-10,1.321103e-08,1.321103e-10,2.654956e-10,4.385295e-09,4.385295e-11
1.711962e+01,8.016418e-10,1.302889e-08,1.302889e-10,2.677779e-10,4.362272e-09,4.362272e-11
1.712175e+01,7.988587e-10,1.286187e-08,1.286187e-10,2.688895e-10,4.352277e-09,4.352277e-11
1.712389e+01,7.925110e-10,1.269709e-08,1.269709e-10,2.648500e-10,4.281328e-09,4.281328e-11
1.712603e+01,7.858776e-10,1.255497e-08,1.255497e-10,2.606218e-10,4.234937e-09,4.234937e-11
1.712816e+01,7.823609e-10,1.243463e-08,1.243463e-10,2.616632e-10,4.213001e-09,4.213001e-11
1.713030e+01,7.788764e-10,1.234326e-08,1.234326e-10,2.643749e-10,4.228860e-09,4.228860e-11
1.713244e+01,7.715373e-10,1.226678e-08,1.226678e-10,2.620964e-10,4.196936e-09,4.196936e-11
1.713457e+01,7.636298e-10,1.221893e-08,1.221893e-10,2.566893e-10,4.147638e-09,4.147638e-11
1.713671e+01,7.611129e-10,1.220778e-08,1.220778e-10,2.556526e-10,4.140310e-09,4.140310e-11
1.713885e+01,7.621986e-10,1.221928e-08,1.221928e-10,2.591826e-10,4.163334e-09,4.163334e-11
1.714099e+01,7.594772e-10,1.222611e-08,1.222611e-10,2.596252e-10,4.179582e-09,4.179582e-11
1.714312e+01,7.524877e-10,1.221696e-08,1.221696e-10,2.546349e-10,4.134596e-09,4.134596e-11
1.714526e+01,7.494224e-10,1.222178e-08,1.222178e-10,2.513411e-10,4.123227e-09,4.123227e-11
1.714740e+01,7.539768e-10,1.224100e-08,1.224100e-10,2.543295e-10,4.134833e-09,4.134833e-11
1.714953e+01,7.589083e-10,1.227003e-08,1.227003e-10,2.579784e-10,4.170599e-09,4.170599e-11
1.715167e+01,7.574397e-10,1.227758e-08,1.227758e-10,2.560891e-10,4.152888e-09,4.152888e-11
1.715381e+01,7.533523e-10,1.228360e-08,1.228360e-10,2.519917e-10,4.136331e-09,4.136331e-11
1.715594e+01,7.537475e-10,1.230357e-08,1.230357e-10,2.521584e-10,4.140393e-09,4.140393e-11
1.715808e+01,7.579085e-10,1.235551e-08,1.235551e-10,2.552482e-10,4.171601e-09,4.171601e-11
1.716022e+01,7.603239e-10,1.243133e-08,1.243133e-10,2.552915e-10,4.185915e-09,4.185915e-11
1.716235e+01,7.610624e-10,1.253814e-08,1.253814e-10,2.524117e-10,4.188447e-09,4.188447e-11
1.716449e+01,7.652252e-10,1.268548e-08,1.268548e-10,2.521546e-10,4.212638e-09,4.212638e-11
1.716663e+01,7.734737e-10,1.287088e-08,1.287088e-10,2.553356e-10,4.257531e-09,4.257531e-11
1.716876e+01,7.807749e-10,1.308204e-08,1.308204e-10,2.567818e-10,4.304083e-09,4.304083e-11
1.717090e+01,7.853818e-10,1.330984e-08,1.330984e-10,2.548797e-10,4.332751e-09,4.332751e-11
1.717304e+01,7.917712e-10,1.356647e-08,1.356647e-10,2.543611e-10,4.378818e-09,4.378818e-11
1.717517e+01,8.023337e-10,1.384628e-08,1.384628e-10,2.576305e-10,4.439855e-09,4.439855e-11
1.717731e+01,8.131270e-10,1.414512e-08,1.414512e-10,2.607641e-10,4.514402e-09,4.514402e-11
1.717945e+01,8.206521e-10,1.444091e-08,1.444091e-10,2.608190e-10,4.570607e-09,4.570607e-11
1.718158e+01,8.267605e-10,1.472491e-08,1.472491e-10,2.606750e-10,4.631184e-09,4.631184e-11
1.718372e+01,8.334906e-10,1.498401e-08,1.498401e-10,2.630394e-10,4.687432e-09,4.687432e-11
1.718586e+01,8.384457e-10,1.522009e-08,1.522009e-10,2.651540e-10,4.745565e-09,4.745565e-11
1.718799e+01,8.395225e-10,1.543364e-08,1.543364e-10,2.640673e-10,4.779560e-09,4.779560e-11
1.719013e+01,8.398669e-10,1.563063e-08,1.563063e-10,2.625028e-10,4.812915e-09,4.812915e-11
1.719227e+01,8.432778e-10,1.580465e-08,1.580465e-10,2.641422e-10,4.845175e-09,4.845175e-11
1.719440e+01,8.473754e-10,1.594042e-08,1.594042e-10,2.667253e-10,4.873945e-09,4.873945e-11
1.719654e+01,8.469437e-10,1.602137e-08,1.602137e-10,2.657233e-10,4.875087e-09,4.875087e-11
1.719868e+01,8.425972e-10,1.604963e-08,1.604963e-10,2.623877e-10,4.859846e-09,4.859846e-11
1.720081e+01,8.401173e-10,1.604347e-08,1.604347e-10,2.617820e-10,4.849125e-09,4.849125e-11
1.720295e+01,8.417331e-10,1.600938e-08,1.600938e-10,2.641628e-10,4.838554e-09,4.838554e-11
1.720509e+01,8.438073e-10,1.594747e-08,1.594747e-10,2.650292e-10,4.816215e-09,4.816215e-11
1.720722e+01,8.431077e-10,1.585339e-08,1.585339e-10,2.631385e-10,4.775009e-09,4.775009e-11
1.720936e+01,8.399292e-10,1.572233e-08,1.572233e-10,2.618113e-10,4.737811e-09,4.737811e-11
1.721150e+01,8.349531e-10,1.555582e-08,1.555582e-10,2.622612e-10,4.700008e-09,4.700008e-11
1.721363e+01,8.278070e-10,1.536799e-08,1.536799e-10,2.615624e-10,4.659477e-09,4.659477e-11
1.721577e+01,8.193910e-10,1.517380e-08,1.517380e-10,2.583070e-10,4.606243e-09,4.606243e-11
1.721791e+01,8.120159e-10,1.498606e-08,1.498606e-10,2.554048e-10,4.561188e-09,4.561188e-11
1.722004e+01,8.059596e-10,1.480580e-08,1.480580e-10,2.550356e-10,4.529040e-09,4.529040e-11
1.722218e+01,7.988118e-10,1.463042e-08,1.463042e-10,2.550476e-10,4.505697e-09,4.505697e-11
1.722432e+01,7.897959e-10,1.445635e-08,1.445635e-10,2.532336e-10,4.478385e-09,4.478385e-11
1.722646e+01,7.816653e-10,1.428504e-08,1.428504e-10,2.511831e-10,4.453416e-09,4.453416e-11
1.722859e+01,7.759241e-10,1.412670e-08,1.412670e-10,2.507726e-10,4.439362e-09,4.439362e-11
1.723073e+01,7.698322e-10,1.398575e-08,1.398575e-10,2.505995e-10,4.435298e-09,4.435298e-11
1.723287e+01,7.614783e-10,1.385607e-08,1.385607e-10,2.492360e-10,4.434058e-09,4.434058e-11
1.723500e+01,7.536325e-10,1.374117e-08,1.374117e-10,2.484083e-10,4.439794e-09,4.439794e-11
1.723714e+01,7.488406e-10,1.363860e-08,1.363860e-10,2.493031e-10,4.453277e-09,4.453277e-11
1.723928e+01,7.449868e-10,1.353876e-08,1.353876e-10,2.495396e-10,4.464798e-09,4.464798e-11
1.724141e+01,7.395354e-10,1.343493e-08,1.343493e-10,2.476589e-10,4.463398e-09,4.463398e-11
1.724355e+01,7.341296e-10,1.333196e-08,1.333196e-10,2.464215e-10,4.465208e-09,4.465208e-11
1.724569e+01,7.315234e-10,1.323304e-08,1.323304e-10,2.479138e-10,4.471485e-09,4.471485e-11
1.724782e+01,7.312828e-10,1.314719e-08,1.314719e-10,2.494594e-10,4.482675e-09,4.482675e-11
1.724996e+01,7.315178e-10,1.306579e-08,1.306579e-10,2.482334e-10,4.464862e-09,4.464862e-11
1.725210e+01,7.324548e-10,1.299079e-08,1.299079e-10,2.467092e-10,4.450175e-09,4.450175e-11
1.725423e+01,7.346421e-10,1.291233e-08,1.291233e-10,2.484618e-10,4.437425e-09,4.437425e-11
1.725637e+01,7.353170e-10,1.283001e-08,1.283001e-10,2.508361e-10,4.439394e-09,4.439394e-11
1.725851e+01,7.318178e-10,1.274507e-08,1.274507e-10,2.487378e-10,4.400079e-09,4.400079e-11
1.726064e+01,7.279967e-10,1.267043e-08,1.267043e-10,2.443002e-10,4.342665e-09,4.342665e-11
1.726278e+01,7.304052e-10,1.261634e-08,1.261634e-10,2.444957e-10,4.304867e-09,4.304867e-11
1.726492e+01,7.373997e-10,1.258057e-08,1.258057e-10,2.491735e-10,4.291537e-09,4.291537e-11
1.726705e+01,7.402430e-10,1.254188e-08,1.254188e-10,2.504367e-10,4.265834e-09,4.265834e-11
1.726919e+01,7.364880e-10,1.248627e-08,1.248627e-10,2.458212e-10,4.179887e-09,4.179887e-11
1.727133e+01,7.334084e-10,1.244228e-08,1.244228e-10,2.426296e-10,4.128329e-09,4.128329e-11
1.727346e+01,7.357660e-10,1.241215e-08,1.241215e-10,2.453062e-10,4.102975e-09,4.102975e-11
1.727560e+01,7.386882e-10,1.239648e-08,1.239648e-10,2.479123e-10,4.110842e-09,4.110842e-11
1.727774e+01,7.367143e-10,1.237135e-08,1.237135e-10,2.446692e-10,4.051389e-09,4.051389e-11
1.727987e+01,7.327042e-10,1.234882e-08,1.234882e-10,2.398777e-10,4.009766e-09,4.009766e-11
1.728201e+01,7.321519e-10,1.233091e-08,1.233091e-10,2.403102e-10,3.999237e-09,3.999237e-11
1.728415e+01,7.335957e-10,1.232233e-08,1.232233e-10,2.434080e-10,4.024725e-09,4.024725e-11
1.728628e+01,7.317517e-10,1.230053e-08,1.230053e-10,2.418042e-10,4.003161e-09,4.003161e-11
1.728842e+01,7.274988e-10,1.227136e-08,1.227136e-10,2.363622e-10,3.947966e-09,3.947966e-11
1.729056e+01,7.262934e-10,1.224233e-08,1.224233e-10,2.344869e-10,3.917599e-09,3.917599e-11
1.729269e+01,7.278690e-10,1.221274e-08,1.221274e-10,2.369261e-10,3.901199e-09,3.901199e-11
1.729483e+01,7.266907e-10,1.217481e-08,1.217481e-10,2.368432e-10,3.872749e-09,3.872749e-11
1.729697e+01,7.225158e-10,1.212565e-08,1.212565e-10,2.322425e-10,3.798688e-09,3.798688e-11
1.729910e+01,7.211943e-10,1.208672e-08,1.208672e-10,2.293445e-10,3.754053e-09,3.754053e-11
1.730124e+01,7.241676e-10,1.205699e-08,1.205699e-10,2.313725e-10,3.733166e-09,3.733166e-11
1.730338e+01,7.260968e-10,1.203531e-08,1.203531e-10,2.332640e-10,3.735369e-09,3.735369e-11
1.730551e+01,7.247948e-10,1.201021e-08,1.201021e-10,2.314520e-10,3.711628e-09,3.711628e-11
1.730765e+01,7.254590e-10,1.199981e-08,1.199981e-10,2.303103e-10,3.717744e-09,3.717744e-11
1.730979e+01,7.314653e-10,1.200009e-08,1.200009e-10,2.339067e-10,3.750426e-09,3.750426e-11
1.731192e+01,7.377108e-10,1.200841e-08,1.200841e-10,2.385370e-10,3.809850e-09,3.809850e-11
1.731406e+01,7.385641e-10,1.200423e-08,1.200423e-10,2.393359e-10,3.845653e-09,3.845653e-11
1.731620e+01,7.371914e-10,1.199927e-08,1.199927e-10,2.389085e-10,3.889098e-09,3.889098e-11
1.731834e+01,7.399385e-10,1.199771e-08,1.199771e-10,2.422270e-10,3.944178e-09,3.944178e-11
1.732047e+01,7.455750e-10,1.200365e-08,1.200365e-10,2.472116e-10,4.014261e-09,4.014261e-11
1.732261e+01,7.484650e-10,1.200882e-08,1.200882e-10,2.487262e-10,4.055987e-09,4.055987e-11
1.732475e+01,7.492634e-10,1.202272e-08,1.202272e-10,2.483006e-10,4.095470e-09,4.095470e-11
1.732688e+01,7.536431e-10,1.206025e-08,1.206025e-10,2.512520e-10,4.151743e-09,4.151743e-11
1.732902e+01,7.623854e-10,1.213061e-08,1.213061e-10,2.568219e-10,4.234188e-09,4.234188e-11
1.733116e+01,7.710760e-10,1.223591e-08,1.223591e-10,2.596722e-10,4.307181e-09,4.307181e-11
1.733329e+01,7.785589e-10,1.238177e-08,1.238177e-10,2.599298e-10,4.374410e-09,4.374410e-11
1.733543e+01,7.882474e-10,1.257944e-08,1.257944e-10,2.631665e-10,4.472390e-09,4.472390e-11
1.733757e+01,8.010405e-10,1.282688e-08,1.282688e-10,2.701645e-10,4.595919e-09,4.595919e-11
1.733970e+01,8.135025e-10,1.312303e-08,1.312303e-10,2.753113e-10,4.723308e-09,4.723308e-11
1.734184e+01,8.245759e-10,1.345894e-08,1.345894e-10,2.767378e-10,4.823939e-09,4.823939e-11
1.734398e+01,8.378674e-10,1.384311e-08,1.384311e-10,2.797625e-10,4.948069e-09,4.948069e-11
1.734611e+01,8.543623e-10,1.426717e-08,1.426717e-10,2.871295e-10,5.085269e-09,5.085269e-11
1.734825e+01,8.692020e-10,1.472290e-08,1.472290e-10,2.935404e-10,5.233695e-09,5.233695e-11
1.735039e+01,8.801394e-10,1.519922e-08,1.519922e-10,2.949615e-10,5.345990e-09,5.345990e-11
1.735252e+01,8.927641e-10,1.570363e-08,1.570363e-10,2.961676e-10,5.469566e-09,5.469566e-11
1.735466e+01,9.113532e-10,1.622728e-08,1.622728e-10,3.022965e-10,5.603696e-09,5.603696e-11
1.735680e+01,9.308313e-10,1.675645e-08,1.675645e-10,3.095597e-10,5.748068e-09,5.748068e-11
1.735893e+01,9.446752e-10,1.726336e-08,1.726336e-10,3.119653e-10,5.860733e-09,5.860733e-11
1.736107e+01,9.553833e-10,1.774529e-08,1.774529e-10,3.118450e-10,5.960181e-09,5.960181e-11
1.736321e+01,9.697324e-10,1.820208e-08,1.820208e-10,3.155491e-10,6.059843e-09,6.059843e-11
1.736534e+01,9.873839e-10,1.862684e-08,1.862684e-10,3.222275e-10,6.155152e-09,6.155152e-11
1.736748e+01,1.001809e-09,1.900208e-08,1.900208e-10,3.255182e-10,6.220945e-09,6.220945e-11
1.736962e+01,1.010637e-09,1.931515e-08,1.931515e-10,3.245904e-10,6.254085e-09,6.254085e-11
1.737175e+01,1.017677e-09,1.956006e-08,1.956006e-10,3.247883e-10,6.276784e-09,6.276784e-11
1.737389e+01,1.024774e-09,1.974204e-08,1.974204e-10,3.275367e-10,6.288580e-09,6.288580e-11
1.737603e+01,1.029216e-09,1.986724e-08,1.986724e-10,3.281387e-10,6.281985e-09,6.281985e-11
1.737816e+01,1.030977e-09,1.993702e-08,1.993702e-10,3.251363e-10,6.245795e-09,6.245795e-11
1.738030e+01,1.034673e-09,1.996295e-08,1.996295e-10,3.235737e-10,6.207449e-09,6.207449e-11
1.738244e+01,1.041243e-09,1.994334e-08,1.994334e-10,3.258333e-10,6.167215e-09,6.167215e-11
1.738457e+01,1.045089e-09,1.987810e-08,1.987810e-10,3.271474e-10,6.122253e-09,6.122253e-11
1.738671e+01,1.043416e-09,1.976856e-08,1.976856e-10,3.243496e-10,6.051328e-09,6.051328e-11
1.738885e+01,1.041419e-09,1.963332e-08,1.963332e-10,3.216933e-10,5.982704e-09,5.982704e-11
1.739098e+01,1.043510e-09,1.947906e-08,1.947906e-10,3.230261e-10,5.917636e-09,5.917636e-11
1.739312e+01,1.045718e-09,1.931108e-08,1.931108e-10,3.247019e-10,5.862162e-09,5.862162e-11
1.739526e+01,1.042211e-09,1.912120e-08,1.912120e-10,3.221431e-10,5.782890e-09,5.782890e-11
1.739739e+01,1.034593e-09,1.891949e-08,1.891949e-10,3.180666e-10,5.709630e-09,5.709630e-11
1.739953e+01,1.028383e-09,1.871375e-08,1.871375e-10,3.173658e-10,5.646467e-09,5.646467e-11
1.740167e+01,1.023498e-09,1.851193e-08,1.851193e-10,3.180788e-10,5.603095e-09,5.603095e-11
1.740381e+01,1.015441e-09,1.831639e-08,1.831639e-10,3.149888e-10,5.543264e-09,5.543264e-11
1.740594e+01,1.004404e-09,1.813564e-08,1.813564e-10,3.094136e-10,5.483132e-09,5.483132e-11
1.740808e+01,9.956563e-10,1.798183e-08,1.798183e-10,3.073911e-10,5.447062e-09,5.447062e-11
1.741022e+01,9.905826e-10,1.785751e-08,1.785751e-10,3.090634e-10,5.435899e-09,5.435899e-11
1.741235e+01,9.847520e-10,1.775820e-08,1.775820e-10,3.083115e-10,5.425407e-09,5.425407e-11
1.741449e+01,9.761406e-10,1.767400e-08,1.767400e-10,3.035703e-10,5.392769e-09,5.392769e-11
1.741663e+01,9.684427e-10,1.761107e-08,1.761107e-10,3.004945e-10,5.384288e-09,5.384288e-11
1.741876e+01,9.642162e-10,1.756588e-08,1.756588e-10,3.019937e-10,5.390941e-09,5.390941e-11
1.742090e+01,9.607501e-10,1.753514e-08,1.753514e-10,3.034586e-10,5.412299e-09,5.412299e-11
1.742304e+01,9.554366e-10,1.750555e-08,1.750555e-10,3.011212e-10,5.405022e-09,5.405022e-11
1.742517e+01,9.499592e-10,1.747402e-08,1.747402e-10,2.983942e-10,5.406150e-09,5.406150e-11
1.742731e+01,9.459072e-10,1.743001e-08,1.743001e-10,2.992803e-10,5.414951e-09,5.414951e-11
1.742945e+01,9.405024e-10,1.736704e-08,1.736704e-10,3.010883e-10,5.429663e-09,5.429663e-11
1.743158e+01,9.309670e-10,1.728333e-08,1.728333e-10,2.993359e-10,5.425450e-09,5.425450e-11
1.743372e+01,9.199272e-10,1.718692e-08,1.718692e-10,2.955606e-10,5.410941e-09,5.410941e-11
1.743586e+01,9.116890e-10,1.708332e-08,1.708332e-10,2.944154e-10,5.402394e-09,5.402394e-11
1.743799e+01,9.056460e-10,1.697110e-08,1.697110e-10,2.958360e-10,5.393929e-09,5.393929e-11
1.744013e+01,8.979655e-10,1.684454e-08,1.684454e-10,2.957268e-10,5.376193e-09,5.376193e-11
1.744227e+01,8.881286e-10,1.669891e-08,1.669891e-10,2.930937e-10,5.339437e-09,5.339437e-11
1.744440e+01,8.790005e-10,1.653539e-08,1.653539e-10,2.908607e-10,5.295327e-09,5.295327e-11
1.744654e+01,8.714506e-10,1.635651e-08,1.635651e-10,2.900933e-10,5.242595e-09,5.242595e-11
1.744868e+01,8.634329e-10,1.616285e-08,1.616285e-10,2.887522e-10,5.178521e-09,5.178521e-11
1.745081e+01,8.539424e-10,1.595057e-08,1.595057e-10,2.860114e-10,5.100375e-09,5.100375e-11
1.745295e+01,8.440480e-10,1.571752e-08,1.571752e-10,2.832755e-10,5.013275e-09,5.013275e-11
1.745509e+01,8.337023e-10,1.546360e-08,1.546360e-10,2.807221e-10,4.919001e-09,4.919001e-11
1.745722e+01,8.212686e-10,1.518894e-08,1.518894e-10,2.768385e-10,4.814263e-09,4.814263e-11
1.745936e+01,8.068472e-10,1.489789e-08,1.489789e-10,2.718964e-10,4.702262e-09,4.702262e-11
1.746150e+01,7.926914e-10,1.459892e-08,1.459892e-10,2.679098e-10,4.589976e-09,4.589976e-11
1.746363e+01,7.796380e-10,1.429869e-08,1.429869e-10,2.646544e-10,4.481318e-09,4.481318e-11
1.746577e+01,7.665054e-10,1.400015e-08,1.400015e-10,2.600315e-10,4.364017e-09,4.364017e-11
1.746791e+01,7.538380e-10,1.370862e-08,1.370862e-10,2.546550e-10,4.246399e-09,4.246399e-11
1.747004e+01,7.439904e-10,1.342876e-08,1.342876e-10,2.513722e-10,4.135737e-09,4.135737e-11
1.747218e+01,7.365900e-10,1.316332e-08,1.316332e-10,2.498030e-10,4.038988e-09,4.038988e-11
1.747432e+01,7.282679e-10,1.291387e-08,1.291387e-10,2.461671e-10,3.937549e-09,3.937549e-11
1.747645e+01,7.183148e-10,1.268442e-08,1.268442e-10,2.399502e-10,3.826433e-09,3.826433e-11
1.747859e+01,7.103136e-10,1.248467e-08,1.248467e-10,2.356156e-10,3.738889e-09,3.738889e-11
1.748073e+01,7.060451e-10,1.231764e-08,1.231764e-10,2.350840e-10,3.675795e-09,3.675795e-11
1.748286e+01,7.023439e-10,1.218581e-08,1.218581e-10,2.341131e-10,3.635407e-09,3.635407e-11
1.748500e+01,6.967046e-10,1.208432e-08,1.208432e-10,2.296785e-10,3.569605e-09,3.569605e-11
1.748714e+01,6.918948e-10,1.202543e-08,1.202543e-10,2.256304e-10,3.536744e-09,3.536744e-11
1.748927e+01,6.910889e-10,1.201151e-08,1.201151e-10,2.262546e-10,3.535342e-09,3.535342e-11
1.749141e+01,6.921919e-10,1.204742e-08,1.204742e-10,2.286737e-10,3.576408e-09,3.576408e-11
1.749355e+01,6.920886e-10,1.212180e-08,1.212180e-10,2.278890e-10,3.594097e-09,3.594097e-11
1.749569e+01,6.931841e-10,1.224175e-08,1.224175e-10,2.259061e-10,3.621120e-09,3.621120e-11
1.749782e+01,6.998738e-10,1.240841e-08,1.240841e-10,2.284076e-10,3.685742e-09,3.685742e-11
1.749996e+01,7.103591e-10,1.261883e-08,1.261883e-10,2.344765e-10,3.781946e-09,3.781946e-11
1.750210e+01,7.187149e-10,1.285974e-08,1.285974e-10,2.377167e-10,3.869814e-09,3.869814e-11
1.750423e+01,7.244954e-10,1.312883e-08,1.312883e-10,2.370539e-10,3.928801e-09,3.928801e-11
1.750637e+01,7.332622e-10,1.343607e-08,1.343607e-10,2.383911e-10,4.014182e-09,4.014182e-11
1.750851e+01,7.468218e-10,1.377397e-08,1.377397e-10,2.441205e-10,4.112046e-09,4.112046e-11
1.751064e+01,7.598487e-10,1.413004e-08,1.413004e-10,2.487678e-10,4.212578e-09,4.212578e-11
1.751278e+01,7.690614e-10,1.448453e-08,1.448453e-10,2.486478e-10,4.267906e-09,4.267906e-11
1.751492e+01,7.786824e-10,1.484721e-08,1.484721e-10,2.483003e-10,4.333323e-09,4.333323e-11
1.751705e+01,7.924089e-10,1.520959e-08,1.520959e-10,2.522534e-10,4.407345e-09,4.407345e-11
1.751919e+01,8.063228e-10,1.556335e-08,1.556335e-10,2.570440e-10,4.492875e-09,4.492875e-11
1.752133e+01,8.155059e-10,1.588421e-08,1.588421e-10,2.575478e-10,4.543182e-09,4.543182e-11
1.752346e+01,8.226469e-10,1.617630e-08,1.617630e-10,2.561902e-10,4.587330e-09,4.587330e-11
1.752560e+01,8.330045e-10,1.643959e-08,1.643959e-10,2.586033e-10,4.640106e-09,4.640106e-11
1.752774e+01,8.446613e-10,1.666859e-08,1.666859e-10,2.635263e-10,4.703629e-09,4.703629e-11
1.752987e+01,8.512897e-10,1.684687e-08,1.684687e-10,2.650277e-10,4.741699e-09,4.741699e-11
1.753201e+01,8.528938e-10,1.697176e-08,1.697176e-10,2.630055e-10,4.753162e-09,4.753162e-11
1.753415e+01,8.560871e-10,1.705705e-08,1.705705e-10,2.633075e-10,4.769247e-09,4.769247e-11
1.753628e+01,8.629803e-10,1.710532e-08,1.710532e-10,2.673620e-10,4.790785e-09,4.790785e-11
1.753842e+01,8.674514e-10,1.711416e-08,1.711416e-10,2.695365e-10,4.803032e-09,4.803032e-11
1.754056e+01,8.651735e-10,1.706861e-08,1.706861e-10,2.668315e-10,4.773107e-09,4.773107e-11
1.754269e+01,8.606969e-10,1.698276e-08,1.698276e-10,2.640531e-10,4.744444e-09,4.744444e-11
1.754483e+01,8.598311e-10,1.686413e-08,1.686413e-10,2.653897e-10,4.716527e-09,4.716527e-11
1.754697e+01,8.606624e-10,1.672168e-08,1.672168e-10,2.673076e-10,4.698299e-09,4.698299e-11
1.754910e+01,8.580730e-10,1.654466e-08,1.654466e-10,2.651137e-10,4.639196e-09,4.639196e-11
1.755124e+01,8.528091e-10,1.633679e-08,1.633679e-10,2.611783e-10,4.574423e-09,4.574423e-11
1.755338e+01,8.497689e-10,1.610370e-08,1.610370e-10,2.606868e-10,4.513461e-09,4.513461e-11
1.755551e+01,8.495873e-10,1.585458e-08,1.585458e-10,2.627897e-10,4.469754e-09,4.469754e-11
1.755765e+01,8.481695e-10,1.559387e-08,1.559387e-10,2.623364e-10,4.410485e-09,4.410485e-11
1.755979e+01,8.438256e-10,1.532041e-08,1.532041e-10,2.587911e-10,4.330943e-09,4.330943e-11
1.756192e+01,8.394209e-10,1.504211e-08,1.504211e-10,2.569070e-10,4.269618e-09,4.269618e-11
1.756406e+01,8.367101e-10,1.476145e-08,1.476145e-10,2.584343e-10,4.219070e-09,4.219070e-11
1.756620e+01,8.333729e-10,1.449279e-08,1.449279e-10,2.594164e-10,4.184309e-09,4.184309e-11
1.756833e+01,8.278245e-10,1.423977e-08,1.423977e-10,2.572564e-10,4.127783e-09,4.127783e-11
1.757047e+01,8.223592e-10,1.401195e-08,1.401195e-10,2.550002e-10,4.089946e-09,4.089946e-11
1.757261e+01,8.188112e-10,1.380504e-08,1.380504e-10,2.558777e-10,4.066244e-09,4.066244e-11
1.757474e+01,8.147639e-10,1.361514e-08,1.361514e-10,2.577691e-10,4.059172e-09,4.059172e-11
1.757688e+01,8.074795e-10,1.344643e-08,1.344643e-10,2.569278e-10,4.048046e-09,4.048046e-11
1.757902e+01,7.987726e-10,1.330745e-08,1.330745e-10,2.541343e-10,4.036153e-09,4.036153e-11
1.758116e+01,7.925510e-10,1.319996e-08,1.319996e-10,2.530992e-10,4.044882e-09,4.044882e-11
1.758329e+01,7.894052e-10,1.311610e-08,1.311610e-10,2.546922e-10,4.060509e-09,4.060509e-11
1.758543e+01,7.861301e-10,1.305185e-08,1.305185e-10,2.560432e-10,4.082750e-09,4.082750e-11
1.758757e+01,7.804526e-10,1.300210e-08,1.300210e-10,2.551031e-10,4.094762e-09,4.094762e-11
1.758970e+01,7.738659e-10,1.297027e-08,1.297027e-10,2.534205e-10,4.111614e-09,4.111614e-11
1.759184e+01,7.688853e-10,1.295262e-08,1.295262e-10,2.532931e-10,4.133799e-09,4.133799e-11
1.759398e+01,7.653658e-10,1.294253e-08,1.294253e-10,2.542574e-10,4.154229e-09,4.154229e-11
1.759611e+01,7.611843e-10,1.293998e-08,1.293998e-10,2.541404e-10,4.171105e-09,4.171105e-11
1.759825e+01,7.558058e-10,1.294594e-08,1.294594e-10,2.524253e-10,4.179851e-09,4.179851e-11
1.760039e+01,7.508234e-10,1.296276e-08,1.296276e-10,2.508227e-10,4.192967e-09,4.192967e-11
1.760252e+01,7.476411e-10,1.298740e-08,1.298740e-10,2.508211e-10,4.207552e-09,4.207552e-11
1.760466e+01,7.460035e-10,1.301544e-08,1.301544e-10,2.517554e-10,4.221125e-09,4.221125e-11
1.760680e+01,7.445181e-10,1.304772e-08,1.304772e-10,2.517920e-10,4.230731e-09,4.230731e-11
1.760893e+01,7.424516e-10,1.308730e-08,1.308730e-10,2.504640e-10,4.234595e-09,4.234595e-11
1.761107e+01,7.406970e-10,1.313343e-08,1.313343e-10,2.494039e-10,4.244531e-09,4.244531e-11
1.761321e+01,7.405094e-10,1.318347e-08,1.318347e-10,2.500873e-10,4.255772e-09,4.255772e-11
1.761534e+01,7.412919e-10,1.323598e-08,1.323598e-10,2.512785e-10,4.269262e-09,4.269262e-11
1.761748e+01,7.412490e-10,1.328791e-08,1.328791e-10,2.505705e-10,4.274199e-09,4.274199e-11
1.761962e+01,7.399660e-10,1.333881e-08,1.333881e-10,2.481637e-10,4.273952e-09,4.273952e-11
1.762175e+01,7.385994e-10,1.338673e-08,1.338673e-10,2.465491e-10,4.279266e-09,4.279266e-11
1.762389e+01,7.381246e-10,1.343257e-08,1.343257e-10,2.466698e-10,4.285355e-09,4.285355e-11
1.762603e+01,7.386171e-10,1.348176e-08,1.348176e-10,2.467057e-10,4.292413e-09,4.292413e-11
1.762816e+01,7.402698e-10,1.353862e-08,1.353862e-10,2.453499e-10,4.289274e-09,4.289274e-11
1.763030e+01,7.434196e-10,1.360480e-08,1.360480e-10,2.441620e-10,4.293590e-09,4.293590e-11
1.763244e+01,7.469256e-10,1.366806e-08,1.366806e-10,2.447165e-10,4.302916e-09,4.302916e-11
1.763457e+01,7.480944e-10,1.372105e-08,1.372105e-10,2.452867e-10,4.313722e-09,4.313722e-11
1.763671e+01,7.459779e-10,1.376630e-08,1.376630e-10,2.433043e-10,4.314630e-09,4.314630e-11
1.763885e+01,7.436805e-10,1.381611e-08,1.381611e-10,2.398621e-10,4.313018e-09,4.313018e-11
1.764098e+01,7.444337e-10,1.387635e-08,1.387635e-10,2.383455e-10,4.325406e-09,4.325406e-11
1.764312e+01,7.466151e-10,1.393962e-08,1.393962e-10,2.390011e-10,4.345992e-09,4.345992e-11
1.764526e+01,7.461015e-10,1.399367e-08,1.399367e-10,2.385242e-10,4.365055e-09,4.365055e-11
1.764739e+01,7.429829e-10,1.403757e-08,1.403757e-10,2.357192e-10,4.370735e-09,4.370735e-11
1.764953e+01,7.420542e-10,1.408239e-08,1.408239e-10,2.336676e-10,4.383376e-09,4.383376e-11
1.765167e+01,7.459311e-10,1.413156e-08,1.413156e-10,2.346991e-10,4.405314e-09,4.405314e-11
1.765380e+01,7.512351e-10,1.418009e-08,1.418009e-10,2.367225e-10,4.431719e-09,4.431719e-11
1.765594e+01,7.535169e-10,1.421102e-08,1.421102e-10,2.367402e-10,4.445364e-09,4.445364e-11
1.765808e+01,7.535454e-10,1.422694e-08,1.422694e-10,2.356024e-10,4.454596e-09,4.454596e-11
1.766021e+01,7.552796e-10,1.423578e-08,1.423578e-10,2.362261e-10,4.468869e-09,4.468869e-11
1.766235e+01,7.591809e-10,1.423738e-08,1.423738e-10,2.384476e-10,4.486618e-09,4.486618e-11
1.766449e+01,7.620127e-10,1.422928e-08,1.422928e-10,2.395233e-10,4.496322e-09,4.496322e-11
1.766662e+01,7.629501e-10,1.421466e-08,1.421466e-10,2.392604e-10,4.496843e-09,4.496843e-11
1.766876e+01,7.651868e-10,1.420275e-08,1.420275e-10,2.405638e-10,4.502489e-09,4.502489e-11
1.767090e+01,7.705156e-10,1.420356e-08,1.420356e-10,2.445145e-10,4.518271e-09,4.518271e-11
1.767304e+01,7.764320e-10,1.422084e-08,1.422084e-10,2.484820e-10,4.538880e-09,4.538880e-11
1.767517e+01,7.799140e-10,1.424353e-08,1.424353e-10,2.502949e-10,4.550356e-09,4.550356e-11
1.767731e+01,7.813921e-10,1.427510e-08,1.427510e-10,2.513598e-10,4.561946e-09,4.561946e-11
1.767945e+01,7.832179e-10,1.432686e-08,1.432686e-10,2.537194e-10,4.581606e-09,4.581606e-11
1.768158e+01,7.859938e-10,1.441312e-08,1.441312e-10,2.565884e-10,4.615227e-09,4.615227e-11
1.768372e+01,7.889025e-10,1.453684e-08,1.453684e-10,2.581965e-10,4.651206e-09,4.651206e-11
1.768586e+01,7.925731e-10,1.469640e-08,1.469640e-10,2.592603e-10,4.693350e-09,4.693350e-11
1.768799e+01,7.986319e-10,1.488900e-08,1.488900e-10,2.619606e-10,4.745608e-09,4.745608e-11
1.769013e+01,8.061166e-10,1.510827e-08,1.510827e-10,2.660079e-10,4.811250e-09,4.811250e-11
1.769227e+01,8.118078e-10,1.534800e-08,1.534800e-10,2.687679e-10,4.882266e-09,4.882266e-11
1.769440e+01,8.148897e-10,1.559998e-08,1.559998e-10,2.695748e-10,4.952224e-09,4.952224e-11
1.769654e+01,8.180158e-10,1.585804e-08,1.585804e-10,2.708564e-10,5.028248e-09,5.028248e-11
1.769868e+01,8.229500e-10,1.611503e-08,1.611503e-10,2.741737e-10,5.108928e-09,5.108928e-11
1.770081e+01,8.276365e-10,1.636623e-08,1.636623e-10,2.776852e-10,5.195791e-09,5.195791e-11
1.770295e+01,8.292768e-10,1.660056e-08,1.660056e-10,2.790802e-10,5.274206e-09,5.274206e-11
1.770509e+01,8.286586e-10,1.680796e-08,1.680796e-10,2.792069e-10,5.346245e-09,5.346245e-11
1.770722e+01,8.294360e-10,1.698402e-08,1.698402e-10,2.807058e-10,5.411762e-09,5.411762e-11
1.770936e+01,8.333993e-10,1.713099e-08,1.713099e-10,2.839697e-10,5.474172e-09,5.474172e-11
1.771150e+01,8.385136e-10,1.724847e-08,1.724847e-10,2.868226e-10,5.530438e-09,5.530438e-11
1.771363e+01,8.425541e-10,1.732843e-08,1.732843e-10,2.881499e-10,5.573596e-09,5.573596e-11
1.771577e+01,8.460559e-10,1.736628e-08,1.736628e-10,2.894122e-10,5.607948e-09,5.607948e-11
1.771791e+01,8.503184e-10,1.735745e-08,1.735745e-10,2.918649e-10,5.629097e-09,5.629097e-11
1.772004e+01,8.545246e-10,1.730332e-08,1.730332e-10,2.942220e-10,5.641784e-09,5.641784e-11
1.772218e+01,8.565874e-10,1.720681e-08,1.720681e-10,2.945997e-10,5.640529e-09,5.640529e-11
1.772432e+01,8.560666e-10,1.706509e-08,1.706509e-10,2.935553e-10,5.628917e-09,5.628917e-11
1.772645e+01,8.548274e-10,1.687688e-08,1.687688e-10,2.933225e-10,5.607649e-09,5.607649e-11
1.772859e+01,8.549989e-10,1.665421e-08,1.665421e-10,2.945990e-10,5.577348e-09,5.577348e-11
1.773073e+01,8.568247e-10,1.641166e-08,1.641166e-10,2.958223e-10,5.542276e-09,5.542276e-11
1.773286e+01,8.589963e-10,1.615687e-08,1.615687e-10,2.959090e-10,5.499331e-09,5.499331e-11
1.773500e+01,8.604185e-10,1.588857e-08,1.588857e-10,2.959193e-10,5.455322e-09,5.455322e-11
1.773714e+01,8.607363e-10,1.560294e-08,1.560294e-10,2.970044e-10,5.405975e-09,5.405975e-11
1.773927e+01,8.602820e-10,1.531394e-08,1.531394e-10,2.984225e-10,5.354852e-09,5.354852e-11
1.774141e+01,8.603609e-10,1.504158e-08,1.504158e-10,2.989485e-10,5.302822e-09,5.302822e-11
1.774355e+01,8.621261e-10,1.479458e-08,1.479458e-10,2.989900e-10,5.253383e-09,5.253383e-11
1.774568e+01,8.641897e-10,1.456416e-08,1.456416e-10,2.996339e-10,5.207723e-09,5.207723e-11
1.774782e+01,8.632000e-10,1.432907e-08,1.432907e-10,3.003792e-10,5.155630e-09,5.155630e-11
1.774996e+01,8.578086e-10,1.408815e-08,1.408815e-10,2.995945e-10,5.096439e-09,5.096439e-11
1.775209e+01,8.507068e-10,1.386351e-08,1.386351e-10,2.971303e-10,5.031631e-09,5.031631e-11
1.775423e+01,8.457422e-10,1.366924e-08,1.366924e-10,2.948545e-10,4.970704e-09,4.970704e-11
1.775637e+01,8.433596e-10,1.350471e-08,1.350471e-10,2.939211e-10,4.913445e-09,4.913445e-11
1.775851e+01,8.401880e-10,1.336192e-08,1.336192e-10,2.930003e-10,4.854844e-09,4.854844e-11
1.776064e+01,8.337689e-10,1.323369e-08,1.323369e-10,2.904561e-10,4.794355e-09,4.794355e-11
1.776278e+01,8.261328e-10,1.313178e-08,1.313178e-10,2.869967e-10,4.739002e-09,4.739002e-11
1.776492e+01,8.210003e-10,1.306892e-08,1.306892e-10,2.845818e-10,4.697290e-09,4.697290e-11
1.776705e+01,8.191847e-10,1.304067e-08,1.304067e-10,2.837274e-10,4.666968e-09,4.666968e-11
1.776919e+01,8.187732e-10,1.303661e-08,1.303661e-10,2.834283e-10,4.643385e-09,4.643385e-11
1.777133e+01,8.181928e-10,1.304792e-08,1.304792e-10,2.829553e-10,4.626990e-09,4.626990e-11
1.777346e+01,8.172663e-10,1.306784e-08,1.306784e-10,2.824261e-10,4.620817e-09,4.620817e-11
1.777560e+01,8.161934e-10,1.309057e-08,1.309057e-10,2.819805e-10,4.623921e-09,4.623921e-11
1.777774e+01,8.148981e-10,1.310814e-08,1.310814e-10,2.814290e-10,4.630747e-09,4.630747e-11
1.777987e+01,8.130835e-10,1.311714e-08,1.311714e-10,2.806395e-10,4.637643e-09,4.637643e-11
1.778201e+01,8.105506e-10,1.312016e-08,1.312016e-10,2.795983e-10,4.647253e-09,4.647253e-11
1.778415e+01,8.073072e-10,1.312165e-08,1.312165e-10,2.780792e-10,4.661123e-09,4.661123e-11
1.778628e+01,8.035954e-10,1.312382e-08,1.312382e-10,2.759858e-10,4.679418e-09,4.679418e-11
1.778842e+01,8.003991e-10,1.312555e-08,1.312555e-10,2.741488e-10,4.705007e-09,4.705007e-11
1.779056e+01,7.988527e-10,1.313002e-08,1.313002e-10,2.735403e-10,4.740365e-09,4.740365e-11
1.779269e+01,7.984407e-10,1.314334e-08,1.314334e-10,2.735477e-10,4.789403e-09,4.789403e-11
1.779483e+01,7.973722e-10,1.316457e-08,1.316457e-10,2.727372e-10,4.845944e-09,4.845944e-11
1.779697e+01,7.955146e-10,1.319180e-08,1.319180e-10,2.714406e-10,4.911529e-09,4.911529e-11
1.779910e+01,7.946196e-10,1.322014e-08,1.322014e-10,2.713932e-10,4.985944e-09,4.985944e-11
1.780124e+01,7.949213e-10,1.324211e-08,1.324211e-10,2.725616e-10,5.065397e-09,5.065397e-11
1.780338e+01,7.943205e-10,1.325494e-08,1.325494e-10,2.728103e-10,5.143746e-09,5.143746e-11
1.780551e+01,7.914235e-10,1.325405e-08,1.325405e-10,2.713272e-10,5.213048e-09,5.213048e-11
1.780765e+01,7.874627e-10,1.324041e-08,1.324041e-10,2.701112e-10,5.281706e-09,5.281706e-11
1.780979e+01,7.845145e-10,1.321968e-08,1.321968e-10,2.708400e-10,5.346585e-09,5.346585e-11
1.781192e+01,7.826952e-10,1.319440e-08,1.319440e-10,2.720435e-10,5.405986e-09,5.405986e-11
1.781406e+01,7.800817e-10,1.316206e-08,1.316206e-10,2.712148e-10,5.445708e-09,5.445708e-11
1.781620e+01,7.753656e-10,1.311762e-08,1.311762e-10,2.687026e-10,5.469426e-09,5.469426e-11
1.781833e+01,7.693976e-10,1.305541e-08,1.305541e-10,2.670481e-10,5.483142e-09,5.483142e-11
1.782047e+01,7.634591e-10,1.298486e-08,1.298486e-10,2.666531e-10,5.486934e-09,5.486934e-11
1.782261e+01,7.579912e-10,1.291536e-08,1.291536e-10,2.652629e-10,5.476430e-09,5.476430e-11
1.782474e+01,7.536015e-10,1.284522e-08,1.284522e-10,2.621318e-10,5.443985e-09,5.443985e-11
1.782688e+01,7.507157e-10,1.276891e-08,1.276891e-10,2.593326e-10,5.400749e-09,5.400749e-11
1.782902e+01,7.477547e-10,1.267385e-08,1.267385e-10,2.580387e-10,5.346033e-09,5.346033e-11
1.783115e+01,7.423012e-10,1.255673e-08,1.255673e-10,2.564708e-10,5.281189e-09,5.281189e-11
1.783329e+01,7.346083e-10,1.243011e-08,1.243011e-10,2.529785e-10,5.199470e-09,5.199470e-11
1.783543e+01,7.275547e-10,1.230712e-08,1.230712e-10,2.488828e-10,5.107622e-09,5.107622e-11
1.783756e+01,7.226249e-10,1.218950e-08,1.218950e-10,2.463414e-10,5.012509e-09,5.012509e-11
1.783970e+01,7.176784e-10,1.207490e-08,1.207490e-10,2.448526e-10,4.914066e-09,4.914066e-11
1.784184e+01,7.099682e-10,1.195999e-08,1.195999e-10,2.421593e-10,4.808541e-09,4.808541e-11
1.784397e+01,7.005997e-10,1.185486e-08,1.185486e-10,2.380031e-10,4.694991e-09,4.694991e-11
1.784611e+01,6.938758e-10,1.177882e-08,1.177882e-10,2.346568e-10,4.584924e-09,4.584924e-11
1.784825e+01,6.920499e-10,1.174329e-08,1.174329e-10,2.334991e-10,4.482527e-09,4.482527e-11
1.785039e+01,6.929425e-10,1.175280e-08,1.175280e-10,2.332092e-10,4.388501e-09,4.388501e-11
1.785252e+01,6.934393e-10,1.180322e-08,1.180322e-10,2.321249e-10,4.298901e-09,4.298901e-11
1.785466e+01,6.929281e-10,1.188896e-08,1.188896e-10,2.302990e-10,4.214903e-09,4.214903e-11
1.785680e+01,6.924615e-10,1.200917e-08,1.200917e-10,2.284942e-10,4.139583e-09,4.139583e-11
1.785893e+01,6.926183e-10,1.217262e-08,1.217262e-10,2.268270e-10,4.076730e-09,4.076730e-11
1.786107e+01,6.933185e-10,1.238644e-08,1.238644e-10,2.250593e-10,4.028906e-09,4.028906e-11
1.786321e+01,6.949915e-10,1.265077e-08,1.265077e-10,2.234786e-10,3.998924e-09,3.998924e-11
1.786534e+01,6.986603e-10,1.295805e-08,1.295805e-10,2.227048e-10,3.989917e-09,3.989917e-11
1.786748e+01,7.044766e-10,1.329126e-08,1.329126e-10,2.226920e-10,3.999661e-09,3.999661e-11
1.786962e+01,7.109659e-10,1.363445e-08,1.363445e-10,2.227250e-10,4.023383e-09,4.023383e-11
1.787175e+01,7.168144e-10,1.398162e-08,1.398162e-10,2.225416e-10,4.059966e-09,4.059966e-11
1.787389e+01,7.227247e-10,1.433129e-08,1.433129e-10,2.227388e-10,4.110736e-09,4.110736e-11
1.787603e+01,7.301587e-10,1.467446e-08,1.467446e-10,2.238142e-10,4.173068e-09,4.173068e-11
1.787816e+01,7.390005e-10,1.499805e-08,1.499805e-10,2.253640e-10,4.240856e-09,4.240856e-11
1.788030e+01,7.473139e-10,1.528737e-08,1.528737e-10,2.265677e-10,4.306212e-09,4.306212e-11
1.788244e+01,7.532384e-10,1.552744e-08,1.552744e-10,2.271653e-10,4.362992e-09,4.362992e-11
1.788457e+01,7.569011e-10,1.571065e-08,1.571065e-10,2.276723e-10,4.409663e-09,4.409663e-11
1.788671e+01,7.602017e-10,1.583753e-08,1.583753e-10,2.287444e-10,4.446970e-09,4.446970e-11
1.788885e+01,7.646126e-10,1.591272e-08,1.591272e-10,2.303087e-10,4.473341e-09,4.473341e-11
1.789098e+01,7.699740e-10,1.593484e-08,1.593484e-10,2.317611e-10,4.483019e-09,4.483019e-11
1.789312e+01,7.757123e-10,1.590354e-08,1.590354e-10,2.333434e-10,4.478330e-09,4.478330e-11
1.789526e+01,7.810978e-10,1.581345e-08,1.581345e-10,2.357881e-10,4.461252e-09,4.461252e-11
1.789739e+01,7.839142e-10,1.565144e-08,1.565144e-10,2.381777e-10,4.428686e-09,4.428686e-11
1.789953e+01,7.818920e-10,1.541984e-08,1.541984e-10,2.383733e-10,4.373459e-09,4.373459e-11
1.790167e+01,7.766312e-10,1.513617e-08,1.513617e-10,2.364114e-10,4.295124e-09,4.295124e-11
1.790380e+01,7.733419e-10,1.482097e-08,1.482097e-10,2.354295e-10,4.212092e-09,4.212092e-11
1.790594e+01,7.745598e-10,1.448358e-08,1.448358e-10,2.374497e-10,4.130020e-09,4.130020e-11
1.790808e+01,7.761174e-10,1.412364e-08,1.412364e-10,2.398549e-10,4.050584e-09,4.050584e-11
1.791021e+01,7.719024e-10,1.372683e-08,1.372683e-10,2.388320e-10,3.946668e-09,3.946668e-11
1.791235e+01,7.619381e-10,1.330251e-08,1.330251e-10,2.353311e-10,3.834075e-09,3.834075e-11
1.791449e+01,7.522940e-10,1.288338e-08,1.288338e-10,2.339132e-10,3.736812e-09,3.736812e-11
1.791662e+01,7.462524e-10,1.249398e-08,1.249398e-10,2.355501e-10,3.669026e-09,3.669026e-11
1.791876e+01,7.400907e-10,1.214185e-08,1.214185e-10,2.358854e-10,3.611573e-09,3.611573e-11
1.792090e+01,7.298603e-10,1.181514e-08,1.181514e-10,2.325065e-10,3.533913e-09,3.533913e-11
1.792303e+01,7.178104e-10,1.152308e-08,1.152308e-10,2.293300e-10,3.486649e-09,3.486649e-11
1.792517e+01,7.080984e-10,1.127279e-08,1.127279e-10,2.300198e-10,3.468226e-09,3.468226e-11
1.792731e+01,7.000211e-10,1.107551e-08,1.107551e-10,2.315251e-10,3.488792e-09,3.488792e-11
1.792944e+01,6.903241e-10,1.092202e-08,1.092202e-10,2.290708e-10,3.474607e-09,3.474607e-11
1.793158e+01,6.797873e-10,1.081394e-08,1.081394e-10,2.243506e-10,3.460478e-09,3.460478e-11
1.793372e+01,6.724851e-10,1.075065e-08,1.075065e-10,2.231036e-10,3.474582e-09,3.474582e-11
1.793586e+01,6.687474e-10,1.073141e-08,1.073141e-10,2.255825e-10,3.524665e-09,3.524665e-11
1.793799e+01,6.641287e-10,1.074440e-08,1.074440e-10,2.258901e-10,3.571145e-09,3.571145e-11
1.794013e+01,6.567007e-10,1.076695e-08,1.076695e-10,2.217807e-10,3.568742e-09,3.568742e-11
1.794227e+01,6.505099e-10,1.080765e-08,1.080765e-10,2.185393e-10,3.590438e-09,3.590438e-11
1.794440e+01,6.491659e-10,1.087036e-08,1.087036e-10,2.203241e-10,3.629652e-09,3.629652e-11
1.794654e+01,6.503824e-10,1.096342e-08,1.096342e-10,2.235168e-10,3.701571e-09,3.701571e-11
1.794868e+01,6.506759e-10,1.107035e-08,1.107035e-10,2.231745e-10,3.726844e-09,3.726844e-11
1.795081e+01,6.512905e-10,1.119362e-08,1.119362e-10,2.213289e-10,3.756208e-09,3.756208e-11
1.795295e+01,6.550420e-10,1.132359e-08,1.132359e-10,2.230083e-10,3.802997e-09,3.802997e-11
1.795509e+01,6.602173e-10,1.145956e-08,1.145956e-10,2.272179e-10,3.871257e-09,3.871257e-11
1.795722e+01,6.628063e-10,1.159951e-08,1.159951e-10,2.285896e-10,3.925679e-09,3.925679e-11
1.795936e+01,6.635080e-10,1.174624e-08,1.174624e-10,2.265112e-10,3.949900e-09,3.949900e-11
1.796150e+01,6.669024e-10,1.190522e-08,1.190522e-10,2.259801e-10,3.994670e-09,3.994670e-11
1.796363e+01,6.736087e-10,1.206780e-08,1.206780e-10,2.290564e-10,4.043592e-09,4.043592e-11
1.796577e+01,6.784468e-10,1.222954e-08,1.222954e-10,2.313769e-10,4.099599e-09,4.099599e-11
1.796791e+01,6.782014e-10,1.237768e-08,1.237768e-10,2.294605e-10,4.120020e-09,4.120020e-11
1.797004e+01,6.763107e-10,1.252201e-08,1.252201e-10,2.262394e-10,4.144356e-09,4.144356e-11
1.797218e+01,6.769504e-10,1.266268e-08,1.266268e-10,2.257794e-10,4.175449e-09,4.175449e-11
1.797432e+01,6.789405e-10,1.280363e-08,1.280363e-10,2.268568e-10,4.214225e-09,4.214225e-11
1.797645e+01,6.789276e-10,1.293947e-08,1.293947e-10,2.258220e-10,4.241628e-09,4.241628e-11
1.797859e+01,6.776012e-10,1.307044e-08,1.307044e-10,2.229992e-10,4.260813e-09,4.260813e-11
1.798073e+01,6.786046e-10,1.319447e-08,1.319447e-10,2.217926e-10,4.292273e-09,4.292273e-11
1.798286e+01,6.827630e-10,1.330422e-08,1.330422e-10,2.228038e-10,4.324860e-09,4.324860e-11
1.798500e+01,6.872382e-10,1.340080e-08,1.340080e-10,2.232126e-10,4.352347e-09,4.352347e-11
1.798714e+01,6.901130e-10,1.348633e-08,1.348633e-10,2.216496e-10,4.364524e-09,4.364524e-11
1.798927e+01,6.926257e-10,1.356479e-08,1.356479e-10,2.199454e-10,4.375925e-09,4.375925e-11
1.799141e+01,6.957755e-10,1.363162e-08,1.363162e-10,2.194976e-10,4.386211e-09,4.386211e-11
1.799355e+01,6.978892e-10,1.368519e-08,1.368519e-10,2.189587e-10,4.390284e-09,4.390284e-11
1.799568e+01,6.973436e-10,1.372318e-08,1.372318e-10,2.167771e-10,4.381766e-09,4.381766e-11
1.799782e+01,6.952574e-10,1.375369e-08,1.375369e-10,2.137842e-10,4.367605e-09,4.367605e-11
1.799996e+01,6.937133e-10,1.378414e-08,1.378414e-10,2.117271e-10,4.357864e-09,4.357864e-11
1.800209e+01,6.929113e-10,1.381207e-08,1.381207e-10,2.107788e-10,4.352632e-09,4.352632e-11
1.800423e+01,6.919316e-10,1.384183e-08,1.384183e-10,2.099930e-10,4.349135e-09,4.349135e-11
1.800637e+01,6.910993e-10,1.388088e-08,1.388088e-10,2.091431e-10,4.346733e-09,4.346733e-11
1.800850e+01,6.921786e-10,1.393314e-08,1.393314e-10,2.089691e-10,4.349470e-09,4.349470e-11
1.801064e+01,6.962071e-10,1.399707e-08,1.399707e-10,2.099942e-10,4.358364e-09,4.358364e-11
1.801278e+01,7.016764e-10,1.407035e-08,1.407035e-10,2.117035e-10,4.371502e-09,4.371502e-11
1.801491e+01,7.059041e-10,1.415131e-08,1.415131e-10,2.130383e-10,4.386112e-09,4.386112e-11
1.801705e+01,7.083878e-10,1.424448e-08,1.424448e-10,2.136782e-10,4.401442e-09,4.401442e-11
1.801919e+01,7.117357e-10,1.435904e-08,1.435904e-10,2.146888e-10,4.421776e-09,4.421776e-11
1.802132e+01,7.182860e-10,1.449285e-08,1.449285e-10,2.172722e-10,4.448356e-09,4.448356e-11
1.802346e+01,7.268968e-10,1.464124e-08,1.464124e-10,2.208806e-10,4.479302e-09,4.479302e-11
1.802560e+01,7.346974e-10,1.480211e-08,1.480211e-10,2.238221e-10,4.508912e-09,4.508912e-11
1.802774e+01,7.413875e-10,1.498156e-08,1.498156e-10,2.260252e-10,4.539677e-09,4.539677e-11
1.802987e+01,7.495655e-10,1.518762e-08,1.518762e-10,2.293966e-10,4.580238e-09,4.580238e-11
1.803201e+01,7.600970e-10,1.541939e-08,1.541939e-10,2.344468e-10,4.631074e-09,4.631074e-11
1.803415e+01,7.699369e-10,1.567087e-08,1.567087e-10,2.386662e-10,4.686645e-09,4.686645e-11
1.803628e+01,7.766439e-10,1.593229e-08,1.593229e-10,2.402163e-10,4.735039e-09,4.735039e-11
1.803842e+01,7.827729e-10,1.620906e-08,1.620906e-10,2.413409e-10,4.790480e-09,4.790480e-11
1.804056e+01,7.924289e-10,1.650431e-08,1.650431e-10,2.450969e-10,4.855882e-09,4.855882e-11
1.804269e+01,8.049415e-10,1.681880e-08,1.681880e-10,2.501465e-10,4.935645e-09,4.935645e-11
1.804483e+01,8.161745e-10,1.713895e-08,1.713895e-10,2.528002e-10,5.005509e-09,5.005509e-11
1.804697e+01,8.254780e-10,1.745353e-08,1.745353e-10,2.535953e-10,5.071378e-09,5.071378e-11
1.804910e+01,8.363831e-10,1.775429e-08,1.775429e-10,2.568446e-10,5.143155e-09,5.143155e-11
1.805124e+01,8.492834e-10,1.803243e-08,1.803243e-10,2.628543e-10,5.222935e-09,5.222935e-11
1.805338e+01,8.591761e-10,1.827999e-08,1.827999e-10,2.664648e-10,5.293243e-09,5.293243e-11
1.805551e+01,8.634719e-10,1.848506e-08,1.848506e-10,2.656626e-10,5.330628e-09,5.330628e-11
1.805765e+01,8.665982e-10,1.865205e-08,1.865205e-10,2.655641e-10,5.374378e-09,5.374378e-11
1.805979e+01,8.726347e-10,1.877301e-08,1.877301e-10,2.698588e-10,5.417975e-09,5.417975e-11
1.806192e+01,8.782298e-10,1.884102e-08,1.884102e-10,2.739971e-10,5.465221e-09,5.465221e-11
1.806406e+01,8.786212e-10,1.883889e-08,1.883889e-10,2.726506e-10,5.453915e-09,5.453915e-11
1.806620e+01,8.764330e-10,1.877777e-08,1.877777e-10,2.691582e-10,5.428741e-09,5.428741e-11
1.806833e+01,8.779204e-10,1.866860e-08,1.866860e-10,2.703857e-10,5.406854e-09,5.406854e-11
1.807047e+01,8.827372e-10,1.851820e-08,1.851820e-10,2.751013e-10,5.400505e-09,5.400505e-11
1.807261e+01,8.843572e-10,1.831570e-08,1.831570e-10,2.756904e-10,5.357083e-09,5.357083e-11
1.807474e+01,8.803561e-10,1.805010e-08,1.805010e-10,2.707851e-10,5.259664e-09,5.259664e-11
1.807688e+01,8.749796e-10,1.772834e-08,1.772834e-10,2.673391e-10,5.172075e-09,5.172075e-11
1.807902e+01,8.703699e-10,1.735622e-08,1.735622e-10,2.684925e-10,5.088832e-09,5.088832e-11
1.808115e+01,8.625081e-10,1.695147e-08,1.695147e-10,2.681548e-10,5.010235e-09,5.010235e-11
1.808329e+01,8.497590e-10,1.651939e-08,1.651939e-10,2.620025e-10,4.859997e-09,4.859997e-11
1.808543e+01,8.382998e-10,1.609024e-08,1.609024e-10,2.556784e-10,4.726470e-09,4.726470e-11
1.808756e+01,8.328479e-10,1.566730e-08,1.566730e-10,2.553747e-10,4.612906e-09,4.612906e-11
1.808970e+01,8.281912e-10,1.524648e-08,1.524648e-10,2.570946e-10,4.529648e-09,4.529648e-11
1.809184e+01,8.168683e-10,1.480819e-08,1.480819e-10,2.532910e-10,4.396974e-09,4.396974e-11
1.809397e+01,8.009516e-10,1.437605e-08,1.437605e-10,2.454529e-10,4.246097e-09,4.246097e-11
1.809611e+01,7.884538e-10,1.398000e-08,1.398000e-10,2.413223e-10,4.135214e-09,4.135214e-11
1.809825e+01,7.808226e-10,1.363166e-08,1.363166e-10,2.420745e-10,4.060251e-09,4.060251e-11
1.810038e+01,7.719730e-10,1.332361e-08,1.332361e-10,2.412010e-10,3.994785e-09,3.994785e-11
1.810252e+01,7.588246e-10,1.303761e-08,1.303761e-10,2.359281e-10,3.892581e-09,3.892581e-11
1.810466e+01,7.454404e-10,1.277403e-08,1.277403e-10,2.312446e-10,3.820502e-09,3.820502e-11
1.810679e+01,7.352552e-10,1.253326e-08,1.253326e-10,2.306459e-10,3.766109e-09,3.766109e-11
1.810893e+01,7.262864e-10,1.233354e-08,1.233354e-10,2.306236e-10,3.737361e-09,3.737361e-11
1.811107e+01,7.169182e-10,1.217141e-08,1.217141e-10,2.278081e-10,3.686018e-09,3.686018e-11
1.811321e+01,7.100903e-10,1.205519e-08,1.205519e-10,2.249270e-10,3.652166e-09,3.652166e-11
1.811534e+01,7.076627e-10,1.196854e-08,1.196854e-10,2.251239e-10,3.636032e-09,3.636032e-11
1.811748e+01,7.056450e-10,1.189127e-08,1.189127e-10,2.258195e-10,3.628045e-09,3.628045e-11
1.811962e+01,6.998767e-10,1.180463e-08,1.180463e-10,2.233426e-10,3.600444e-09,3.600444e-11
1.812175e+01,6.923608e-10,1.172277e-08,1.172277e-10,2.193163e-10,3.568955e-09,3.568955e-11
1.812389e+01,6.876251e-10,1.166061e-08,1.166061e-10,2.174677e-10,3.552113e-09,3.552113e-11
1.812603e+01,6.859296e-10,1.161809e-08,1.161809e-10,2.173732e-10,3.545023e-09,3.545023e-11
1.812816e+01,6.844240e-10,1.159122e-08,1.159122e-10,2.162333e-10,3.532874e-09,3.532874e-11
1.813030e+01,6.828430e-10,1.157742e-08,1.157742e-10,2.144784e-10,3.520399e-09,3.520399e-11
1.813244e+01,6.830687e-10,1.157419e-08,1.157419e-10,2.145307e-10,3.518262e-09,3.518262e-11
1.813457e+01,6.842456e-10,1.157824e-08,1.157824e-10,2.154920e-10,3.522247e-09,3.522247e-11
1.813671e+01,6.835047e-10,1.159451e-08,1.159451e-10,2.143515e-10,3.517699e-09,3.517699e-11
1.813885e+01,6.817702e-10,1.163090e-08,1.163090e-10,2.118379e-10,3.509005e-09,3.509005e-11
1.814098e+01,6.835979e-10,1.169729e-08,1.169729e-10,2.116866e-10,3.513453e-09,3.513453e-11
1.814312e+01,6.903419e-10,1.179253e-08,1.179253e-10,2.141647e-10,3.532741e-09,3.532741e-11
1.814526e+01,6.984025e-10,1.190501e-08,1.190501e-10,2.156808e-10,3.547416e-09,3.547416e-11
1.814739e+01,7.051431e-10,1.202138e-08,1.202138e-10,2.152516e-10,3.547234e-09,3.547234e-11
1.814953e+01,7.122317e-10,1.214625e-08,1.214625e-10,2.160491e-10,3.550953e-09,3.550953e-11
1.815167e+01,7.219723e-10,1.229212e-08,1.229212e-10,2.195725e-10,3.568596e-09,3.568596e-11
1.815380e+01,7.340893e-10,1.246091e-08,1.246091e-10,2.233941e-10,3.594373e-09,3.594373e-11
1.815594e+01,7.470872e-10,1.264462e-08,1.264462e-10,2.259298e-10,3.613279e-09,3.613279e-11
1.815808e+01,7.598826e-10,1.283483e-08,1.283483e-10,2.288843e-10,3.639135e-09,3.639135e-11
1.816021e+01,7.711945e-10,1.302696e-08,1.302696e-10,2.332770e-10,3.673988e-09,3.673988e-11
1.816235e+01,7.798003e-10,1.322631e-08,1.322631e-10,2.370297e-10,3.720530e-09,3.720530e-11
1.816449e+01,7.869398e-10,1.343749e-08,1.343749e-10,2.388945e-10,3.766880e-09,3.766880e-11
1.816662e+01,7.956961e-10,1.365842e-08,1.365842e-10,2.410724e-10,3.823870e-09,3.823870e-11
1.816876e+01,8.062603e-10,1.388040e-08,1.388040e-10,2.451100e-10,3.886757e-09,3.886757e-11
1.817090e+01,8.149166e-10,1.409393e-08,1.409393e-10,2.487743e-10,3.954093e-09,3.954093e-11
1.817303e+01,8.199902e-10,1.429469e-08,1.429469e-10,2.502038e-10,4.016090e-09,4.016090e-11
1.817517e+01,8.249928e-10,1.448869e-08,1.448869e-10,2.515794e-10,4.085517e-09,4.085517e-11
1.817731e+01,8.326666e-10,1.467260e-08,1.467260e-10,2.549907e-10,4.158656e-09,4.158656e-11
1.817944e+01,8.403522e-10,1.484228e-08,1.484228e-10,2.582968e-10,4.228658e-09,4.228658e-11
1.818158e+01,8.447857e-10,1.498911e-08,1.498911e-10,2.592125e-10,4.281514e-09,4.281514e-11
1.818372e+01,8.475632e-10,1.511234e-08,1.511234e-10,2.600213e-10,4.334091e-09,4.334091e-11
1.818585e+01,8.517294e-10,1.521223e-08,1.521223e-10,2.634884e-10,4.388696e-09,4.388696e-11
1.818799e+01,8.560976e-10,1.529077e-08,1.529077e-10,2.672750e-10,4.441125e-09,4.441125e-11
1.819013e+01,8.577608e-10,1.534041e-08,1.534041e-10,2.677916e-10,4.462807e-09,4.462807e-11
1.819226e+01,8.579132e-10,1.536870e-08,1.536870e-10,2.670107e-10,4.475315e-09,4.475315e-11
1.819440e+01,8.600609e-10,1.537768e-08,1.537768e-10,2.694276e-10,4.491319e-09,4.491319e-11
1.819654e+01,8.633815e-10,1.536804e-08,1.536804e-10,2.737368e-10,4.517006e-09,4.517006e-11
1.819867e+01,8.639871e-10,1.533893e-08,1.533893e-10,2.745715e-10,4.513264e-09,4.513264e-11
1.820081e+01,8.628869e-10,1.529408e-08,1.529408e-10,2.722521e-10,4.484026e-09,4.484026e-11
1.820295e+01,8.654220e-10,1.524748e-08,1.524748e-10,2.728339e-10,4.464547e-09,4.464547e-11
1.820509e+01,8.716524e-10,1.520498e-08,1.520498e-10,2.773709e-10,4.461918e-09,4.461918e-11
1.820722e+01,8.748729e-10,1.516293e-08,1.516293e-10,2.794182e-10,4.453719e-09,4.453719e-11
1.820936e+01,8.722365e-10,1.511457e-08,1.511457e-10,2.760264e-10,4.398072e-09,4.398072e-11
1.821150e+01,8.693582e-10,1.507830e-08,1.507830e-10,2.730839e-10,4.361182e-09,4.361182e-11
1.821363e+01,8.708391e-10,1.505755e-08,1.505755e-10,2.751958e-10,4.343180e-09,4.343180e-11
1.821577e+01,8.729261e-10,1.505535e-08,1.505535e-10,2.777515e-10,4.355971e-09,4.355971e-11
1.821791e+01,8.702823e-10,1.505625e-08,1.505625e-10,2.751199e-10,4.321503e-09,4.321503e-11
1.822004e+01,8.649547e-10,1.506434e-08,1.506434e-10,2.705552e-10,4.298988e-09,4.298988e-11
1.822218e+01,8.624613e-10,1.507973e-08,1.507973e-10,2.705333e-10,4.301058e-09,4.301058e-11
1.822432e+01,8.623898e-10,1.510433e-08,1.510433e-10,2.735907e-10,4.338009e-09,4.338009e-11
1.822645e+01,8.598665e-10,1.512452e-08,1.512452e-10,2.732356e-10,4.350934e-09,4.350934e-11
1.822859e+01,8.545541e-10,1.513567e-08,1.513567e-10,2.694956e-10,4.344809e-09,4.344809e-11
1.823073e+01,8.505993e-10,1.513482e-08,1.513482e-10,2.683885e-10,4.361929e-09,4.361929e-11
1.823286e+01,8.483193e-10,1.511732e-08,1.511732e-10,2.707774e-10,4.391418e-09,4.391418e-11
1.823500e+01,8.438233e-10,1.507820e-08,1.507820e-10,2.710677e-10,4.414351e-09,4.414351e-11
1.823714e+01,8.370084e-10,1.501547e-08,1.501547e-10,2.676063e-10,4.401062e-09,4.401062e-11
1.823927e+01,8.323052e-10,1.493808e-08,1.493808e-10,2.655510e-10,4.405142e-09,4.405142e-11
1.824141e+01,8.304765e-10,1.484275e-08,1.484275e-10,2.672549e-10,4.416360e-09,4.416360e-11
1.824355e+01,8.270210e-10,1.472856e-08,1.472856e-10,2.680937e-10,4.431114e-09,4.431114e-11
1.824568e+01,8.205039e-10,1.459192e-08,1.459192e-10,2.652948e-10,4.416135e-09,4.416135e-11
1.824782e+01,8.155968e-10,1.444847e-08,1.444847e-10,2.631664e-10,4.412094e-09,4.412094e-11
1.824996e+01,8.147555e-10,1.429963e-08,1.429963e-10,2.650915e-10,4.418516e-09,4.418516e-11
1.825209e+01,8.133189e-10,1.414777e-08,1.414777e-10,2.672912e-10,4.432679e-09,4.432679e-11
1.825423e+01,8.077710e-10,1.398703e-08,1.398703e-10,2.659557e-10,4.423073e-09,4.423073e-11
1.825637e+01,8.026164e-10,1.383481e-08,1.383481e-10,2.645570e-10,4.420887e-09,4.420887e-11
1.825850e+01,8.025702e-10,1.369872e-08,1.369872e-10,2.674432e-10,4.433139e-09,4.433139e-11
1.826064e+01,8.035142e-10,1.358438e-08,1.358438e-10,2.713351e-10,4.463380e-09,4.463380e-11
1.826278e+01,7.991575e-10,1.347736e-08,1.347736e-10,2.710705e-10,4.471186e-09,4.471186e-11
1.826491e+01,7.920870e-10,1.339202e-08,1.339202e-10,2.692293e-10,4.486341e-09,4.486341e-11
1.826705e+01,7.896211e-10,1.334106e-08,1.334106e-10,2.715788e-10,4.520382e-09,4.520382e-11
1.826919e+01,7.918616e-10,1.332820e-08,1.332820e-10,2.764260e-10,4.582081e-09,4.582081e-11
1.827132e+01,7.921097e-10,1.334171e-08,1.334171e-10,2.772237e-10,4.618714e-09,4.618714e-11
1.827346e+01,7.881306e-10,1.337481e-08,1.337481e-10,2.742356e-10,4.644349e-09,4.644349e-11
1.827560e+01,7.849451e-10,1.342837e-08,1.342837e-10,2.742419e-10,4.690481e-09,4.690481e-11
1.827773e+01,7.855317e-10,1.351132e-08,1.351132e-10,2.782731e-10,4.764923e-09,4.764923e-11
1.827987e+01,7.865994e-10,1.362153e-08,1.362153e-10,2.796505e-10,4.826806e-09,4.826806e-11
1.828201e+01,7.863278e-10,1.373803e-08,1.373803e-10,2.763263e-10,4.841427e-09,4.841427e-11
1.828414e+01,7.885714e-10,1.387317e-08,1.387317e-10,2.751453e-10,4.884179e-09,4.884179e-11
1.828628e+01,7.944577e-10,1.401061e-08,1.401061e-10,2.796533e-10,4.945206e-09,4.945206e-11
1.828842e+01,7.978344e-10,1.413864e-08,1.413864e-10,2.830757e-10,5.020901e-09,5.020901e-11
1.829056e+01,7.954405e-10,1.424252e-08,1.424252e-10,2.799097e-10,5.014155e-09,5.014155e-11
1.829269e+01,7.939074e-10,1.434536e-08,1.434536e-10,2.759531e-10,5.018173e-09,5.018173e-11
1.829483e+01,7.992501e-10,1.443984e-08,1.443984e-10,2.782384e-10,5.033008e-09,5.033008e-11
1.829697e+01,8.062099e-10,1.451987e-08,1.451987e-10,2.824868e-10,5.070615e-09,5.070615e-11
1.829910e+01,8.064345e-10,1.455429e-08,1.455429e-10,2.803365e-10,5.033761e-09,5.033761e-11
1.830124e+01,8.019599e-10,1.455492e-08,1.455492e-10,2.736102e-10,4.956429e-09,4.956429e-11
1.830338e+01,8.019612e-10,1.454817e-08,1.454817e-10,2.712231e-10,4.901188e-09,4.901188e-11
1.830551e+01,8.085432e-10,1.454062e-08,1.454062e-10,2.741926e-10,4.865528e-09,4.865528e-11
1.830765e+01,8.144408e-10,1.452249e-08,1.452249e-10,2.744275e-10,4.813302e-09,4.813302e-11
1.830979e+01,8.152797e-10,1.447994e-08,1.447994e-10,2.689782e-10,4.695866e-09,4.695866e-11
1.831192e+01,8.153004e-10,1.442791e-08,1.442791e-10,2.645627e-10,4.608289e-09,4.608289e-11
1.831406e+01,8.182282e-10,1.437179e-08,1.437179e-10,2.653594e-10,4.538229e-09,4.538229e-11
1.831620e+01,8.207884e-10,1.432387e-08,1.432387e-10,2.662029e-10,4.493521e-09,4.493521e-11
1.831833e+01,8.201202e-10,1.427242e-08,1.427242e-10,2.624312e-10,4.403565e-09,4.403565e-11
1.832047e+01,8.199129e-10,1.423660e-08,1.423660e-10,2.581763e-10,4.333173e-09,4.333173e-11
1.832261e+01,8.231478e-10,1.420987e-08,1.420987e-10,2.584501e-10,4.287609e-09,4.287609e-11
1.832474e+01,8.254785e-10,1.418334e-08,1.418334e-10,2.599061e-10,4.263115e-09,4.263115e-11
1.832688e+01,8.221080e-10,1.414132e-08,1.414132e-10,2.569380e-10,4.211159e-09,4.211159e-11
1.832902e+01,8.162762e-10,1.409856e-08,1.409856e-10,2.515247e-10,4.149577e-09,4.149577e-11
1.833115e+01,8.142983e-10,1.406816e-08,1.406816e-10,2.494655e-10,4.106280e-09,4.106280e-11
1.833329e+01,8.156385e-10,1.404862e-08,1.404862e-10,2.504786e-10,4.077424e-09,4.077424e-11
1.833543e+01,8.145898e-10,1.402987e-08,1.402987e-10,2.493966e-10,4.041333e-09,4.041333e-11
1.833756e+01,8.098586e-10,1.400081e-08,1.400081e-10,2.455272e-10,3.989267e-09,3.989267e-11
1.833970e+01,8.055155e-10,1.396052e-08,1.396052e-10,2.432443e-10,3.949062e-09,3.949062e-11
1.834184e+01,8.024753e-10,1.390568e-08,1.390568e-10,2.434631e-10,3.919420e-09,3.919420e-11
1.834397e+01,7.967149e-10,1.384143e-08,1.384143e-10,2.423293e-10,3.895028e-09,3.895028e-11
1.834611e+01,7.873514e-10,1.376910e-08,1.376910e-10,2.389121e-10,3.866070e-09,3.866070e-11
1.834825e+01,7.794056e-10,1.370119e-08,1.370119e-10,2.371563e-10,3.857140e-09,3.857140e-11
1.835038e+01,7.760712e-10,1.363788e-08,1.363788e-10,2.388530e-10,3.867696e-09,3.867696e-11
1.835252e+01,7.738141e-10,1.357339e-08,1.357339e-10,2.404678e-10,3.889172e-09,3.889172e-11
1.835466e+01,7.681071e-10,1.349573e-08,1.349573e-10,2.393124e-10,3.900981e-09,3.900981e-11
1.835679e+01,7.598071e-10,1.341036e-08,1.341036e-10,2.378112e-10,3.924383e-09,3.924383e-11
1.835893e+01,7.533000e-10,1.333713e-08,1.333713e-10,2.388104e-10,3.965190e-09,3.965190e-11
1.836107e+01,7.509986e-10,1.329178e-08,1.329178e-10,2.411167e-10,4.023524e-09,4.023524e-11
1.836320e+01,7.520516e-10,1.327489e-08,1.327489e-10,2.425944e-10,4.081810e-09,4.081810e-11
1.836534e+01,7.547186e-10,1.328159e-08,1.328159e-10,2.441124e-10,4.149492e-09,4.149492e-11
1.836748e+01,7.573035e-10,1.329698e-08,1.329698e-10,2.471898e-10,4.224089e-09,4.224089e-11
1.836961e+01,7.581259e-10,1.331181e-08,1.331181e-10,2.503490e-10,4.301201e-09,4.301201e-11
1.837175e+01,7.574536e-10,1.333451e-08,1.333451e-10,2.516281e-10,4.369937e-09,4.369937e-11
1.837389e+01,7.584197e-10,1.337420e-08,1.337420e-10,2.525208e-10,4.436961e-09,4.436961e-11
1.837602e+01,7.629982e-10,1.342873e-08,1.342873e-10,2.552991e-10,4.503146e-09,4.503146e-11
1.837816e+01,7.687592e-10,1.349193e-08,1.349193e-10,2.587897e-10,4.563214e-09,4.563214e-11
1.838030e+01,7.725562e-10,1.355542e-08,1.355542e-10,2.606401e-10,4.609167e-09,4.609167e-11
1.838244e+01,7.748936e-10,1.361749e-08,1.361749e-10,2.614083e-10,4.643400e-09,4.643400e-11
1.838457e+01,7.777567e-10,1.368078e-08,1.368078e-10,2.628552e-10,4.669422e-09,4.669422e-11
1.838671e+01,7.809414e-10,1.374860e-08,1.374860e-10,2.643172e-10,4.686495e-09,4.686495e-11
1.838885e+01,7.838646e-10,1.382281e-08,1.382281e-10,2.645342e-10,4.691108e-09,4.691108e-11
1.839098e+01,7.881967e-10,1.390648e-08,1.390648e-10,2.650348e-10,4.692478e-09,4.692478e-11
1.839312e+01,7.951970e-10,1.399693e-08,1.399693e-10,2.676703e-10,4.696850e-09,4.696850e-11
1.839526e+01,8.024444e-10,1.409058e-08,1.409058e-10,2.705863e-10,4.703438e-09,4.703438e-11
1.839739e+01,8.068827e-10,1.417520e-08,1.417520e-10,2.709148e-10,4.696632e-09,4.696632e-11
1.839953e+01,8.099754e-10,1.425020e-08,1.425020e-10,2.701195e-10,4.687461e-09,4.687461e-11
1.840167e+01,8.154414e-10,1.431835e-08,1.431835e-10,2.718370e-10,4.684825e-09,4.684825e-11
1.840380e+01,8.226573e-10,1.438173e-08,1.438173e-10,2.751710e-10,4.696510e-09,4.696510e-11
1.840594e+01,8.274787e-10,1.442942e-08,1.442942e-10,2.758378e-10,4.693193e-09,4.693193e-11
1.840808e+01,8.298463e-10,1.445819e-08,1.445819e-10,2.741560e-10,4.679565e-09,4.679565e-11
1.841021e+01,8.343350e-10,1.447550e-08,1.447550e-10,2.751772e-10,4.672825e-09,4.672825e-11
1.841235e+01,8.416142e-10,1.448701e-08,1.448701e-10,2.795620e-10,4.683878e-09,4.683878e-11
1.841449e+01,8.463026e-10,1.449190e-08,1.449190e-10,2.815835e-10,4.687873e-09,4.687873e-11
1.841662e+01,8.458747e-10,1.448004e-08,1.448004e-10,2.788496e-10,4.652266e-09,4.652266e-11
1.841876e+01,8.452402e-10,1.446400e-08,1.446400e-10,2.768748e-10,4.628306e-09,4.628306e-11
1.842090e+01,8.483372e-10,1.444409e-08,1.444409e-10,2.795474e-10,4.612596e-09,4.612596e-11
1.842303e+01,8.509190e-10,1.442715e-08,1.442715e-10,2.817720e-10,4.618628e-09,4.618628e-11
1.842517e+01,8.474160e-10,1.439353e-08,1.439353e-10,2.778412e-10,4.556312e-09,4.556312e-11
1.842731e+01,8.403342e-10,1.435600e-08,1.435600e-10,2.715013e-10,4.501217e-09,4.501217e-11
1.842944e+01,8.359375e-10,1.431791e-08,1.431791e-10,2.698859e-10,4.466578e-09,4.466578e-11
1.843158e+01,8.334063e-10,1.428722e-08,1.428722e-10,2.712037e-10,4.476756e-09,4.476756e-11
1.843372e+01,8.266016e-10,1.425296e-08,1.425296e-10,2.677880e-10,4.447360e-09,4.447360e-11
1.843585e+01,8.155159e-10,1.421660e-08,1.421660e-10,2.597668e-10,4.379051e-09,4.379051e-11
1.843799e+01,8.069168e-10,1.419566e-08,1.419566e-10,2.553781e-10,4.364859e-09,4.364859e-11
1.844013e+01,8.028810e-10,1.418411e-08,1.418411e-10,2.569514e-10,4.385675e-09,4.385675e-11
1.844226e+01,7.973212e-10,1.417802e-08,1.417802e-10,2.567690e-10,4.423158e-09,4.423158e-11
1.844440e+01,7.867185e-10,1.415827e-08,1.415827e-10,2.501976e-10,4.371250e-09,4.371250e-11
1.844654e+01,7.763240e-10,1.415157e-08,1.415157e-10,2.436162e-10,4.358336e-09,4.358336e-11
1.844867e+01,7.711135e-10,1.414817e-08,1.414817e-10,2.434415e-10,4.373405e-09,4.373405e-11
1.845081e+01,7.674225e-10,1.414189e-08,1.414189e-10,2.452517e-10,4.422876e-09,4.422876e-11
1.845295e+01,7.598296e-10,1.410315e-08,1.410315e-10,2.417073e-10,4.400414e-09,4.400414e-11
1.845508e+01,7.511866e-10,1.404796e-08,1.404796e-10,2.352885e-10,4.356371e-09,4.356371e-11
1.845722e+01,7.478332e-10,1.398815e-08,1.398815e-10,2.339105e-10,4.350843e-09,4.350843e-11
1.845936e+01,7.482875e-10,1.391787e-08,1.391787e-10,2.373379e-10,4.367068e-09,4.367068e-11
1.846149e+01,7.456091e-10,1.382346e-08,1.382346e-10,2.378594e-10,4.363493e-09,4.363493e-11
1.846363e+01,7.396646e-10,1.370628e-08,1.370628e-10,2.337092e-10,4.301042e-09,4.301042e-11
1.846577e+01,7.379869e-10,1.360205e-08,1.360205e-10,2.319418e-10,4.272319e-09,4.272319e-11
1.846791e+01,7.434761e-10,1.351174e-08,1.351174e-10,2.362386e-10,4.262617e-09,4.262617e-11
1.847004e+01,7.498769e-10,1.343252e-08,1.343252e-10,2.409581e-10,4.268596e-09,4.268596e-11
1.847218e+01,7.525027e-10,1.334713e-08,1.334713e-10,2.410688e-10,4.225088e-09,4.225088e-11
1.847432e+01,7.559256e-10,1.328843e-08,1.328843e-10,2.404314e-10,4.193969e-09,4.193969e-11
1.847645e+01,7.657569e-10,1.326999e-08,1.326999e-10,2.446601e-10,4.191543e-09,4.191543e-11
1.847859e+01,7.785406e-10,1.329380e-08,1.329380e-10,2.513274e-10,4.220025e-09,4.220025e-11
1.848073e+01,7.868382e-10,1.333584e-08,1.333584e-10,2.542594e-10,4.234753e-09,4.234753e-11
1.848286e+01,7.907535e-10,1.339642e-08,1.339642e-10,2.539078e-10,4.243478e-09,4.243478e-11
1.848500e+01,7.967745e-10,1.349310e-08,1.349310e-10,2.559003e-10,4.281951e-09,4.281951e-11
1.848714e+01,8.067229e-10,1.363033e-08,1.363033e-10,2.612635e-10,4.350900e-09,4.350900e-11
1.848927e+01,8.155698e-10,1.380264e-08,1.380264e-10,2.653051e-10,4.435390e-09,4.435390e-11
1.849141e+01,8.205154e-10,1.399476e-08,1.399476e-10,2.660413e-10,4.511626e-09,4.511626e-11
1.849355e+01,8.253973e-10,1.421284e-08,1.421284e-10,2.673111e-10,4.606914e-09,4.606914e-11
1.849568e+01,8.340917e-10,1.445454e-08,1.445454e-10,2.719005e-10,4.721477e-09,4.721477e-11
1.849782e+01,8.446937e-10,1.471908e-08,1.471908e-10,2.770823e-10,4.856325e-09,4.856325e-11
1.849996e+01,8.534526e-10,1.498855e-08,1.498855e-10,2.797426e-10,4.984869e-09,4.984869e-11
1.850209e+01,8.606718e-10,1.525649e-08,1.525649e-10,2.814389e-10,5.119246e-09,5.119246e-11
1.850423e+01,8.688699e-10,1.551608e-08,1.551608e-10,2.850358e-10,5.258457e-09,5.258457e-11
1.850637e+01,8.774999e-10,1.576452e-08,1.576452e-10,2.894550e-10,5.405621e-09,5.405621e-11
1.850850e+01,8.838096e-10,1.599605e-08,1.599605e-10,2.916564e-10,5.545706e-09,5.545706e-11
1.851064e+01,8.876788e-10,1.620219e-08,1.620219e-10,2.920038e-10,5.678189e-09,5.678189e-11
1.851278e+01,8.912080e-10,1.637873e-08,1.637873e-10,2.933450e-10,5.808562e-09,5.808562e-11
1.851491e+01,8.943422e-10,1.651926e-08,1.651926e-10,2.958086e-10,5.932238e-09,5.932238e-11
1.851705e+01,8.947943e-10,1.662663e-08,1.662663e-10,2.967226e-10,6.046299e-09,6.046299e-11
1.851919e+01,8.923765e-10,1.670565e-08,1.670565e-10,2.953725e-10,6.142530e-09,6.142530e-11
1.852132e+01,8.901291e-10,1.676339e-08,1.676339e-10,2.943080e-10,6.231632e-09,6.231632e-11
1.852346e+01,8.902523e-10,1.680006e-08,1.680006e-10,2.953556e-10,6.310590e-09,6.310590e-11
1.852560e+01,8.912846e-10,1.681412e-08,1.681412e-10,2.968736e-10,6.378358e-09,6.378358e-11
1.852773e+01,8.905948e-10,1.680342e-08,1.680342e-10,2.964993e-10,6.426595e-09,6.426595e-11
1.852987e+01,8.884986e-10,1.677097e-08,1.677097e-10,2.948888e-10,6.457511e-09,6.457511e-11
1.853201e+01,8.877886e-10,1.672473e-08,1.672473e-10,2.945057e-10,6.477800e-09,6.477800e-11
1.853414e+01,8.896504e-10,1.666716e-08,1.666716e-10,2.958740e-10,6.484874e-09,6.484874e-11
1.853628e+01,8.922503e-10,1.659793e-08,1.659793e-10,2.970524e-10,6.477223e-09,6.477223e-11
1.853842e+01,8.932214e-10,1.651370e-08,1.651370e-10,2.964904e-10,6.448125e-09,6.448125e-11
1.854055e+01,8.921163e-10,1.641412e-08,1.641412e-10,2.949777e-10,6.401784e-09,6.401784e-11
1.854269e+01,8.901491e-10,1.630420e-08,1.630420e-10,2.941087e-10,6.341916e-09,6.341916e-11
1.854483e+01,8.884640e-10,1.619101e-08,1.619101e-10,2.939519e-10,6.268846e-09,6.268846e-11
1.854696e+01,8.868143e-10,1.608248e-08,1.608248e-10,2.930781e-10,6.183740e-09,6.183740e-11
1.854910e+01,8.841217e-10,1.598211e-08,1.598211e-10,2.905380e-10,6.083331e-09,6.083331e-11
1.855124e+01,8.805505e-10,1.589224e-08,1.589224e-10,2.874847e-10,5.976306e-09,5.976306e-11
1.855337e+01,8.777270e-10,1.581771e-08,1.581771e-10,2.859050e-10,5.869025e-09,5.869025e-11
1.855551e+01,8.766264e-10,1.576004e-08,1.576004e-10,2.856833e-10,5.763999e-09,5.763999e-11
1.855765e+01,8.763715e-10,1.571821e-08,1.571821e-10,2.846269e-10,5.658594e-09,5.658594e-11
1.855979e+01,8.756941e-10,1.569083e-08,1.569083e-10,2.817420e-10,5.546628e-09,5.546628e-11
1.856192e+01,8.748366e-10,1.567705e-08,1.567705e-10,2.788920e-10,5.441070e-09,5.441070e-11
1.856406e+01,8.750996e-10,1.567327e-08,1.567327e-10,2.782626e-10,5.343819e-09,5.343819e-11
1.856620e+01,8.765663e-10,1.567768e-08,1.567768e-10,2.788760e-10,5.258617e-09,5.258617e-11
1.856833e+01,8.772710e-10,1.568318e-08,1.568318e-10,2.776230e-10,5.171030e-09,5.171030e-11
1.857047e+01,8.758027e-10,1.568139e-08,1.568139e-10,2.740882e-10,5.078004e-09,5.078004e-11
1.857261e+01,8.732680e-10,1.567049e-08,1.567049e-10,2.713644e-10,4.995779e-09,4.995779e-11
1.857474e+01,8.710098e-10,1.564883e-08,1.564883e-10,2.711426e-10,4.922128e-09,4.922128e-11
1.857688e+01,8.682908e-10,1.561640e-08,1.561640e-10,2.709088e-10,4.858810e-09,4.858810e-11
1.857902e+01,8.642112e-10,1.556737e-08,1.556737e-10,2.679470e-10,4.779083e-09,4.779083e-11
1.858115e+01,8.600297e-10,1.550122e-08,1.550122e-10,2.640185e-10,4.700445e-09,4.700445e-11
1.858329e+01,8.570403e-10,1.541464e-08,1.541464e-10,2.625879e-10,4.630216e-09,4.630216e-11
1.858543e+01,8.537066e-10,1.530415e-08,1.530415e-10,2.628792e-10,4.568063e-09,4.568063e-11
1.858756e+01,8.474173e-10,1.516887e-08,1.516887e-10,2.608935e-10,4.499033e-09,4.499033e-11
1.858970e+01,8.387672e-10,1.501164e-08,1.501164e-10,2.558163e-10,4.410031e-09,4.410031e-11
1.859184e+01,8.315601e-10,1.484068e-08,1.484068e-10,2.516448e-10,4.331170e-09,4.331170e-11
1.859397e+01,8.271848e-10,1.465887e-08,1.465887e-10,2.510962e-10,4.259806e-09,4.259806e-11
1.859611e+01,8.217799e-10,1.446897e-08,1.446897e-10,2.510873e-10,4.200537e-09,4.200537e-11
1.859825e+01,8.116882e-10,1.426678e-08,1.426678e-10,2.476206e-10,4.121929e-09,4.121929e-11
1.860038e+01,7.992119e-10,1.406043e-08,1.406043e-10,2.422868e-10,4.043901e-09,4.043901e-11
1.860252e+01,7.890455e-10,1.385833e-08,1.385833e-10,2.394409e-10,3.979444e-09,3.979444e-11
1.860466e+01,7.813294e-10,1.366887e-08,1.366887e-10,2.392431e-10,3.930616e-09,3.930616e-11
1.860679e+01,7.728108e-10,1.349060e-08,1.349060e-10,2.379969e-10,3.884248e-09,3.884248e-11
1.860893e+01,7.630927e-10,1.332585e-08,1.332585e-10,2.345503e-10,3.827685e-09,3.827685e-11
1.861107e+01,7.553820e-10,1.318241e-08,1.318241e-10,2.321309e-10,3.789866e-09,3.789866e-11
1.861320e+01,7.510670e-10,1.305914e-08,1.305914e-10,2.326594e-10,3.766609e-09,3.766609e-11
1.861534e+01,7.472864e-10,1.295623e-08,1.295623e-10,2.334853e-10,3.757693e-09,3.757693e-11
1.861748e+01,7.413570e-10,1.286885e-08,1.286885e-10,2.320151e-10,3.741062e-09,3.741062e-11
1.861961e+01,7.349319e-10,1.279710e-08,1.279710e-10,2.299530e-10,3.734434e-09,3.734434e-11
1.862175e+01,7.312060e-10,1.274121e-08,1.274121e-10,2.303559e-10,3.742489e-09,3.742489e-11
1.862389e+01,7.298291e-10,1.270705e-08,1.270705e-10,2.325750e-10,3.767009e-09,3.767009e-11
1.862602e+01,7.284385e-10,1.268793e-08,1.268793e-10,2.336626e-10,3.791709e-09,3.791709e-11
1.862816e+01,7.274261e-10,1.268487e-08,1.268487e-10,2.337659e-10,3.817879e-09,3.817879e-11
1.863030e+01,7.288930e-10,1.269927e-08,1.269927e-10,2.355710e-10,3.859846e-09,3.859846e-11
1.863243e+01,7.324025e-10,1.273124e-08,1.273124e-10,2.392569e-10,3.916424e-09,3.916424e-11
1.863457e+01,7.359335e-10,1.278345e-08,1.278345e-10,2.424680e-10,3.982266e-09,3.982266e-11
1.863671e+01,7.401265e-10,1.285844e-08,1.285844e-10,2.447453e-10,4.052644e-09,4.052644e-11
1.863884e+01,7.473607e-10,1.295968e-08,1.295968e-10,2.482705e-10,4.139171e-09,4.139171e-11
1.864098e+01,7.569134e-10,1.308198e-08,1.308198e-10,2.536270e-10,4.241444e-09,4.241444e-11
1.864312e+01,7.648780e-10,1.322224e-08,1.322224e-10,2.581735e-10,4.353759e-09,4.353759e-11
1.864526e+01,7.700846e-10,1.337992e-08,1.337992e-10,2.606588e-10,4.466568e-09,4.466568e-11
1.864739e+01,7.767759e-10,1.356424e-08,1.356424e-10,2.638819e-10,4.592236e-09,4.592236e-11
1.864953e+01,7.885705e-10,1.377431e-08,1.377431e-10,2.700407e-10,4.729156e-09,4.729156e-11
1.865167e+01,8.027358e-10,1.400730e-08,1.400730e-10,2.768683e-10,4.874659e-09,4.874659e-11
1.865380e+01,8.141946e-10,1.425226e-08,1.425226e-10,2.812752e-10,5.013319e-09,5.013319e-11
1.865594e+01,8.227854e-10,1.450477e-08,1.450477e-10,2.844141e-10,5.153157e-09,5.153157e-11
1.865808e+01,8.320252e-10,1.476142e-08,1.476142e-10,2.893879e-10,5.295701e-09,5.295701e-11
1.866021e+01,8.425694e-10,1.501736e-08,1.501736e-10,2.954190e-10,5.440184e-09,5.440184e-11
1.866235e+01,8.517519e-10,1.526618e-08,1.526618e-10,2.992033e-10,5.569473e-09,5.569473e-11
1.866449e+01,8.587224e-10,1.550413e-08,1.550413e-10,3.009515e-10,5.685666e-09,5.685666e-11
1.866662e+01,8.657814e-10,1.573008e-08,1.573008e-10,3.041052e-10,5.797164e-09,5.797164e-11
1.866876e+01,8.742705e-10,1.593997e-08,1.593997e-10,3.094286e-10,5.901066e-09,5.901066e-11
1.867090e+01,8.825497e-10,1.612886e-08,1.612886e-10,3.136132e-10,5.988653e-09,5.988653e-11
1.867303e+01,8.892222e-10,1.629195e-08,1.629195e-10,3.149281e-10,6.047248e-09,6.047248e-11
1.867517e+01,8.954234e-10,1.643003e-08,1.643003e-10,3.162666e-10,6.093339e-09,6.093339e-11
1.867731e+01,9.017942e-10,1.653757e-08,1.653757e-10,3.197659e-10,6.123568e-09,6.123568e-11
1.867944e+01,9.062473e-10,1.661147e-08,1.661147e-10,3.226951e-10,6.137206e-09,6.137206e-11
1.868158e+01,9.074998e-10,1.664814e-08,1.664814e-10,3.221574e-10,6.117623e-09,6.117623e-11
1.868372e+01,9.076485e-10,1.665206e-08,1.665206e-10,3.199764e-10,6.078600e-09,6.078600e-11
1.868585e+01,9.082792e-10,1.662699e-08,1.662699e-10,3.193073e-10,6.025729e-09,6.025729e-11
1.868799e+01,9.071558e-10,1.657303e-08,1.657303e-10,3.191111e-10,5.962327e-09,5.962327e-11
1.869013e+01,9.023368e-10,1.648841e-08,1.648841e-10,3.163318e-10,5.879187e-09,5.879187e-11
1.869226e+01,8.965084e-10,1.638166e-08,1.638166e-10,3.118202e-10,5.780769e-09,5.780769e-11
1.869440e+01,8.933725e-10,1.625958e-08,1.625958e-10,3.090928e-10,5.680569e-09,5.680569e-11
1.869654e+01,8.916396e-10,1.612632e-08,1.612632e-10,3.082223e-10,5.580298e-09,5.580298e-11
1.869867e+01,8.864068e-10,1.597954e-08,1.597954e-10,3.057719e-10,5.477485e-09,5.477485e-11
1.870081e+01,8.762006e-10,1.581423e-08,1.581423e-10,3.007181e-10,5.368285e-09,5.368285e-11
1.870295e+01,8.646227e-10,1.563836e-08,1.563836e-10,2.960794e-10,5.266801e-09,5.266801e-11
1.870508e+01,8.546131e-10,1.546785e-08,1.546785e-10,2.936100e-10,5.177509e-09,5.177509e-11
1.870722e+01,8.451925e-10,1.531320e-08,1.531320e-10,2.911299e-10,5.101339e-09,5.101339e-11
1.870936e+01,8.353926e-10,1.517635e-08,1.517635e-10,2.872342e-10,5.032247e-09,5.032247e-11
1.871149e+01,8.270888e-10,1.505838e-08,1.505838e-10,2.841637e-10,4.981039e-09,4.981039e-11
1.871363e+01,8.211846e-10,1.495530e-08,1.495530e-10,2.833572e-10,4.947650e-09,4.947650e-11
1.871577e+01,8.153040e-10,1.487113e-08,1.487113e-10,2.824732e-10,4.929762e-09,4.929762e-11
1.871790e+01,8.078940e-10,1.480579e-08,1.480579e-10,2.795553e-10,4.915161e-09,4.915161e-11
1.872004e+01,8.010401e-10,1.476110e-08,1.476110e-10,2.766541e-10,4.912082e-09,4.912082e-11
1.872218e+01,7.963165e-10,1.472927e-08,1.472927e-10,2.759510e-10,4.918348e-09,4.918348e-11
1.872431e+01,7.910398e-10,1.470603e-08,1.470603e-10,2.752732e-10,4.932446e-09,4.932446e-11
1.872645e+01,7.826032e-10,1.468949e-08,1.468949e-10,2.718338e-10,4.935390e-09,4.935390e-11
1.872859e+01,7.738473e-10,1.468999e-08,1.468999e-10,2.677387e-10,4.941368e-09,4.941368e-11
1.873072e+01,7.696960e-10,1.471275e-08,1.471275e-10,2.668894e-10,4.955452e-09,4.955452e-11
1.873286e+01,7.696716e-10,1.475649e-08,1.475649e-10,2.682165e-10,4.982322e-09,4.982322e-11
1.873500e+01,7.689135e-10,1.481260e-08,1.481260e-10,2.673478e-10,5.000824e-09,5.000824e-11
1.873714e+01,7.665284e-10,1.487847e-08,1.487847e-10,2.644121e-10,5.014788e-09,5.014788e-11
1.873927e+01,7.668863e-10,1.496193e-08,1.496193e-10,2.640902e-10,5.043716e-09,5.043716e-11
1.874141e+01,7.718249e-10,1.506048e-08,1.506048e-10,2.673278e-10,5.087305e-09,5.087305e-11
1.874355e+01,7.773351e-10,1.516880e-08,1.516880e-10,2.694074e-10,5.134710e-09,5.134710e-11
1.874568e+01,7.801017e-10,1.527622e-08,1.527622e-10,2.680429e-10,5.162410e-09,5.162410e-11
1.874782e+01,7.822427e-10,1.538376e-08,1.538376e-10,2.673251e-10,5.203721e-09,5.203721e-11
1.874996e+01,7.865541e-10,1.548712e-08,1.548712e-10,2.705631e-10,5.253076e-09,5.253076e-11
1.875209e+01,7.912614e-10,1.558473e-08,1.558473e-10,2.743831e-10,5.313051e-09,5.313051e-11
1.875423e+01,7.931789e-10,1.566749e-08,1.566749e-10,2.743408e-10,5.345167e-09,5.345167e-11
1.875637e+01,7.933033e-10,1.573925e-08,1.573925e-10,2.724259e-10,5.371926e-09,5.371926e-11
1.875850e+01,7.947953e-10,1.580472e-08,1.580472e-10,2.734480e-10,5.404071e-09,5.404071e-11
1.876064e+01,7.970392e-10,1.586765e-08,1.586765e-10,2.766482e-10,5.441578e-09,5.441578e-11
1.876278e+01,7.967431e-10,1.592846e-08,1.592846e-10,2.770739e-10,5.466766e-09,5.466766e-11
1.876491e+01,7.942418e-10,1.598862e-08,1.598862e-10,2.740742e-10,5.472217e-09,5.472217e-11
1.876705e+01,7.934501e-10,1.605374e-08,1.605374e-10,2.722075e-10,5.484082e-09,5.484082e-11
1.876919e+01,7.954932e-10,1.612424e-08,1.612424e-10,2.735026e-10,5.498385e-09,5.498385e-11
1.877132e+01,7.973240e-10,1.619891e-08,1.619891e-10,2.746030e-10,5.514020e-09,5.514020e-11
1.877346e+01,7.972056e-10,1.627215e-08,1.627215e-10,2.728907e-10,5.513492e-09,5.513492e-11
1.877560e+01,7.971617e-10,1.634210e-08,1.634210e-10,2.704724e-10,5.511126e-09,5.511126e-11
1.877773e+01,7.987711e-10,1.640380e-08,1.640380e-10,2.700001e-10,5.509210e-09,5.509210e-11
1.877987e+01,8.003261e-10,1.645319e-08,1.645319e-10,2.704718e-10,5.507080e-09,5.507080e-11
1.878201e+01,7.996900e-10,1.648495e-08,1.648495e-10,2.695913e-10,5.497395e-09,5.497395e-11
1.878414e+01,7.972719e-10,1.649735e-08,1.649735e-10,2.674511e-10,5.479981e-09,5.479981e-11
1.878628e+01,7.943977e-10,1.649044e-08,1.649044e-10,2.654096e-10,5.457472e-09,5.457472e-11
1.878842e+01,7.908473e-10,1.646718e-08,1.646718e-10,2.634593e-10,5.429259e-09,5.429259e-11
1.879055e+01,7.862891e-10,1.643168e-08,1.643168e-10,2.611040e-10,5.395606e-09,5.395606e-11
1.879269e+01,7.821116e-10,1.638737e-08,1.638737e-10,2.589230e-10,5.358053e-09,5.358053e-11
1.879483e+01,7.798183e-10,1.633499e-08,1.633499e-10,2.572911e-10,5.316028e-09,5.316028e-11
1.879696e+01,7.790724e-10,1.627553e-08,1.627553e-10,2.553862e-10,5.266038e-09,5.266038e-11
1.879910e+01,7.790389e-10,1.621293e-08,1.621293e-10,2.531319e-10,5.210850e-09,5.210850e-11
1.880124e+01,7.800575e-10,1.615128e-08,1.615128e-10,2.520167e-10,5.157834e-09,5.157834e-11
1.880337e+01,7.821716e-10,1.609141e-08,1.609141e-10,2.522419e-10,5.109853e-09,5.109853e-11
1.880551e+01,7.842328e-10,1.603263e-08,1.603263e-10,2.516581e-10,5.059778e-09,5.059778e-11
1.880765e+01,7.860060e-10,1.597560e-08,1.597560e-10,2.494913e-10,5.002126e-09,5.002126e-11
1.880978e+01,7.892934e-10,1.592640e-08,1.592640e-10,2.484614e-10,4.951343e-09,4.951343e-11
1.881192e+01,7.947823e-10,1.589134e-08,1.589134e-10,2.504792e-10,4.914070e-09,4.914070e-11
1.881406e+01,7.995177e-10,1.587210e-08,1.587210e-10,2.527350e-10,4.889834e-09,4.889834e-11
1.881619e+01,8.008840e-10,1.586404e-08,1.586404e-10,2.519145e-10,4.853808e-09,4.853808e-11
1.881833e+01,8.012604e-10,1.587376e-08,1.587376e-10,2.500279e-10,4.820625e-09,4.820625e-11
1.882047e+01,8.050364e-10,1.591595e-08,1.591595e-10,2.513351e-10,4.801245e-09,4.801245e-11
1.882261e+01,8.122185e-10,1.600289e-08,1.600289e-10,2.551329e-10,4.807244e-09,4.807244e-11
1.882474e+01,8.195266e-10,1.612864e-08,1.612864e-10,2.571962e-10,4.813781e-09,4.813781e-11
1.882688e+01,8.266557e-10,1.628809e-08,1.628809e-10,2.574210e-10,4.821309e-09,4.821309e-11
1.882902e+01,8.358564e-10,1.647367e-08,1.647367e-10,2.596934e-10,4.842145e-09,4.842145e-11
1.883115e+01,8.463058e-10,1.667628e-08,1.667628e-10,2.643301e-10,4.878678e-09,4.878678e-11
1.883329e+01,8.544233e-10,1.688715e-08,1.688715e-10,2.670726e-10,4.919970e-09,4.919970e-11
1.883543e+01,8.601534e-10,1.710537e-08,1.710537e-10,2.666897e-10,4.951387e-09,4.951387e-11
1.883756e+01,8.676309e-10,1.733017e-08,1.733017e-10,2.674660e-10,4.994531e-09,4.994531e-11
1.883970e+01,8.782792e-10,1.755800e-08,1.755800e-10,2.718336e-10,5.046002e-09,5.046002e-11
1.884184e+01,8.881246e-10,1.778528e-08,1.778528e-10,2.761079e-10,5.110085e-09,5.110085e-11
1.884397e+01,8.941272e-10,1.798724e-08,1.798724e-10,2.769500e-10,5.154088e-09,5.154088e-11
1.884611e+01,8.989083e-10,1.814804e-08,1.814804e-10,2.771384e-10,5.195648e-09,5.195648e-11
1.884825e+01,9.055241e-10,1.826266e-08,1.826266e-10,2.801988e-10,5.226314e-09,5.226314e-11
1.885038e+01,9.119289e-10,1.835070e-08,1.835070e-10,2.837362e-10,5.259175e-09,5.259175e-11
1.885252e+01,9.156017e-10,1.841749e-08,1.841749e-10,2.840752e-10,5.269964e-09,5.269964e-11
1.885466e+01,9.194146e-10,1.847458e-08,1.847458e-10,2.836726e-10,5.287356e-09,5.287356e-11
1.885679e+01,9.263421e-10,1.850481e-08,1.850481e-10,2.867247e-10,5.308518e-09,5.308518e-11
1.885893e+01,9.316723e-10,1.847696e-08,1.847696e-10,2.903745e-10,5.320735e-09,5.320735e-11
1.886107e+01,9.284492e-10,1.836834e-08,1.836834e-10,2.885511e-10,5.284403e-09,5.284403e-11
1.886320e+01,9.188048e-10,1.820633e-08,1.820633e-10,2.828284e-10,5.222996e-09,5.222996e-11
1.886534e+01,9.117229e-10,1.803449e-08,1.803449e-10,2.807004e-10,5.182549e-09,5.182549e-11
1.886748e+01,9.094922e-10,1.786272e-08,1.786272e-10,2.831502e-10,5.159027e-09,5.159027e-11
1.886961e+01,9.048213e-10,1.768269e-08,1.768269e-10,2.829387e-10,5.122073e-09,5.122073e-11
1.887175e+01,8.932068e-10,1.746853e-08,1.746853e-10,2.770257e-10,5.032423e-09,5.032423e-11
1.887389e+01,8.795414e-10,1.722149e-08,1.722149e-10,2.716793e-10,4.957793e-09,4.957793e-11
1.887602e+01,8.684248e-10,1.694028e-08,1.694028e-10,2.711918e-10,4.892398e-09,4.892398e-11
1.887816e+01,8.559450e-10,1.665039e-08,1.665039e-10,2.700083e-10,4.845490e-09,4.845490e-11
1.888030e+01,8.378971e-10,1.635910e-08,1.635910e-10,2.626455e-10,4.733536e-09,4.733536e-11
1.888243e+01,8.194223e-10,1.610562e-08,1.610562e-10,2.541997e-10,4.639673e-09,4.639673e-11
1.888457e+01,8.082514e-10,1.590507e-08,1.590507e-10,2.524753e-10,4.591548e-09,4.591548e-11
1.888671e+01,8.024071e-10,1.572999e-08,1.572999e-10,2.547240e-10,4.592207e-09,4.592207e-11
1.888884e+01,7.930112e-10,1.552542e-08,1.552542e-10,2.519231e-10,4.537424e-09,4.537424e-11
1.889098e+01,7.779141e-10,1.528377e-08,1.528377e-10,2.436574e-10,4.423274e-09,4.423274e-11
1.889312e+01,7.640887e-10,1.505699e-08,1.505699e-10,2.384301e-10,4.348272e-09,4.348272e-11
1.889525e+01,7.562198e-10,1.488685e-08,1.488685e-10,2.393978e-10,4.322509e-09,4.322509e-11
1.889739e+01,7.506768e-10,1.478759e-08,1.478759e-10,2.397805e-10,4.328438e-09,4.328438e-11
1.889953e+01,7.433878e-10,1.471514e-08,1.471514e-10,2.348283e-10,4.270403e-09,4.270403e-11
1.890166e+01,7.363995e-10,1.463909e-08,1.463909e-10,2.293458e-10,4.223485e-09,4.223485e-11
1.890380e+01,7.318861e-10,1.453196e-08,1.453196e-10,2.285583e-10,4.180776e-09,4.180776e-11
1.890594e+01,7.265865e-10,1.440626e-08,1.440626e-10,2.291597e-10,4.166894e-09,4.166894e-11
1.890807e+01,7.178565e-10,1.429016e-08,1.429016e-10,2.257627e-10,4.120892e-09,4.120892e-11
1.891021e+01,7.101637e-10,1.422249e-08,1.422249e-10,2.206299e-10,4.075386e-09,4.075386e-11
1.891235e+01,7.091884e-10,1.420779e-08,1.420779e-10,2.197922e-10,4.061747e-09,4.061747e-11
1.891449e+01,7.126272e-10,1.421935e-08,1.421935e-10,2.228442e-10,4.072631e-09,4.072631e-11
1.891662e+01,7.129387e-10,1.421260e-08,1.421260e-10,2.237688e-10,4.079532e-09,4.079532e-11
1.891876e+01,7.073507e-10,1.416229e-08,1.416229e-10,2.204431e-10,4.050306e-09,4.050306e-11
1.892090e+01,7.004291e-10,1.409757e-08,1.409757e-10,2.169623e-10,4.027028e-09,4.027028e-11
1.892303e+01,6.969870e-10,1.405779e-08,1.405779e-10,2.164628e-10,4.013922e-09,4.013922e-11
1.892517e+01,6.968686e-10,1.406500e-08,1.406500e-10,2.172073e-10,4.024544e-09,4.024544e-11
1.892731e+01,6.977550e-10,1.410522e-08,1.410522e-10,2.168621e-10,4.040300e-09,4.040300e-11
1.892944e+01,6.989457e-10,1.414583e-08,1.414583e-10,2.160782e-10,4.057975e-09,4.057975e-11
1.893158e+01,7.005225e-10,1.415520e-08,1.415520e-10,2.162213e-10,4.065142e-09,4.065142e-11
1.893372e+01,7.017223e-10,1.413512e-08,1.413512e-10,2.168375e-10,4.061641e-09,4.061641e-11
1.893585e+01,7.023374e-10,1.411061e-08,1.411061e-10,2.170844e-10,4.059908e-09,4.059908e-11
1.893799e+01,7.033623e-10,1.410211e-08,1.410211e-10,2.172012e-10,4.066141e-09,4.066141e-11
1.894013e+01,7.049520e-10,1.411019e-08,1.411019e-10,2.173641e-10,4.078527e-09,4.078527e-11
1.894226e+01,7.059652e-10,1.412029e-08,1.412029e-10,2.171862e-10,4.088443e-09,4.088443e-11
1.894440e+01,7.059297e-10,1.411755e-08,1.411755e-10,2.168971e-10,4.092884e-09,4.092884e-11
1.894654e+01,7.055846e-10,1.409507e-08,1.409507e-10,2.171231e-10,4.094050e-09,4.094050e-11
1.894867e+01,7.052587e-10,1.405670e-08,1.405670e-10,2.172832e-10,4.091218e-09,4.091218e-11
1.895081e+01,7.046090e-10,1.401106e-08,1.401106e-10,2.162873e-10,4.078521e-09,4.078521e-11
1.895295e+01,7.041072e-10,1.396529e-08,1.396529e-10,2.149641e-10,4.060375e-09,4.060375e-11
1.895508e+01,7.049483e-10,1.392324e-08,1.392324e-10,2.152986e-10,4.043879e-09,4.043879e-11
1.895722e+01,7.068974e-10,1.388303e-08,1.388303e-10,2.168553e-10,4.035020e-09,4.035020e-11
1.895936e+01,7.080713e-10,1.383699e-08,1.383699e-10,2.169799e-10,4.016855e-09,4.016855e-11
1.896149e+01,7.079503e-10,1.378221e-08,1.378221e-10,2.153818e-10,3.987733e-09,3.987733e-11
1.896363e+01,7.083971e-10,1.372382e-08,1.372382e-10,2.149389e-10,3.958600e-09,3.958600e-11
1.896577e+01,7.105244e-10,1.367336e-08,1.367336e-10,2.166996e-10,3.937372e-09,3.937372e-11
1.896790e+01,7.130717e-10,1.363568e-08,1.363568e-10,2.179553e-10,3.919373e-09,3.919373e-11
1.897004e+01,7.153545e-10,1.361222e-08,1.361222e-10,2.171858e-10,3.891423e-09,3.891423e-11
1.897218e+01,7.186371e-10,1.360503e-08,1.360503e-10,2.168943e-10,3.874005e-09,3.874005e-11
1.897431e+01,7.230259e-10,1.361713e-08,1.361713e-10,2.189570e-10,3.865668e-09,3.865668e-11
1.897645e+01,7.265337e-10,1.366036e-08,1.366036e-10,2.210208e-10,3.874450e-09,3.874450e-11
1.897859e+01,7.289022e-10,1.374135e-08,1.374135e-10,2.207162e-10,3.878639e-09,3.878639e-11
1.898072e+01,7.332214e-10,1.386839e-08,1.386839e-10,2.202108e-10,3.901773e-09,3.901773e-11
1.898286e+01,7.411180e-10,1.403582e-08,1.403582e-10,2.225433e-10,3.944546e-09,3.944546e-11
1.898500e+01,7.493622e-10,1.424069e-08,1.424069e-10,2.260597e-10,4.011171e-09,4.011171e-11
1.898713e+01,7.548326e-10,1.447913e-08,1.447913e-10,2.273010e-10,4.079383e-09,4.079383e-11
1.898927e+01,7.604630e-10,1.476542e-08,1.476542e-10,2.275845e-10,4.162757e-09,4.162757e-11
1.899141e+01,7.713716e-10,1.510308e-08,1.510308e-10,2.310982e-10,4.273587e-09,4.273587e-11
1.899354e+01,7.860042e-10,1.548238e-08,1.548238e-10,2.371586e-10,4.405723e-09,4.405723e-11
1.899568e+01,7.975514e-10,1.587805e-08,1.587805e-10,2.407949e-10,4.534058e-09,4.534058e-11
1.899782e+01,8.040488e-10,1.626964e-08,1.626964e-10,2.411924e-10,4.647943e-09,4.647943e-11
1.899996e+01,8.105019e-10,1.665713e-08,1.665713e-10,2.428602e-10,4.769048e-09,4.769048e-11
1.900209e+01,8.201321e-10,1.703592e-08,1.703592e-10,2.474004e-10,4.890753e-09,4.890753e-11
1.900423e+01,8.298072e-10,1.740083e-08,1.740083e-10,2.507113e-10,5.004887e-09,5.004887e-11
1.900637e+01,8.365169e-10,1.773816e-08,1.773816e-10,2.506130e-10,5.089059e-09,5.089059e-11
1.900850e+01,8.423983e-10,1.804453e-08,1.804453e-10,2.510292e-10,5.174198e-09,5.174198e-11
1.901064e+01,8.499492e-10,1.830557e-08,1.830557e-10,2.550202e-10,5.253900e-09,5.253900e-11
1.901278e+01,8.566322e-10,1.851297e-08,1.851297e-10,2.589647e-10,5.327206e-09,5.327206e-11
1.901491e+01,8.589771e-10,1.865273e-08,1.865273e-10,2.586820e-10,5.357043e-09,5.357043e-11
1.901705e+01,8.592594e-10,1.873262e-08,1.873262e-10,2.570895e-10,5.371664e-09,5.371664e-11
1.901919e+01,8.620596e-10,1.876065e-08,1.876065e-10,2.594574e-10,5.381010e-09,5.381010e-11
1.902132e+01,8.662570e-10,1.873717e-08,1.873717e-10,2.641904e-10,5.389819e-09,5.389819e-11
1.902346e+01,8.668868e-10,1.865652e-08,1.865652e-10,2.654489e-10,5.366607e-09,5.366607e-11
1.902560e+01,8.637577e-10,1.851646e-08,1.851646e-10,2.632015e-10,5.312014e-09,5.312014e-11
1.902773e+01,8.611889e-10,1.832338e-08,1.832338e-10,2.628990e-10,5.254162e-09,5.254162e-11
1.902987e+01,8.595316e-10,1.808219e-08,1.808219e-10,2.654799e-10,5.191490e-09,5.191490e-11
1.903201e+01,8.542153e-10,1.780186e-08,1.780186e-10,2.656629e-10,5.117519e-09,5.117519e-11
1.903414e+01,8.439545e-10,1.748804e-08,1.748804e-10,2.612359e-10,5.007848e-09,5.007848e-11
1.903628e+01,8.338360e-10,1.715575e-08,1.715575e-10,2.569759e-10,4.902435e-09,4.902435e-11
1.903842e+01,8.278617e-10,1.681145e-08,1.681145e-10,2.567014e-10,4.800687e-09,4.800687e-11
1.904055e+01,8.229804e-10,1.646130e-08,1.646130e-10,2.571324e-10,4.708716e-09,4.708716e-11
1.904269e+01,8.141816e-10,1.610245e-08,1.610245e-10,2.537371e-10,4.594596e-09,4.594596e-11
1.904483e+01,8.023809e-10,1.574337e-08,1.574337e-10,2.482946e-10,4.481176e-09,4.481176e-11
1.904696e+01,7.927605e-10,1.539970e-08,1.539970e-10,2.455917e-10,4.383447e-09,4.383447e-11
1.904910e+01,7.871000e-10,1.508430e-08,1.508430e-10,2.457144e-10,4.306722e-09,4.306722e-11
1.905124e+01,7.827742e-10,1.480277e-08,1.480277e-10,2.450058e-10,4.239040e-09,4.239040e-11
1.905337e+01,7.780522e-10,1.455970e-08,1.455970e-10,2.427069e-10,4.177755e-09,4.177755e-11
1.905551e+01,7.736099e-10,1.435711e-08,1.435711e-10,2.414178e-10,4.138626e-09,4.138626e-11
1.905765e+01,7.698085e-10,1.419921e-08,1.419921e-10,2.419137e-10,4.118051e-09,4.118051e-11
1.905978e+01,7.666051e-10,1.409506e-08,1.409506e-10,2.423230e-10,4.114035e-09,4.114035e-11
1.906192e+01,7.654151e-10,1.404863e-08,1.404863e-10,2.421151e-10,4.119698e-09,4.119698e-11
1.906406e+01,7.676531e-10,1.405541e-08,1.405541e-10,2.427670e-10,4.140772e-09,4.140772e-11
1.906619e+01,7.721402e-10,1.410023e-08,1.410023e-10,2.446688e-10,4.173808e-09,4.173808e-11
1.906833e+01,7.764246e-10,1.417152e-08,1.417152e-10,2.465737e-10,4.214555e-09,4.214555e-11
1.907047e+01,7.801921e-10,1.426290e-08,1.426290e-10,2.481010e-10,4.259450e-09,4.259450e-11
1.907260e+01,7.849039e-10,1.436614e-08,1.436614e-10,2.500676e-10,4.308044e-09,4.308044e-11
1.907474e+01,7.899315e-10,1.446834e-08,1.446834e-10,2.520550e-10,4.356371e-09,4.356371e-11
1.907688e+01,7.923135e-10,1.455235e-08,1.455235e-10,2.526241e-10,4.396980e-09,4.396980e-11
1.907901e+01,7.913306e-10,1.460700e-08,1.460700e-10,2.523547e-10,4.430903e-09,4.430903e-11
1.908115e+01,7.899679e-10,1.463870e-08,1.463870e-10,2.533451e-10,4.462354e-09,4.462354e-11
1.908329e+01,7.902579e-10,1.465711e-08,1.465711e-10,2.553193e-10,4.493009e-09,4.493009e-11
1.908542e+01,7.906719e-10,1.466576e-08,1.466576e-10,2.558538e-10,4.511378e-09,4.511378e-11
1.908756e+01,7.896483e-10,1.466356e-08,1.466356e-10,2.549165e-10,4.520426e-09,4.520426e-11
1.908970e+01,7.880916e-10,1.464689e-08,1.464689e-10,2.552400e-10,4.528829e-09,4.528829e-11
1.909184e+01,7.871784e-10,1.461708e-08,1.461708e-10,2.573296e-10,4.538565e-09,4.538565e-11
1.909397e+01,7.865547e-10,1.458137e-08,1.458137e-10,2.581771e-10,4.540832e-09,4.540832e-11
1.909611e+01,7.860231e-10,1.453901e-08,1.453901e-10,2.565250e-10,4.523326e-09,4.523326e-11
1.909825e+01,7.865736e-10,1.448800e-08,1.448800e-10,2.553933e-10,4.508504e-09,4.508504e-11
1.910038e+01,7.879615e-10,1.441818e-08,1.441818e-10,2.569568e-10,4.495173e-09,4.495173e-11
1.910252e+01,7.873413e-10,1.432047e-08,1.432047e-10,2.584378e-10,4.485129e-09,4.485129e-11
1.910466e+01,7.827833e-10,1.418968e-08,1.418968e-10,2.565315e-10,4.451868e-09,4.451868e-11
1.910679e+01,7.767705e-10,1.402721e-08,1.402721e-10,2.532132e-10,4.414956e-09,4.414956e-11
1.910893e+01,7.725876e-10,1.383417e-08,1.383417e-10,2.524925e-10,4.382275e-09,4.382275e-11
1.911107e+01,7.686922e-10,1.361794e-08,1.361794e-10,2.534808e-10,4.356965e-09,4.356965e-11
1.911320e+01,7.613575e-10,1.338337e-08,1.338337e-10,2.521286e-10,4.321802e-09,4.321802e-11
1.911534e+01,7.513963e-10,1.314613e-08,1.314613e-10,2.483951e-10,4.276883e-09,4.276883e-11
1.911748e+01,7.432041e-10,1.292563e-08,1.292563e-10,2.461354e-10,4.243992e-09,4.243992e-11
1.911961e+01,7.382099e-10,1.272904e-08,1.272904e-10,2.464465e-10,4.220225e-09,4.220225e-11
1.912175e+01,7.341215e-10,1.255832e-08,1.255832e-10,2.463796e-10,4.200979e-09,4.200979e-11
1.912389e+01,7.299446e-10,1.241511e-08,1.241511e-10,2.445230e-10,4.173569e-09,4.173569e-11
1.912602e+01,7.277101e-10,1.230298e-08,1.230298e-10,2.432744e-10,4.154473e-09,4.154473e-11
1.912816e+01,7.289659e-10,1.222069e-08,1.222069e-10,2.445200e-10,4.143379e-09,4.143379e-11
1.913030e+01,7.322483e-10,1.216224e-08,1.216224e-10,2.466955e-10,4.137651e-09,4.137651e-11
1.913243e+01,7.351600e-10,1.211313e-08,1.211313e-10,2.477584e-10,4.126256e-09,4.126256e-11
1.913457e+01,7.370535e-10,1.206122e-08,1.206122e-10,2.482790e-10,4.113970e-09,4.113970e-11
1.913671e+01,7.380644e-10,1.199666e-08,1.199666e-10,2.494333e-10,4.102529e-09,4.102529e-11
1.913884e+01,7.375519e-10,1.192343e-08,1.192343e-10,2.503680e-10,4.091170e-09,4.091170e-11
1.914098e+01,7.360588e-10,1.185363e-08,1.185363e-10,2.503060e-10,4.077353e-09,4.077353e-11
1.914312e+01,7.364169e-10,1.180764e-08,1.180764e-10,2.507438e-10,4.068988e-09,4.068988e-11
1.914525e+01,7.399223e-10,1.180430e-08,1.180430e-10,2.526950e-10,4.071705e-09,4.071705e-11
1.914739e+01,7.441142e-10,1.185354e-08,1.185354e-10,2.544181e-10,4.084059e-09,4.084059e-11
1.914953e+01,7.470866e-10,1.195872e-08,1.195872e-10,2.545937e-10,4.100505e-09,4.100505e-11
1.915166e+01,7.509590e-10,1.212786e-08,1.212786e-10,2.550377e-10,4.129280e-09,4.129280e-11
1.915380e+01,7.583002e-10,1.236709e-08,1.236709e-10,2.574357e-10,4.174454e-09,4.174454e-11
1.915594e+01,7.680301e-10,1.267757e-08,1.267757e-10,2.601330e-10,4.235380e-09,4.235380e-11
1.915807e+01,7.774076e-10,1.305094e-08,1.305094e-10,2.611592e-10,4.300565e-09,4.300565e-11
1.916021e+01,7.859974e-10,1.347459e-08,1.347459e-10,2.619206e-10,4.380151e-09,4.380151e-11
1.916235e+01,7.951087e-10,1.393315e-08,1.393315e-10,2.646279e-10,4.474914e-09,4.474914e-11
1.916448e+01,8.043668e-10,1.441133e-08,1.441133e-10,2.679619e-10,4.583116e-09,4.583116e-11
1.916662e+01,8.119667e-10,1.489657e-08,1.489657e-10,2.690735e-10,4.686552e-09,4.686552e-11
1.916876e+01,8.181091e-10,1.538270e-08,1.538270e-10,2.688083e-10,4.791090e-09,4.791090e-11
1.917089e+01,8.249022e-10,1.586465e-08,1.586465e-10,2.706157e-10,4.904153e-09,4.904153e-11
1.917303e+01,8.325127e-10,1.633760e-08,1.633760e-10,2.744821e-10,5.023913e-09,5.023913e-11
1.917517e+01,8.390483e-10,1.679228e-08,1.679228e-10,2.768343e-10,5.134829e-09,5.134829e-11
1.917731e+01,8.446284e-10,1.721847e-08,1.721847e-10,2.769105e-10,5.228332e-09,5.228332e-11
1.917944e+01,8.513462e-10,1.760737e-08,1.760737e-10,2.779895e-10,5.317701e-09,5.317701e-11
1.918158e+01,8.589766e-10,1.795026e-08,1.795026e-10,2.812741e-10,5.399110e-09,5.399110e-11
1.918372e+01,8.649598e-10,1.824073e-08,1.824073e-10,2.836573e-10,5.466550e-09,5.466550e-11
1.918585e+01,8.692626e-10,1.847465e-08,1.847465e-10,2.834429e-10,5.507163e-09,5.507163e-11
1.918799e+01,8.749972e-10,1.865031e-08,1.865031e-10,2.834894e-10,5.536723e-09,5.536723e-11
1.919013e+01,8.827216e-10,1.876278e-08,1.876278e-10,2.859314e-10,5.556310e-09,5.556310e-11
1.919226e+01,8.883302e-10,1.880814e-08,1.880814e-10,2.882195e-10,5.564829e-09,5.564829e-11
1.919440e+01,8.891617e-10,1.878326e-08,1.878326e-10,2.877820e-10,5.550235e-09,5.550235e-11
1.919654e+01,8.885793e-10,1.869712e-08,1.869712e-10,2.868366e-10,5.527193e-09,5.527193e-11
1.919867e+01,8.905585e-10,1.855558e-08,1.855558e-10,2.884737e-10,5.501523e-09,5.501523e-11
1.920081e+01,8.929389e-10,1.836549e-08,1.836549e-10,2.909628e-10,5.475906e-09,5.475906e-11
1.920295e+01,8.912907e-10,1.812667e-08,1.812667e-10,2.909003e-10,5.436336e-09,5.436336e-11
1.920508e+01,8.867317e-10,1.784917e-08,1.784917e-10,2.895880e-10,5.396433e-09,5.396433e-11
1.920722e+01,8.839567e-10,1.754322e-08,1.754322e-10,2.906410e-10,5.365112e-09,5.365112e-11
1.920936e+01,8.832959e-10,1.721883e-08,1.721883e-10,2.931268e-10,5.347660e-09,5.347660e-11
1.921149e+01,8.808175e-10,1.687800e-08,1.687800e-10,2.931201e-10,5.324691e-09,5.324691e-11
1.921363e+01,8.755077e-10,1.652764e-08,1.652764e-10,2.910406e-10,5.305026e-09,5.305026e-11
1.921577e+01,8.705788e-10,1.617764e-08,1.617764e-10,2.911933e-10,5.304871e-09,5.304871e-11
1.921790e+01,8.672777e-10,1.583536e-08,1.583536e-10,2.939334e-10,5.329159e-09,5.329159e-11
1.922004e+01,8.628506e-10,1.550941e-08,1.550941e-10,2.947776e-10,5.359911e-09,5.359911e-11
1.922218e+01,8.564629e-10,1.520244e-08,1.520244e-10,2.926599e-10,5.382685e-09,5.382685e-11
1.922431e+01,8.517502e-10,1.493348e-08,1.493348e-10,2.924286e-10,5.432471e-09,5.432471e-11
1.922645e+01,8.502046e-10,1.470250e-08,1.470250e-10,2.963233e-10,5.502266e-09,5.502266e-11
1.922859e+01,8.470828e-10,1.450616e-08,1.450616e-10,2.992721e-10,5.587640e-09,5.587640e-11
1.923072e+01,8.387011e-10,1.433032e-08,1.433032e-10,2.970736e-10,5.638455e-09,5.638455e-11
1.923286e+01,8.291722e-10,1.418428e-08,1.418428e-10,2.937033e-10,5.694262e-09,5.694262e-11
1.923500e+01,8.240874e-10,1.407106e-08,1.407106e-10,2.946474e-10,5.755128e-09,5.755128e-11
1.923713e+01,8.213917e-10,1.399012e-08,1.399012e-10,2.974410e-10,5.825608e-09,5.825608e-11
1.923927e+01,8.148551e-10,1.392127e-08,1.392127e-10,2.958411e-10,5.859529e-09,5.859529e-11
1.924141e+01,8.042205e-10,1.385498e-08,1.385498e-10,2.905077e-10,5.862614e-09,5.862614e-11
1.924354e+01,7.950974e-10,1.379567e-08,1.379567e-10,2.877426e-10,5.865965e-09,5.865965e-11
1.924568e+01,7.895035e-10,1.373453e-08,1.373453e-10,2.886101e-10,5.862210e-09,5.862210e-11
1.924782e+01,7.829544e-10,1.366649e-08,1.366649e-10,2.871743e-10,5.839698e-09,5.839698e-11
1.924995e+01,7.722855e-10,1.358156e-08,1.358156e-10,2.807093e-10,5.765265e-09,5.765265e-11
1.925209e+01,7.608780e-10,1.348583e-08,1.348583e-10,2.743003e-10,5.687030e-09,5.687030e-11
1.925423e+01,7.528380e-10,1.337982e-08,1.337982e-10,2.722252e-10,5.601276e-09,5.601276e-11
1.925636e+01,7.468166e-10,1.326806e-08,1.326806e-10,2.712075e-10,5.513245e-09,5.513245e-11
1.925850e+01,7.396501e-10,1.313598e-08,1.313598e-10,2.665519e-10,5.385959e-09,5.385959e-11
1.926064e+01,7.323608e-10,1.298347e-08,1.298347e-10,2.600769e-10,5.238505e-09,5.238505e-11
1.926278e+01,7.279298e-10,1.281503e-08,1.281503e-10,2.566544e-10,5.091468e-09,5.091468e-11
1.926491e+01,7.256860e-10,1.263720e-08,1.263720e-10,2.560640e-10,4.946063e-09,4.946063e-11
1.926705e+01,7.227353e-10,1.245725e-08,1.245725e-10,2.539963e-10,4.793570e-09,4.793570e-11
1.926919e+01,7.191583e-10,1.228277e-08,1.228277e-10,2.494503e-10,4.623349e-09,4.623349e-11
1.927132e+01,7.175790e-10,1.212184e-08,1.212184e-10,2.458437e-10,4.464438e-09,4.464438e-11
1.927346e+01,7.180374e-10,1.196858e-08,1.196858e-10,2.448488e-10,4.316231e-09,4.316231e-11
1.927560e+01,7.173203e-10,1.182170e-08,1.182170e-10,2.438329e-10,4.178838e-09,4.178838e-11
1.927773e+01,7.142617e-10,1.168974e-08,1.168974e-10,2.406674e-10,4.040870e-09,4.040870e-11
1.927987e+01,7.120198e-10,1.159509e-08,1.159509e-10,2.371258e-10,3.917460e-09,3.917460e-11
1.928201e+01,7.135789e-10,1.154978e-08,1.154978e-10,2.357821e-10,3.823186e-09,3.823186e-11
1.928414e+01,7.175134e-10,1.155304e-08,1.155304e-10,2.363584e-10,3.758997e-09,3.758997e-11
1.928628e+01,7.201587e-10,1.159108e-08,1.159108e-10,2.367830e-10,3.717640e-09,3.717640e-11
1.928842e+01,7.200386e-10,1.164684e-08,1.164684e-10,2.360116e-10,3.688860e-09,3.688860e-11
1.929055e+01,7.184982e-10,1.171661e-08,1.171661e-10,2.346016e-10,3.674063e-09,3.674063e-11
1.929269e+01,7.173725e-10,1.181089e-08,1.181089e-10,2.336317e-10,3.680258e-09,3.680258e-11
1.929483e+01,7.171499e-10,1.193741e-08,1.193741e-10,2.337650e-10,3.709687e-09,3.709687e-11
1.929696e+01,7.172100e-10,1.209037e-08,1.209037e-10,2.347093e-10,3.756378e-09,3.756378e-11
1.929910e+01,7.171100e-10,1.225999e-08,1.225999e-10,2.353896e-10,3.809859e-09,3.809859e-11
1.930124e+01,7.173273e-10,1.243396e-08,1.243396e-10,2.353617e-10,3.863596e-09,3.863596e-11
1.930337e+01,7.185350e-10,1.259708e-08,1.259708e-10,2.356172e-10,3.919177e-09,3.919177e-11
1.930551e+01,7.203610e-10,1.274363e-08,1.274363e-10,2.370273e-10,3.975541e-09,3.975541e-11
1.930765e+01,7.215949e-10,1.287529e-08,1.287529e-10,2.385840e-10,4.028875e-09,4.028875e-11
1.930978e+01,7.220417e-10,1.299264e-08,1.299264e-10,2.387394e-10,4.067541e-09,4.067541e-11
1.931192e+01,7.236635e-10,1.309969e-08,1.309969e-10,2.384082e-10,4.099368e-09,4.099368e-11
1.931406e+01,7.280313e-10,1.319638e-08,1.319638e-10,2.400253e-10,4.135856e-09,4.135856e-11
1.931619e+01,7.329465e-10,1.327136e-08,1.327136e-10,2.431838e-10,4.172840e-09,4.172840e-11
1.931833e+01,7.344863e-10,1.331004e-08,1.331004e-10,2.447000e-10,4.193613e-09,4.193613e-11
1.932047e+01,7.328533e-10,1.331999e-08,1.331999e-10,2.439565e-10,4.194897e-09,4.194897e-11
1.932260e+01,7.326751e-10,1.332405e-08,1.332405e-10,2.443672e-10,4.202116e-09,4.202116e-11
1.932474e+01,7.363003e-10,1.333606e-08,1.333606e-10,2.479344e-10,4.223034e-09,4.223034e-11
1.932688e+01,7.407162e-10,1.335483e-08,1.335483e-10,2.519503e-10,4.250904e-09,4.250904e-11
1.932901e+01,7.425511e-10,1.336959e-08,1.336959e-10,2.534766e-10,4.264442e-09,4.264442e-11
1.933115e+01,7.425641e-10,1.337795e-08,1.337795e-10,2.538867e-10,4.275598e-09,4.275598e-11
1.933329e+01,7.428776e-10,1.338602e-08,1.338602e-10,2.557685e-10,4.294618e-09,4.294618e-11
1.933542e+01,7.429479e-10,1.341348e-08,1.341348e-10,2.581428e-10,4.328922e-09,4.328922e-11
1.933756e+01,7.416916e-10,1.346399e-08,1.346399e-10,2.585170e-10,4.357780e-09,4.357780e-11
1.933970e+01,7.413822e-10,1.354084e-08,1.354084e-10,2.579142e-10,4.381852e-09,4.381852e-11
1.934183e+01,7.452163e-10,1.364699e-08,1.364699e-10,2.595885e-10,4.409616e-09,4.409616e-11
1.934397e+01,7.513872e-10,1.378365e-08,1.378365e-10,2.630364e-10,4.451083e-09,4.451083e-11
1.934611e+01,7.545628e-10,1.393511e-08,1.393511e-10,2.642728e-10,4.488374e-09,4.488374e-11
1.934824e+01,7.537695e-10,1.408887e-08,1.408887e-10,2.626205e-10,4.513450e-09,4.513450e-11
1.935038e+01,7.537439e-10,1.424810e-08,1.424810e-10,2.618918e-10,4.535997e-09,4.535997e-11
1.935252e+01,7.573102e-10,1.441610e-08,1.441610e-10,2.636859e-10,4.563430e-09,4.563430e-11
1.935466e+01,7.613831e-10,1.459521e-08,1.459521e-10,2.647354e-10,4.597449e-09,4.597449e-11
1.935679e+01,7.630004e-10,1.477006e-08,1.477006e-10,2.630567e-10,4.618181e-09,4.618181e-11
1.935893e+01,7.642433e-10,1.492951e-08,1.492951e-10,2.617649e-10,4.645236e-09,4.645236e-11
1.936107e+01,7.678124e-10,1.505316e-08,1.505316e-10,2.634643e-10,4.662507e-09,4.662507e-11
1.936320e+01,7.717631e-10,1.514350e-08,1.514350e-10,2.652514e-10,4.680715e-09,4.680715e-11
1.936534e+01,7.730843e-10,1.520073e-08,1.520073e-10,2.637901e-10,4.668507e-09,4.668507e-11
1.936748e+01,7.738444e-10,1.523056e-08,1.523056e-10,2.617269e-10,4.657474e-09,4.657474e-11
1.936961e+01,7.780702e-10,1.522647e-08,1.522647e-10,2.635664e-10,4.647890e-09,4.647890e-11
1.937175e+01,7.841076e-10,1.517749e-08,1.517749e-10,2.675292e-10,4.636494e-09,4.636494e-11
1.937389e+01,7.859461e-10,1.507604e-08,1.507604e-10,2.676512e-10,4.592858e-09,4.592858e-11
1.937602e+01,7.822994e-10,1.492199e-08,1.492199e-10,2.635105e-10,4.513845e-09,4.513845e-11
1.937816e+01,7.784594e-10,1.473205e-08,1.473205e-10,2.610638e-10,4.450564e-09,4.450564e-11
1.938030e+01,7.776326e-10,1.450552e-08,1.450552e-10,2.626274e-10,4.388028e-09,4.388028e-11
1.938243e+01,7.764122e-10,1.424631e-08,1.424631e-10,2.630503e-10,4.321883e-09,4.321883e-11
1.938457e+01,7.714257e-10,1.395427e-08,1.395427e-10,2.585460e-10,4.198501e-09,4.198501e-11
1.938671e+01,7.655252e-10,1.365355e-08,1.365355e-10,2.532452e-10,4.088518e-09,4.088518e-11
1.938884e+01,7.628202e-10,1.334938e-08,1.334938e-10,2.523295e-10,3.999448e-09,3.999448e-11
1.939098e+01,7.613143e-10,1.304085e-08,1.304085e-10,2.532707e-10,3.931976e-09,3.931976e-11
1.939312e+01,7.562233e-10,1.272526e-08,1.272526e-10,2.501245e-10,3.832412e-09,3.832412e-11
1.939525e+01,7.483177e-10,1.242016e-08,1.242016e-10,2.436196e-10,3.710054e-09,3.710054e-11
1.939739e+01,7.429937e-10,1.215147e-08,1.215147e-10,2.400951e-10,3.630450e-09,3.630450e-11
1.939953e+01,7.413611e-10,1.192017e-08,1.192017e-10,2.412009e-10,3.580626e-09,3.580626e-11
1.940166e+01,7.384709e-10,1.171904e-08,1.171904e-10,2.414590e-10,3.546813e-09,3.546813e-11
1.940380e+01,7.313072e-10,1.153631e-08,1.153631e-10,2.372921e-10,3.469830e-09,3.469830e-11
1.940594e+01,7.231614e-10,1.139179e-08,1.139179e-10,2.325114e-10,3.416969e-09,3.416969e-11
1.940807e+01,7.178764e-10,1.129289e-08,1.129289e-10,2.317298e-10,3.399302e-09,3.399302e-11
1.941021e+01,7.139572e-10,1.124102e-08,1.124102e-10,2.330156e-10,3.416246e-09,3.416246e-11
1.941235e+01,7.082652e-10,1.122288e-08,1.122288e-10,2.316336e-10,3.422287e-09,3.422287e-11
1.941448e+01,7.022951e-10,1.124040e-08,1.124040e-10,2.279051e-10,3.418591e-09,3.418591e-11
1.941662e+01,7.001590e-10,1.130062e-08,1.130062e-10,2.263436e-10,3.448715e-09,3.448715e-11
1.941876e+01,7.016395e-10,1.139436e-08,1.139436e-10,2.281628e-10,3.504611e-09,3.504611e-11
1.942089e+01,7.022822e-10,1.150299e-08,1.150299e-10,2.296133e-10,3.573236e-09,3.573236e-11
1.942303e+01,7.006032e-10,1.161230e-08,1.161230e-10,2.282913e-10,3.622570e-09,3.622570e-11
1.942517e+01,7.001995e-10,1.173001e-08,1.173001e-10,2.265947e-10,3.676893e-09,3.676893e-11
1.942730e+01,7.037591e-10,1.185830e-08,1.185830e-10,2.274254e-10,3.746854e-09,3.746854e-11
1.942944e+01,7.087759e-10,1.199341e-08,1.199341e-10,2.297702e-10,3.829954e-09,3.829954e-11
1.943158e+01,7.113060e-10,1.212044e-08,1.212044e-10,2.307048e-10,3.908803e-09,3.908803e-11
1.943371e+01,7.113431e-10,1.223597e-08,1.223597e-10,2.298143e-10,3.977213e-09,3.977213e-11
1.943585e+01,7.121109e-10,1.235283e-08,1.235283e-10,2.292744e-10,4.048788e-09,4.048788e-11
1.943799e+01,7.153908e-10,1.248723e-08,1.248723e-10,2.303627e-10,4.128884e-09,4.128884e-11
1.944013e+01,7.197832e-10,1.264466e-08,1.264466e-10,2.320379e-10,4.214674e-09,4.214674e-11
1.944226e+01,7.237506e-10,1.281959e-08,1.281959e-10,2.330684e-10,4.296926e-09,4.296926e-11
1.944440e+01,7.278254e-10,1.300676e-08,1.300676e-10,2.337165e-10,4.374325e-09,4.374325e-11
1.944654e+01,7.331471e-10,1.320603e-08,1.320603e-10,2.348708e-10,4.450835e-09,4.450835e-11
1.944867e+01,7.397471e-10,1.341916e-08,1.341916e-10,2.367983e-10,4.528020e-09,4.528020e-11
1.945081e+01,7.470295e-10,1.364079e-08,1.364079e-10,2.391984e-10,4.602991e-09,4.602991e-11
1.945295e+01,7.546028e-10,1.386031e-08,1.386031e-10,2.416207e-10,4.670921e-09,4.670921e-11
1.945508e+01,7.618277e-10,1.406520e-08,1.406520e-10,2.435514e-10,4.728335e-09,4.728335e-11
1.945722e+01,7.677882e-10,1.424682e-08,1.424682e-10,2.448324e-10,4.775478e-09,4.775478e-11
1.945936e+01,7.719833e-10,1.439976e-08,1.439976e-10,2.459042e-10,4.813767e-09,4.813767e-11
1.946149e+01,7.745195e-10,1.451956e-08,1.451956e-10,2.470876e-10,4.842532e-09,4.842532e-11
1.946363e+01,7.755641e-10,1.460457e-08,1.460457e-10,2.479122e-10,4.859202e-09,4.859202e-11
1.946577e+01,7.750840e-10,1.465791e-08,1.465791e-10,2.477567e-10,4.861928e-09,4.861928e-11
1.946790e+01,7.735313e-10,1.468712e-08,1.468712e-10,2.470337e-10,4.853850e-09,4.853850e-11
1.947004e+01,7.720782e-10,1.470007e-08,1.470007e-10,2.469104e-10,4.839523e-09,4.839523e-11
1.947218e+01,7.715489e-10,1.469903e-08,1.469903e-10,2.476264e-10,4.819074e-09,4.819074e-11
1.947431e+01,7.715200e-10,1.468153e-08,1.468153e-10,2.480481e-10,4.789185e-09,4.789185e-11
1.947645e+01,7.713995e-10,1.464679e-08,1.464679e-10,2.475122e-10,4.747842e-09,4.747842e-11
1.947859e+01,7.717168e-10,1.459924e-08,1.459924e-10,2.470422e-10,4.701034e-09,4.701034e-11
1.948072e+01,7.733904e-10,1.454523e-08,1.454523e-10,2.478112e-10,4.653365e-09,4.653365e-11
1.948286e+01,7.764841e-10,1.448684e-08,1.448684e-10,2.493375e-10,4.605142e-09,4.605142e-11
1.948500e+01,7.801125e-10,1.442106e-08,1.442106e-10,2.503533e-10,4.552795e-09,4.552795e-11
1.948713e+01,7.829167e-10,1.434195e-08,1.434195e-10,2.506407e-10,4.496516e-09,4.496516e-11
1.948927e+01,7.834670e-10,1.424226e-08,1.424226e-10,2.507795e-10,4.438882e-09,4.438882e-11
1.949141e+01,7.812681e-10,1.412379e-08,1.412379e-10,2.508437e-10,4.381136e-09,4.381136e-11
1.949354e+01,7.776726e-10,1.400020e-08,1.400020e-10,2.504761e-10,4.325456e-09,4.325456e-11
1.949568e+01,7.752527e-10,1.388970e-08,1.388970e-10,2.500183e-10,4.276033e-09,4.276033e-11
1.949782e+01,7.755600e-10,1.380911e-08,1.380911e-10,2.504465e-10,4.240045e-09,4.240045e-11
1.949995e+01,7.772184e-10,1.376693e-08,1.376693e-10,2.518373e-10,4.220960e-09,4.220960e-11
1.950209e+01,7.775001e-10,1.375782e-08,1.375782e-10,2.530825e-10,4.215828e-09,4.215828e-11
1.950423e+01,7.760919e-10,1.377401e-08,1.377401e-10,2.536338e-10,4.220456e-09,4.220456e-11
1.950636e+01,7.755792e-10,1.381709e-08,1.381709e-10,2.543217e-10,4.236401e-09,4.236401e-11
1.950850e+01,7.776048e-10,1.390066e-08,1.390066e-10,2.558263e-10,4.268963e-09,4.268963e-11
1.951064e+01,7.809971e-10,1.403628e-08,1.403628e-10,2.577055e-10,4.319112e-09,4.319112e-11
1.951277e+01,7.845763e-10,1.422127e-08,1.422127e-10,2.596891e-10,4.385663e-09,4.385663e-11
1.951491e+01,7.890461e-10,1.444464e-08,1.444464e-10,2.624656e-10,4.467987e-09,4.467987e-11
1.951705e+01,7.950659e-10,1.468247e-08,1.468247e-10,2.660973e-10,4.559413e-09,4.559413e-11
1.951918e+01,8.012652e-10,1.490842e-08,1.490842e-10,2.690703e-10,4.646086e-09,4.646086e-11
1.952132e+01,8.057993e-10,1.511562e-08,1.511562e-10,2.704833e-10,4.721187e-09,4.721187e-11
1.952346e+01,8.090488e-10,1.531724e-08,1.531724e-10,2.717426e-10,4.796721e-09,4.796721e-11
1.952559e+01,8.130878e-10,1.552215e-08,1.552215e-10,2.744272e-10,4.876543e-09,4.876543e-11
1.952773e+01,8.186807e-10,1.573308e-08,1.573308e-10,2.776638e-10,4.959603e-09,4.959603e-11
1.952987e+01,8.244653e-10,1.593519e-08,1.593519e-10,2.794931e-10,5.029441e-09,5.029441e-11
1.953201e+01,8.294490e-10,1.609869e-08,1.609869e-10,2.802453e-10,5.083462e-09,5.083462e-11
1.953414e+01,8.338201e-10,1.620151e-08,1.620151e-10,2.818615e-10,5.120635e-09,5.120635e-11
1.953628e+01,8.371315e-10,1.624830e-08,1.624830e-10,2.840925e-10,5.144291e-09,5.144291e-11
1.953842e+01,8.387414e-10,1.626486e-08,1.626486e-10,2.846936e-10,5.155100e-09,5.155100e-11
1.954055e+01,8.402070e-10,1.627201e-08,1.627201e-10,2.836118e-10,5.152345e-09,5.152345e-11
1.954269e+01,8.441322e-10,1.627626e-08,1.627626e-10,2.837327e-10,5.154038e-09,5.154038e-11
1.954483e+01,8.496721e-10,1.626094e-08,1.626094e-10,2.861578e-10,5.155884e-09,5.155884e-11
1.954696e+01,8.521930e-10,1.619421e-08,1.619421e-10,2.876256e-10,5.148364e-09,5.148364e-11
1.954910e+01,8.489730e-10,1.605931e-08,1.605931e-10,2.852375e-10,5.106353e-09,5.106353e-11
1.955124e+01,8.432128e-10,1.588575e-08,1.588575e-10,2.813107e-10,5.053435e-09,5.053435e-11
1.955337e+01,8.402276e-10,1.571754e-08,1.571754e-10,2.799974e-10,5.011460e-09,5.011460e-11
1.955551e+01,8.408453e-10,1.558091e-08,1.558091e-10,2.810748e-10,4.987255e-09,4.987255e-11
1.955765e+01,8.416588e-10,1.547549e-08,1.547549e-10,2.810017e-10,4.970118e-09,4.970118e-11
1.955978e+01,8.406254e-10,1.537538e-08,1.537538e-10,2.788003e-10,4.948112e-09,4.948112e-11
1.956192e+01,8.386102e-10,1.524369e-08,1.524369e-10,2.768753e-10,4.923598e-09,4.923598e-11
1.956406e+01,8.360908e-10,1.507054e-08,1.507054e-10,2.761874e-10,4.890730e-09,4.890730e-11
1.956619e+01,8.325080e-10,1.489085e-08,1.489085e-10,2.748194e-10,4.858186e-09,4.858186e-11
1.956833e+01,8.289276e-10,1.474685e-08,1.474685e-10,2.721087e-10,4.828890e-09,4.828890e-11
1.957047e+01,8.276396e-10,1.465730e-08,1.465730e-10,2.702559e-10,4.816934e-09,4.816934e-11
1.957260e+01,8.287870e-10,1.461311e-08,1.461311e-10,2.707204e-10,4.821050e-09,4.821050e-11
1.957474e+01,8.297816e-10,1.457631e-08,1.457631e-10,2.718044e-10,4.828137e-09,4.828137e-11
1.957688e+01,8.285828e-10,1.450405e-08,1.450405e-10,2.713420e-10,4.816893e-09,4.816893e-11
1.957901e+01,8.259526e-10,1.440077e-08,1.440077e-10,2.700474e-10,4.791123e-09,4.791123e-11
1.958115e+01,8.236285e-10,1.430765e-08,1.430765e-10,2.698016e-10,4.770036e-09,4.770036e-11
1.958329e+01,8.220962e-10,1.425999e-08,1.425999e-10,2.703930e-10,4.761518e-09,4.761518e-11
1.958542e+01,8.219751e-10,1.426517e-08,1.426517e-10,2.710271e-10,4.763934e-09,4.763934e-11
1.958756e+01,8.250479e-10,1.430454e-08,1.430454e-10,2.725774e-10,4.776609e-09,4.776609e-11
1.958970e+01,8.304819e-10,1.433652e-08,1.433652e-10,2.752194e-10,4.788703e-09,4.788703e-11
1.959183e+01,8.331087e-10,1.432493e-08,1.432493e-10,2.765402e-10,4.785558e-09,4.785558e-11
1.959397e+01,8.299544e-10,1.427273e-08,1.427273e-10,2.751057e-10,4.765371e-09,4.765371e-11
1.959611e+01,8.256270e-10,1.422885e-08,1.422885e-10,2.737034e-10,4.751164e-09,4.751164e-11
1.959824e+01,8.266052e-10,1.422522e-08,1.422522e-10,2.754314e-10,4.754303e-09,4.754303e-11
1.960038e+01,8.326937e-10,1.426323e-08,1.426323e-10,2.786387e-10,4.774474e-09,4.774474e-11
1.960252e+01,8.383592e-10,1.431724e-08,1.431724e-10,2.799177e-10,4.786082e-09,4.786082e-11
1.960465e+01,8.404070e-10,1.434727e-08,1.434727e-10,2.798470e-10,4.796415e-09,4.796415e-11
1.960679e+01,8.404989e-10,1.433259e-08,1.433259e-10,2.814511e-10,4.803931e-09,4.803931e-11
1.960893e+01,8.409145e-10,1.430668e-08,1.430668e-10,2.843704e-10,4.825525e-09,4.825525e-11
1.961106e+01,8.419310e-10,1.430348e-08,1.430348e-10,2.851327e-10,4.841466e-09,4.841466e-11
1.961320e+01,8.442977e-10,1.433430e-08,1.433430e-10,2.838672e-10,4.852457e-09,4.852457e-11
1.961534e+01,8.496648e-10,1.439229e-08,1.439229e-10,2.851420e-10,4.883450e-09,4.883450e-11
1.961748e+01,8.560811e-10,1.444624e-08,1.444624e-10,2.895306e-10,4.922996e-09,4.922996e-11
1.961961e+01,8.580948e-10,1.447364e-08,1.447364e-10,2.911691e-10,4.950319e-09,4.950319e-11
1.962175e+01,8.549962e-10,1.447328e-08,1.447328e-10,2.873676e-10,4.922599e-09,4.922599e-11
1.962389e+01,8.532755e-10,1.448069e-08,1.448069e-10,2.837068e-10,4.903632e-09,4.903632e-11
1.962602e+01,8.567923e-10,1.451346e-08,1.451346e-10,2.851105e-10,4.898674e-09,4.898674e-11
1.962816e+01,8.606999e-10,1.457077e-08,1.457077e-10,2.877341e-10,4.923814e-09,4.923814e-11
1.963030e+01,8.598531e-10,1.463159e-08,1.463159e-10,2.858283e-10,4.916150e-09,4.916150e-11
1.963243e+01,8.577107e-10,1.470428e-08,1.470428e-10,2.820420e-10,4.912486e-09,4.912486e-11
1.963457e+01,8.608161e-10,1.478720e-08,1.478720e-10,2.829926e-10,4.936366e-09,4.936366e-11
1.963671e+01,8.680133e-10,1.488346e-08,1.488346e-10,2.878160e-10,4.989512e-09,4.989512e-11
1.963884e+01,8.721851e-10,1.498575e-08,1.498575e-10,2.894968e-10,5.036414e-09,5.036414e-11
1.964098e+01,8.717895e-10,1.508745e-08,1.508745e-10,2.866699e-10,5.055808e-09,5.055808e-11
1.964312e+01,8.730319e-10,1.519883e-08,1.519883e-10,2.859035e-10,5.100467e-09,5.100467e-11
1.964525e+01,8.787340e-10,1.531556e-08,1.531556e-10,2.900188e-10,5.154207e-09,5.154207e-11
1.964739e+01,8.832588e-10,1.542232e-08,1.542232e-10,2.927909e-10,5.203652e-09,5.203652e-11
1.964953e+01,8.824403e-10,1.550070e-08,1.550070e-10,2.899510e-10,5.196003e-09,5.196003e-11
1.965166e+01,8.803290e-10,1.556952e-08,1.556952e-10,2.864719e-10,5.188873e-09,5.188873e-11
1.965380e+01,8.810935e-10,1.563137e-08,1.563137e-10,2.873757e-10,5.183929e-09,5.183929e-11
1.965594e+01,8.818206e-10,1.569541e-08,1.569541e-10,2.892002e-10,5.193164e-09,5.193164e-11
1.965807e+01,8.789759e-10,1.574818e-08,1.574818e-10,2.867460e-10,5.173886e-09,5.173886e-11
1.966021e+01,8.757815e-10,1.580263e-08,1.580263e-10,2.826475e-10,5.158497e-09,5.158497e-11
1.966235e+01,8.769441e-10,1.586471e-08,1.586471e-10,2.827477e-10,5.164623e-09,5.164623e-11
1.966448e+01,8.803563e-10,1.593758e-08,1.593758e-10,2.857051e-10,5.194649e-09,5.194649e-11
1.966662e+01,8.806503e-10,1.601246e-08,1.601246e-10,2.856877e-10,5.214302e-09,5.214302e-11
1.966876e+01,8.788901e-10,1.609126e-08,1.609126e-10,2.830370e-10,5.225889e-09,5.225889e-11
1.967089e+01,8.813651e-10,1.618428e-08,1.618428e-10,2.837432e-10,5.257930e-09,5.257930e-11
1.967303e+01,8.883918e-10,1.628743e-08,1.628743e-10,2.886540e-10,5.306772e-09,5.306772e-11
1.967517e+01,8.926936e-10,1.639337e-08,1.639337e-10,2.915114e-10,5.354592e-09,5.354592e-11
1.967730e+01,8.912975e-10,1.649132e-08,1.649132e-10,2.899005e-10,5.376243e-09,5.376243e-11
1.967944e+01,8.904458e-10,1.659732e-08,1.659732e-10,2.895582e-10,5.413895e-09,5.413895e-11
1.968158e+01,8.949529e-10,1.670931e-08,1.670931e-10,2.938491e-10,5.460827e-09,5.460827e-11
1.968371e+01,9.006306e-10,1.682657e-08,1.682657e-10,2.977247e-10,5.514716e-09,5.514716e-11
1.968585e+01,9.022258e-10,1.693400e-08,1.693400e-10,2.968143e-10,5.531866e-09,5.531866e-11
1.968799e+01,9.021680e-10,1.703809e-08,1.703809e-10,2.949094e-10,5.553084e-09,5.553084e-11
1.969012e+01,9.059246e-10,1.714005e-08,1.714005e-10,2.971477e-10,5.578465e-09,5.578465e-11
1.969226e+01,9.132349e-10,1.724060e-08,1.724060e-10,3.011325e-10,5.614264e-09,5.614264e-11
1.969440e+01,9.194720e-10,1.733130e-08,1.733130e-10,3.013621e-10,5.618177e-09,5.618177e-11
1.969653e+01,9.234449e-10,1.741027e-08,1.741027e-10,2.989232e-10,5.608350e-09,5.608350e-11
1.969867e+01,9.278581e-10,1.747663e-08,1.747663e-10,2.990780e-10,5.605463e-09,5.605463e-11
1.970081e+01,9.328017e-10,1.752500e-08,1.752500e-10,3.016604e-10,5.606883e-09,5.606883e-11
1.970294e+01,9.349828e-10,1.755018e-08,1.755018e-10,3.015012e-10,5.595365e-09,5.595365e-11
1.970508e+01,9.337581e-10,1.754665e-08,1.754665e-10,2.975489e-10,5.556917e-09,5.556917e-11
1.970722e+01,9.321928e-10,1.751871e-08,1.751871e-10,2.945631e-10,5.524397e-09,5.524397e-11
1.970936e+01,9.311195e-10,1.746366e-08,1.746366e-10,2.946268e-10,5.491621e-09,5.491621e-11
1.971149e+01,9.278513e-10,1.738192e-08,1.738192e-10,2.938880e-10,5.456881e-09,5.456881e-11
1.971363e+01,9.217731e-10,1.727482e-08,1.727482e-10,2.898987e-10,5.397677e-09,5.397677e-11
1.971577e+01,9.159098e-10,1.714848e-08,1.714848e-10,2.855786e-10,5.335578e-09,5.335578e-11
1.971790e+01,9.118941e-10,1.700537e-08,1.700537e-10,2.836068e-10,5.272277e-09,5.272277e-11
1.972004e+01,9.075103e-10,1.684874e-08,1.684874e-10,2.821775e-10,5.207379e-09,5.207379e-11
1.972218e+01,9.008042e-10,1.668186e-08,1.668186e-10,2.787762e-10,5.131969e-09,5.131969e-11
1.972431e+01,8.932256e-10,1.651224e-08,1.651224e-10,2.744105e-10,5.051256e-09,5.051256e-11
1.972645e+01,8.868091e-10,1.634618e-08,1.634618e-10,2.711786e-10,4.974360e-09,4.974360e-11
1.972859e+01,8.810734e-10,1.618559e-08,1.618559e-10,2.686159e-10,4.900698e-09,4.900698e-11
1.973072e+01,8.748435e-10,1.603079e-08,1.603079e-10,2.656075e-10,4.828758e-09,4.828758e-11
1.973286e+01,8.687954e-10,1.588313e-08,1.588313e-10,2.629553e-10,4.762213e-09,4.762213e-11
1.973500e+01,8.635176e-10,1.574518e-08,1.574518e-10,2.611656e-10,4.703955e-09,4.703955e-11
1.973713e+01,8.577331e-10,1.561905e-08,1.561905e-10,2.588250e-10,4.650037e-09,4.650037e-11
1.973927e+01,8.512096e-10,1.550645e-08,1.550645e-10,2.556452e-10,4.601450e-09,4.601450e-11
1.974141e+01,8.462464e-10,1.541067e-08,1.541067e-10,2.539388e-10,4.564336e-09,4.564336e-11
1.974354e+01,8.437440e-10,1.533374e-08,1.533374e-10,2.543736e-10,4.544089e-09,4.544089e-11
1.974568e+01,8.413826e-10,1.527524e-08,1.527524e-10,2.538701e-10,4.526880e-09,4.526880e-11
1.974782e+01,8.384633e-10,1.523414e-08,1.523414e-10,2.512268e-10,4.502111e-09,4.502111e-11
1.974995e+01,8.384576e-10,1.521748e-08,1.521748e-10,2.504436e-10,4.496061e-09,4.496061e-11
1.975209e+01,8.432785e-10,1.522696e-08,1.522696e-10,2.541260e-10,4.510024e-09,4.510024e-11
1.975423e+01,8.489426e-10,1.526399e-08,1.526399e-10,2.581144e-10,4.546008e-09,4.546008e-11
1.975636e+01,8.513956e-10,1.531729e-08,1.531729e-10,2.579705e-10,4.548118e-09,4.548118e-11
1.975850e+01,8.535504e-10,1.539433e-08,1.539433e-10,2.570669e-10,4.567170e-09,4.567170e-11
1.976064e+01,8.607513e-10,1.549558e-08,1.549558e-10,2.613845e-10,4.609210e-09,4.609210e-11
1.976277e+01,8.712908e-10,1.562546e-08,1.562546e-10,2.687223e-10,4.691422e-09,4.691422e-11
1.976491e+01,8.786693e-10,1.577059e-08,1.577059e-10,2.716948e-10,4.740415e-09,4.740415e-11
1.976705e+01,8.826277e-10,1.593312e-08,1.593312e-10,2.704853e-10,4.769186e-09,4.769186e-11
1.976918e+01,8.896907e-10,1.612361e-08,1.612361e-10,2.728598e-10,4.836415e-09,4.836415e-11
1.977132e+01,9.019829e-10,1.634467e-08,1.634467e-10,2.807026e-10,4.941028e-09,4.941028e-11
1.977346e+01,9.140238e-10,1.658723e-08,1.658723e-10,2.865859e-10,5.052038e-09,5.052038e-11
1.977559e+01,9.229638e-10,1.683696e-08,1.683696e-10,2.868444e-10,5.100619e-09,5.100619e-11
1.977773e+01,9.334764e-10,1.711210e-08,1.711210e-10,2.881976e-10,5.191022e-09,5.191022e-11
1.977987e+01,9.482477e-10,1.740797e-08,1.740797e-10,2.957304e-10,5.310564e-09,5.310564e-11
1.978200e+01,9.616900e-10,1.772464e-08,1.772464e-10,3.034687e-10,5.465526e-09,5.465526e-11
1.978414e+01,9.691628e-10,1.804012e-08,1.804012e-10,3.046769e-10,5.554917e-09,5.554917e-11
1.978628e+01,9.758572e-10,1.837722e-08,1.837722e-10,3.038965e-10,5.654499e-09,5.654499e-11
1.978841e+01,9.886068e-10,1.873751e-08,1.873751e-10,3.092312e-10,5.784515e-09,5.784515e-11
1.979055e+01,1.003820e-09,1.911746e-08,1.911746e-10,3.181121e-10,5.947965e-09,5.947965e-11
1.979269e+01,1.013153e-09,1.948844e-08,1.948844e-10,3.216999e-10,6.073160e-09,6.073160e-11
1.979483e+01,1.017564e-09,1.985102e-08,1.985102e-10,3.203116e-10,6.166327e-09,6.166327e-11
1.979696e+01,1.025122e-09,2.021467e-08,2.021467e-10,3.224924e-10,6.284307e-09,6.284307e-11
1.979910e+01,1.036406e-09,2.057231e-08,2.057231e-10,3.294859e-10,6.416677e-09,6.416677e-11
1.980124e+01,1.043526e-09,2.090443e-08,2.090443e-10,3.330718e-10,6.534778e-09,6.534778e-11
1.980337e+01,1.044633e-09,2.119222e-08,2.119222e-10,3.305435e-10,6.595324e-09,6.595324e-11
1.980551e+01,1.047586e-09,2.145497e-08,2.145497e-10,3.296821e-10,6.670003e-09,6.670003e-11
1.980765e+01,1.055809e-09,2.168256e-08,2.168256e-10,3.346706e-10,6.746572e-09,6.746572e-11
1.980978e+01,1.061013e-09,2.186217e-08,2.186217e-10,3.381611e-10,6.821137e-09,6.821137e-11
1.981192e+01,1.056294e-09,2.196606e-08,2.196606e-10,3.340125e-10,6.828288e-09,6.828288e-11
1.981406e+01,1.047651e-09,2.201866e-08,2.201866e-10,3.282472e-10,6.831572e-09,6.831572e-11
1.981619e+01,1.043950e-09,2.202892e-08,2.202892e-10,3.286564e-10,6.835945e-09,6.835945e-11
1.981833e+01,1.042766e-09,2.200165e-08,2.200165e-10,3.314797e-10,6.851399e-09,6.851399e-11
1.982047e+01,1.035805e-09,2.191696e-08,2.191696e-10,3.284934e-10,6.811686e-09,6.811686e-11
1.982260e+01,1.023437e-09,2.177939e-08,2.177939e-10,3.215922e-10,6.747310e-09,6.747310e-11
1.982474e+01,1.013188e-09,2.159979e-08,2.159979e-10,3.190894e-10,6.688280e-09,6.688280e-11
1.982688e+01,1.006232e-09,2.138304e-08,2.138304e-10,3.207237e-10,6.639878e-09,6.639878e-11
1.982901e+01,9.965166e-10,2.112977e-08,2.112977e-10,3.183253e-10,6.562551e-09,6.562551e-11
1.983115e+01,9.829536e-10,2.083923e-08,2.083923e-10,3.106985e-10,6.438490e-09,6.438490e-11
1.983329e+01,9.721346e-10,2.053493e-08,2.053493e-10,3.059532e-10,6.333592e-09,6.333592e-11
1.983542e+01,9.665496e-10,2.021589e-08,2.021589e-10,3.071497e-10,6.239756e-09,6.239756e-11
1.983756e+01,9.595565e-10,1.987921e-08,1.987921e-10,3.068540e-10,6.149577e-09,6.149577e-11
1.983970e+01,9.465558e-10,1.951145e-08,1.951145e-10,3.001940e-10,5.999814e-09,5.999814e-11
1.984183e+01,9.328565e-10,1.913791e-08,1.913791e-10,2.932708e-10,5.863963e-09,5.863963e-11
1.984397e+01,9.249355e-10,1.877263e-08,1.877263e-10,2.925918e-10,5.743401e-09,5.743401e-11
1.984611e+01,9.204849e-10,1.842651e-08,1.842651e-10,2.944271e-10,5.650274e-09,5.650274e-11
1.984824e+01,9.136466e-10,1.809357e-08,1.809357e-10,2.920108e-10,5.524280e-09,5.524280e-11
1.985038e+01,9.047933e-10,1.777634e-08,1.777634e-10,2.869563e-10,5.396076e-09,5.396076e-11
1.985252e+01,8.979927e-10,1.747427e-08,1.747427e-10,2.852952e-10,5.289900e-09,5.289900e-11
1.985465e+01,8.927116e-10,1.718879e-08,1.718879e-10,2.865102e-10,5.203072e-09,5.203072e-11
1.985679e+01,8.851748e-10,1.692666e-08,1.692666e-10,2.850296e-10,5.115059e-09,5.115059e-11
1.985893e+01,8.760550e-10,1.669461e-08,1.669461e-10,2.804387e-10,5.015301e-09,5.015301e-11
1.986106e+01,8.700326e-10,1.650083e-08,1.650083e-10,2.779492e-10,4.943185e-09,4.943185e-11
1.986320e+01,8.679554e-10,1.633824e-08,1.633824e-10,2.791297e-10,4.888255e-09,4.888255e-11
1.986534e+01,8.655047e-10,1.619570e-08,1.619570e-10,2.797204e-10,4.843384e-09,4.843384e-11
1.986747e+01,8.603970e-10,1.606397e-08,1.606397e-10,2.774645e-10,4.787854e-09,4.787854e-11
1.986961e+01,8.552799e-10,1.594938e-08,1.594938e-10,2.753092e-10,4.744170e-09,4.744170e-11
1.987175e+01,8.522116e-10,1.585657e-08,1.585657e-10,2.753072e-10,4.713149e-09,4.713149e-11
1.987388e+01,8.495964e-10,1.578529e-08,1.578529e-10,2.753997e-10,4.690256e-09,4.690256e-11
1.987602e+01,8.461860e-10,1.572853e-08,1.572853e-10,2.740764e-10,4.666772e-09,4.666772e-11
1.987816e+01,8.431562e-10,1.567830e-08,1.567830e-10,2.729018e-10,4.647934e-09,4.647934e-11
1.988029e+01,8.405736e-10,1.562432e-08,1.562432e-10,2.726007e-10,4.633036e-09,4.633036e-11
1.988243e+01,8.367001e-10,1.556472e-08,1.556472e-10,2.714262e-10,4.615959e-09,4.615959e-11
1.988457e+01,8.322249e-10,1.550527e-08,1.550527e-10,2.692302e-10,4.595830e-09,4.595830e-11
1.988671e+01,8.307490e-10,1.545246e-08,1.545246e-10,2.687517e-10,4.581676e-09,4.581676e-11
1.988884e+01,8.330739e-10,1.540359e-08,1.540359e-10,2.706374e-10,4.576687e-09,4.576687e-11
1.989098e+01,8.348274e-10,1.534686e-08,1.534686e-10,2.714671e-10,4.568205e-09,4.568205e-11
1.989312e+01,8.325945e-10,1.526811e-08,1.526811e-10,2.695046e-10,4.546770e-09,4.546770e-11
1.989525e+01,8.286120e-10,1.516925e-08,1.516925e-10,2.679255e-10,4.527481e-09,4.527481e-11
1.989739e+01,8.262429e-10,1.506060e-08,1.506060e-10,2.690371e-10,4.517142e-09,4.517142e-11
1.989953e+01,8.242745e-10,1.495302e-08,1.495302e-10,2.697927e-10,4.514556e-09,4.514556e-11
1.990166e+01,8.200732e-10,1.484577e-08,1.484577e-10,2.673464e-10,4.494913e-09,4.494913e-11
1.990380e+01,8.153573e-10,1.473805e-08,1.473805e-10,2.647930e-10,4.485926e-09,4.485926e-11
1.990594e+01,8.133866e-10,1.462470e-08,1.462470e-10,2.659606e-10,4.484879e-09,4.484879e-11
1.990807e+01,8.133674e-10,1.451202e-08,1.451202e-10,2.684765e-10,4.501180e-09,4.501180e-11
1.991021e+01,8.126089e-10,1.440743e-08,1.440743e-10,2.679811e-10,4.495721e-09,4.495721e-11
1.991235e+01,8.119920e-10,1.432533e-08,1.432533e-10,2.660356e-10,4.495932e-09,4.495932e-11
1.991448e+01,8.140472e-10,1.426661e-08,1.426661e-10,2.673569e-10,4.514069e-09,4.514069e-11
1.991662e+01,8.169646e-10,1.422102e-08,1.422102e-10,2.710714e-10,4.550389e-09,4.550389e-11
1.991876e+01,8.162771e-10,1.416999e-08,1.416999e-10,2.716827e-10,4.572162e-09,4.572162e-11
1.992089e+01,8.119430e-10,1.411033e-08,1.411033e-10,2.684941e-10,4.569113e-09,4.569113e-11
1.992303e+01,8.087773e-10,1.405990e-08,1.405990e-10,2.670367e-10,4.585433e-09,4.585433e-11
1.992517e+01,8.089597e-10,1.403251e-08,1.403251e-10,2.697007e-10,4.617133e-09,4.617133e-11
1.992730e+01,8.094306e-10,1.403225e-08,1.403225e-10,2.720841e-10,4.660455e-09,4.660455e-11
1.992944e+01,8.086126e-10,1.404659e-08,1.404659e-10,2.713448e-10,4.679711e-09,4.679711e-11
1.993158e+01,8.094284e-10,1.406533e-08,1.406533e-10,2.711638e-10,4.710590e-09,4.710590e-11
1.993371e+01,8.129546e-10,1.406894e-08,1.406894e-10,2.745486e-10,4.743313e-09,4.743313e-11
1.993585e+01,8.150453e-10,1.405716e-08,1.405716e-10,2.779991e-10,4.778127e-09,4.778127e-11
1.993799e+01,8.135364e-10,1.403992e-08,1.403992e-10,2.779058e-10,4.790651e-09,4.790651e-11
1.994012e+01,8.132562e-10,1.404483e-08,1.404483e-10,2.772322e-10,4.807689e-09,4.807689e-11
1.994226e+01,8.188899e-10,1.407702e-08,1.407702e-10,2.802146e-10,4.836407e-09,4.836407e-11
1.994440e+01,8.274873e-10,1.412293e-08,1.412293e-10,2.849062e-10,4.870227e-09,4.870227e-11
1.994653e+01,8.329787e-10,1.414998e-08,1.414998e-10,2.866445e-10,4.883012e-09,4.883012e-11
1.994867e+01,8.354837e-10,1.415161e-08,1.415161e-10,2.860661e-10,4.878474e-09,4.878474e-11
1.995081e+01,8.405171e-10,1.415492e-08,1.415492e-10,2.876953e-10,4.875816e-09,4.875816e-11
1.995294e+01,8.500647e-10,1.419593e-08,1.419593e-10,2.918778e-10,4.885449e-09,4.885449e-11
1.995508e+01,8.603821e-10,1.428747e-08,1.428747e-10,2.945808e-10,4.897009e-09,4.897009e-11
1.995722e+01,8.687590e-10,1.441933e-08,1.441933e-10,2.950335e-10,4.907426e-09,4.907426e-11
1.995935e+01,8.764432e-10,1.456555e-08,1.456555e-10,2.967594e-10,4.925668e-09,4.925668e-11
1.996149e+01,8.835434e-10,1.469912e-08,1.469912e-10,3.002694e-10,4.946692e-09,4.946692e-11
1.996363e+01,8.878161e-10,1.482556e-08,1.482556e-10,3.017247e-10,4.958611e-09,4.958611e-11
1.996576e+01,8.905121e-10,1.497014e-08,1.497014e-10,3.004936e-10,4.959265e-09,4.959265e-11
1.996790e+01,8.968841e-10,1.516366e-08,1.516366e-10,3.012321e-10,4.977494e-09,4.977494e-11
1.997004e+01,9.082381e-10,1.540223e-08,1.540223e-10,3.058390e-10,5.013279e-09,5.013279e-11
1.997218e+01,9.189093e-10,1.565434e-08,1.565434e-10,3.097611e-10,5.055940e-09,5.055940e-11
1.997431e+01,9.240667e-10,1.587991e-08,1.587991e-10,3.095283e-10,5.072405e-09,5.072405e-11
1.997645e+01,9.258187e-10,1.606499e-08,1.606499e-10,3.081223e-10,5.083142e-09,5.083142e-11
1.997859e+01,9.285197e-10,1.621433e-08,1.621433e-10,3.092006e-10,5.086712e-09,5.086712e-11
1.998072e+01,9.316892e-10,1.635588e-08,1.635588e-10,3.106588e-10,5.097708e-09,5.097708e-11
1.998286e+01,9.318301e-10,1.650287e-08,1.650287e-10,3.086796e-10,5.090851e-09,5.090851e-11
1.998500e+01,9.290295e-10,1.665189e-08,1.665189e-10,3.049155e-10,5.086815e-09,5.086815e-11
1.998713e+01,9.264075e-10,1.678618e-08,1.678618e-10,3.036632e-10,5.088806e-09,5.088806e-11
1.998927e+01,9.240362e-10,1.687903e-08,1.687903e-10,3.040055e-10,5.089413e-09,5.089413e-11
1.999141e+01,9.190518e-10,1.690858e-08,1.690858e-10,3.013316e-10,5.061476e-09,5.061476e-11
1.999354e+01,9.117366e-10,1.688897e-08,1.688897e-10,2.956735e-10,5.008125e-09,5.008125e-11
1.999568e+01,9.056520e-10,1.685410e-08,1.685410e-10,2.917953e-10,4.964442e-09,4.964442e-11
1.999782e+01,9.014602e-10,1.682152e-08,1.682152e-10,2.908457e-10,4.931826e-09,4.931826e-11
1.999995e+01,8.960169e-10,1.678955e-08,1.678955e-10,2.885869e-10,4.902842e-09,4.902842e-11
2.000209e+01,8.880513e-10,1.673501e-08,1.673501e-10,2.830736e-10,4.852929e-09,4.852929e-11
2.000423e+01,8.798785e-10,1.663111e-08,1.663111e-10,2.777159e-10,4.797667e-09,4.797667e-11
2.000636e+01,8.724993e-10,1.646726e-08,1.646726e-10,2.748046e-10,4.729637e-09,4.729637e-11
2.000850e+01,8.639351e-10,1.627106e-08,1.627106e-10,2.717929e-10,4.658818e-09,4.658818e-11
2.001064e+01,8.542292e-10,1.607826e-08,1.607826e-10,2.666462e-10,4.580419e-09,4.580419e-11
2.001277e+01,8.475828e-10,1.591601e-08,1.591601e-10,2.621770e-10,4.518402e-09,4.518402e-11
2.001491e+01,8.461591e-10,1.578054e-08,1.578054e-10,2.613186e-10,4.475342e-09,4.475342e-11
2.001705e+01,8.453253e-10,1.564323e-08,1.564323e-10,2.616211e-10,4.442452e-09,4.442452e-11
2.001918e+01,8.395096e-10,1.546365e-08,1.546365e-10,2.590949e-10,4.392618e-09,4.392618e-11
2.002132e+01,8.298565e-10,1.524075e-08,1.524075e-10,2.546724e-10,4.330374e-09,4.330374e-11
2.002346e+01,8.215471e-10,1.501053e-08,1.501053e-10,2.521030e-10,4.275078e-09,4.275078e-11
2.002559e+01,8.157658e-10,1.480958e-08,1.480958e-10,2.515301e-10,4.238978e-09,4.238978e-11
2.002773e+01,8.093299e-10,1.464486e-08,1.464486e-10,2.499587e-10,4.210294e-09,4.210294e-11
2.002987e+01,8.010149e-10,1.450137e-08,1.450137e-10,2.470659e-10,4.183788e-09,4.183788e-11
2.003200e+01,7.929467e-10,1.434750e-08,1.434750e-10,2.453522e-10,4.155361e-09,4.155361e-11
2.003414e+01,7.857231e-10,1.415183e-08,1.415183e-10,2.447150e-10,4.113459e-09,4.113459e-11
2.003628e+01,7.769751e-10,1.392212e-08,1.392212e-10,2.422231e-10,4.049933e-09,4.049933e-11
2.003841e+01,7.664460e-10,1.369429e-08,1.369429e-10,2.377570e-10,3.975708e-09,3.975708e-11
2.004055e+01,7.582375e-10,1.350143e-08,1.350143e-10,2.349847e-10,3.918135e-09,3.918135e-11
2.004269e+01,7.553563e-10,1.334972e-08,1.334972e-10,2.354926e-10,3.880507e-09,3.880507e-11
2.004482e+01,7.555493e-10,1.322644e-08,1.322644e-10,2.361757e-10,3.855558e-09,3.855558e-11
2.004696e+01,7.552513e-10,1.309277e-08,1.309277e-10,2.345856e-10,3.813211e-09,3.813211e-11
2.004910e+01,7.542618e-10,1.293164e-08,1.293164e-10,2.328401e-10,3.770179e-09,3.770179e-11
2.005123e+01,7.535276e-10,1.275538e-08,1.275538e-10,2.332776e-10,3.731733e-09,3.731733e-11
2.005337e+01,7.518776e-10,1.259060e-08,1.259060e-10,2.340655e-10,3.714493e-09,3.714493e-11
2.005551e+01,7.483509e-10,1.245613e-08,1.245613e-10,2.325977e-10,3.695480e-09,3.695480e-11
2.005764e+01,7.452278e-10,1.235697e-08,1.235697e-10,2.304738e-10,3.688706e-09,3.688706e-11
2.005978e+01,7.451862e-10,1.227826e-08,1.227826e-10,2.311477e-10,3.702568e-09,3.702568e-11
2.006192e+01,7.464592e-10,1.219350e-08,1.219350e-10,2.338589e-10,3.726214e-09,3.726214e-11
2.006406e+01,7.442624e-10,1.209213e-08,1.209213e-10,2.343404e-10,3.742668e-09,3.742668e-11
2.006619e+01,7.373729e-10,1.198858e-08,1.198858e-10,2.315668e-10,3.743588e-09,3.743588e-11
2.006833e+01,7.302853e-10,1.191863e-08,1.191863e-10,2.293530e-10,3.766534e-09,3.766534e-11
2.007047e+01,7.272229e-10,1.189548e-08,1.189548e-10,2.303334e-10,3.809195e-09,3.809195e-11
2.007260e+01,7.268035e-10,1.191041e-08,1.191041e-10,2.321189e-10,3.868795e-09,3.868795e-11
2.007474e+01,7.249085e-10,1.194249e-08,1.194249e-10,2.312670e-10,3.917538e-09,3.917538e-11
2.007688e+01,7.203636e-10,1.197477e-08,1.197477e-10,2.283612e-10,3.959229e-09,3.959229e-11
2.007901e+01,7.152954e-10,1.200599e-08,1.200599e-10,2.265135e-10,4.004927e-09,4.004927e-11
2.008115e+01,7.115557e-10,1.204591e-08,1.204591e-10,2.265952e-10,4.054370e-09,4.054370e-11
2.008329e+01,7.092697e-10,1.209888e-08,1.209888e-10,2.267287e-10,4.104273e-09,4.104273e-11
2.008542e+01,7.080598e-10,1.215810e-08,1.215810e-10,2.257203e-10,4.139859e-09,4.139859e-11
2.008756e+01,7.078948e-10,1.221716e-08,1.221716e-10,2.248775e-10,4.171382e-09,4.171382e-11
2.008970e+01,7.084360e-10,1.226588e-08,1.226588e-10,2.257952e-10,4.198372e-09,4.198372e-11
2.009183e+01,7.084577e-10,1.229798e-08,1.229798e-10,2.276412e-10,4.217016e-09,4.217016e-11
2.009397e+01,7.070673e-10,1.231698e-08,1.231698e-10,2.282262e-10,4.221126e-09,4.221126e-11
2.009611e+01,7.053636e-10,1.233288e-08,1.233288e-10,2.271633e-10,4.206480e-09,4.206480e-11
2.009824e+01,7.059738e-10,1.235527e-08,1.235527e-10,2.266082e-10,4.187321e-09,4.187321e-11
2.010038e+01,7.104939e-10,1.238677e-08,1.238677e-10,2.285695e-10,4.166001e-09,4.166001e-11
2.010252e+01,7.179084e-10,1.242714e-08,1.242714e-10,2.321430e-10,4.144560e-09,4.144560e-11
2.010465e+01,7.259986e-10,1.247460e-08,1.247460e-10,2.346527e-10,4.112919e-09,4.112919e-11
2.010679e+01,7.340441e-10,1.253203e-08,1.253203e-10,2.355082e-10,4.070150e-09,4.070150e-11
2.010893e+01,7.433875e-10,1.260374e-08,1.260374e-10,2.371048e-10,4.034719e-09,4.034719e-11
2.011106e+01,7.547817e-10,1.268843e-08,1.268843e-10,2.410494e-10,4.008282e-09,4.008282e-11
2.011320e+01,7.665728e-10,1.278411e-08,1.278411e-10,2.453315e-10,3.993987e-09,3.993987e-11
2.011534e+01,7.769536e-10,1.289065e-08,1.289065e-10,2.472308e-10,3.974469e-09,3.974469e-11
2.011747e+01,7.867586e-10,1.301782e-08,1.301782e-10,2.476911e-10,3.963683e-09,3.963683e-11
2.011961e+01,7.981450e-10,1.317337e-08,1.317337e-10,2.499088e-10,3.975014e-09,3.975014e-11
2.012175e+01,8.114584e-10,1.336239e-08,1.336239e-10,2.542981e-10,4.009644e-09,4.009644e-11
2.012388e+01,8.255050e-10,1.358487e-08,1.358487e-10,2.580645e-10,4.058251e-09,4.058251e-11
2.012602e+01,8.403325e-10,1.383984e-08,1.383984e-10,2.599640e-10,4.107287e-09,4.107287e-11
2.012816e+01,8.574647e-10,1.412872e-08,1.412872e-10,2.624870e-10,4.177336e-09,4.177336e-11
2.013029e+01,8.765567e-10,1.444556e-08,1.444556e-10,2.676124e-10,4.265255e-09,4.265255e-11
2.013243e+01,8.940411e-10,1.478306e-08,1.478306e-10,2.730016e-10,4.369497e-09,4.369497e-11
2.013457e+01,9.075398e-10,1.513367e-08,1.513367e-10,2.755696e-10,4.467040e-09,4.467040e-11
2.013670e+01,9.197303e-10,1.550178e-08,1.550178e-10,2.766634e-10,4.569302e-09,4.569302e-11
2.013884e+01,9.343934e-10,1.588712e-08,1.588712e-10,2.798036e-10,4.683785e-09,4.683785e-11
2.014098e+01,9.502110e-10,1.628590e-08,1.628590e-10,2.847654e-10,4.809485e-09,4.809485e-11
2.014311e+01,9.628092e-10,1.668424e-08,1.668424e-10,2.881184e-10,4.933032e-09,4.933032e-11
2.014525e+01,9.718470e-10,1.707710e-08,1.707710e-10,2.891789e-10,5.048538e-09,5.048538e-11
2.014739e+01,9.814990e-10,1.747035e-08,1.747035e-10,2.910936e-10,5.171325e-09,5.171325e-11
2.014953e+01,9.938602e-10,1.786410e-08,1.786410e-10,2.953697e-10,5.299450e-09,5.299450e-11
2.015166e+01,1.005889e-09,1.825292e-08,1.825292e-10,2.993576e-10,5.428928e-09,5.428928e-11
2.015380e+01,1.014254e-09,1.862227e-08,1.862227e-10,3.007572e-10,5.544472e-09,5.544472e-11
2.015594e+01,1.020021e-09,1.896361e-08,1.896361e-10,3.013183e-10,5.657486e-09,5.657486e-11
2.015807e+01,1.026091e-09,1.927035e-08,1.927035e-10,3.035946e-10,5.768104e-09,5.768104e-11
2.016021e+01,1.032165e-09,1.954446e-08,1.954446e-10,3.064593e-10,5.876981e-09,5.876981e-11
2.016235e+01,1.035960e-09,1.977873e-08,1.977873e-10,3.072928e-10,5.968409e-09,5.968409e-11
2.016448e+01,1.038100e-09,1.997143e-08,1.997143e-10,3.069600e-10,6.047914e-09,6.047914e-11
2.016662e+01,1.041274e-09,2.012226e-08,2.012226e-10,3.084575e-10,6.122433e-09,6.122433e-11
2.016876e+01,1.045093e-09,2.023066e-08,2.023066e-10,3.115140e-10,6.191853e-09,6.191853e-11
2.017089e+01,1.046318e-09,2.030061e-08,2.030061e-10,3.128273e-10,6.247309e-09,6.247309e-11
2.017303e+01,1.044548e-09,2.033582e-08,2.033582e-10,3.117517e-10,6.282899e-09,6.282899e-11
2.017517e+01,1.043351e-09,2.034727e-08,2.034727e-10,3.115643e-10,6.314748e-09,6.314748e-11
2.017730e+01,1.044539e-09,2.033697e-08,2.033697e-10,3.139068e-10,6.341969e-09,6.341969e-11
2.017944e+01,1.045014e-09,2.030859e-08,2.030859e-10,3.157827e-10,6.364752e-09,6.364752e-11
2.018158e+01,1.041654e-09,2.025958e-08,2.025958e-10,3.144573e-10,6.364201e-09,6.364201e-11
2.018371e+01,1.036915e-09,2.019694e-08,2.019694e-10,3.123404e-10,6.357031e-09,6.357031e-11
2.018585e+01,1.035635e-09,2.012525e-08,2.012525e-10,3.134270e-10,6.348626e-09,6.348626e-11
2.018799e+01,1.037424e-09,2.004496e-08,2.004496e-10,3.167647e-10,6.342531e-09,6.342531e-11
2.019012e+01,1.036815e-09,1.995333e-08,1.995333e-10,3.177683e-10,6.322973e-09,6.322973e-11
2.019226e+01,1.031194e-09,1.984602e-08,1.984602e-10,3.154945e-10,6.284238e-09,6.284238e-11
2.019440e+01,1.023947e-09,1.973059e-08,1.973059e-10,3.139775e-10,6.249692e-09,6.249692e-11
2.019653e+01,1.018297e-09,1.960776e-08,1.960776e-10,3.154447e-10,6.216622e-09,6.216622e-11
2.019867e+01,1.012455e-09,1.948221e-08,1.948221e-10,3.166342e-10,6.188409e-09,6.188409e-11
2.020081e+01,1.003468e-09,1.935010e-08,1.935010e-10,3.141830e-10,6.136816e-09,6.136816e-11
2.020294e+01,9.929944e-10,1.921514e-08,1.921514e-10,3.103799e-10,6.083251e-09,6.083251e-11
2.020508e+01,9.854676e-10,1.907806e-08,1.907806e-10,3.098134e-10,6.035795e-09,6.035795e-11
2.020722e+01,9.812995e-10,1.893314e-08,1.893314e-10,3.119504e-10,5.995207e-09,5.995207e-11
2.020935e+01,9.761796e-10,1.877255e-08,1.877255e-10,3.117340e-10,5.943375e-09,5.943375e-11
2.021149e+01,9.679810e-10,1.858914e-08,1.858914e-10,3.076234e-10,5.862722e-09,5.862722e-11
2.021363e+01,9.602122e-10,1.839001e-08,1.839001e-10,3.041619e-10,5.786680e-09,5.786680e-11
2.021576e+01,9.561212e-10,1.817361e-08,1.817361e-10,3.046624e-10,5.709526e-09,5.709526e-11
2.021790e+01,9.531269e-10,1.794020e-08,1.794020e-10,3.057512e-10,5.637425e-09,5.637425e-11
2.022004e+01,9.464549e-10,1.768015e-08,1.768015e-10,3.025959e-10,5.532209e-09,5.532209e-11
2.022217e+01,9.357783e-10,1.739333e-08,1.739333e-10,2.963974e-10,5.411236e-09,5.411236e-11
2.022431e+01,9.246995e-10,1.708453e-08,1.708453e-10,2.922637e-10,5.293925e-09,5.293925e-11
2.022645e+01,9.146659e-10,1.676334e-08,1.676334e-10,2.909887e-10,5.183457e-09,5.183457e-11
2.022858e+01,9.034560e-10,1.644078e-08,1.644078e-10,2.880157e-10,5.072349e-09,5.072349e-11
2.023072e+01,8.901995e-10,1.612152e-08,1.612152e-10,2.812845e-10,4.933263e-09,4.933263e-11
2.023286e+01,8.778022e-10,1.581938e-08,1.581938e-10,2.750477e-10,4.813639e-09,4.813639e-11
2.023499e+01,8.679617e-10,1.553222e-08,1.553222e-10,2.729884e-10,4.710616e-09,4.710616e-11
2.023713e+01,8.575390e-10,1.525930e-08,1.525930e-10,2.719598e-10,4.633237e-09,4.633237e-11
2.023927e+01,8.437349e-10,1.499753e-08,1.499753e-10,2.671802e-10,4.537516e-09,4.537516e-11
2.024141e+01,8.297049e-10,1.476418e-08,1.476418e-10,2.604104e-10,4.443707e-09,4.443707e-11
2.024354e+01,8.206396e-10,1.457322e-08,1.457322e-10,2.574944e-10,4.384453e-09,4.384453e-11
2.024568e+01,8.159792e-10,1.442368e-08,1.442368e-10,2.591988e-10,4.355999e-09,4.355999e-11
2.024782e+01,8.101425e-10,1.430585e-08,1.430585e-10,2.601164e-10,4.346192e-09,4.346192e-11
2.024995e+01,8.007594e-10,1.420663e-08,1.420663e-10,2.572019e-10,4.314173e-09,4.314173e-11
2.025209e+01,7.917941e-10,1.412697e-08,1.412697e-10,2.541813e-10,4.303024e-09,4.303024e-11
2.025423e+01,7.870097e-10,1.406562e-08,1.406562e-10,2.550506e-10,4.307862e-09,4.307862e-11
2.025636e+01,7.841078e-10,1.403339e-08,1.403339e-10,2.574745e-10,4.336928e-09,4.336928e-11
2.025850e+01,7.792228e-10,1.402302e-08,1.402302e-10,2.569054e-10,4.354192e-09,4.354192e-11
2.026064e+01,7.741876e-10,1.403702e-08,1.403702e-10,2.543558e-10,4.371319e-09,4.371319e-11
2.026277e+01,7.739694e-10,1.407579e-08,1.407579e-10,2.546838e-10,4.410288e-09,4.410288e-11
2.026491e+01,7.785697e-10,1.412571e-08,1.412571e-10,2.584748e-10,4.461494e-09,4.461494e-11
2.026705e+01,7.830304e-10,1.416992e-08,1.416992e-10,2.612895e-10,4.512484e-09,4.512484e-11
2.026918e+01,7.851482e-10,1.420850e-08,1.420850e-10,2.611123e-10,4.544285e-09,4.544285e-11
2.027132e+01,7.879217e-10,1.425927e-08,1.425927e-10,2.612630e-10,4.588026e-09,4.588026e-11
2.027346e+01,7.938322e-10,1.432660e-08,1.432660e-10,2.646321e-10,4.642331e-09,4.642331e-11
2.027559e+01,8.008397e-10,1.441322e-08,1.441322e-10,2.692150e-10,4.707619e-09,4.707619e-11
2.027773e+01,8.058210e-10,1.450761e-08,1.450761e-10,2.716619e-10,4.764355e-09,4.764355e-11
2.027987e+01,8.093003e-10,1.460411e-08,1.460411e-10,2.724511e-10,4.817021e-09,4.817021e-11
2.028200e+01,8.138990e-10,1.470176e-08,1.470176e-10,2.744000e-10,4.872574e-09,4.872574e-11
2.028414e+01,8.199334e-10,1.481395e-08,1.481395e-10,2.777716e-10,4.933150e-09,4.933150e-11
2.028628e+01,8.259441e-10,1.495566e-08,1.495566e-10,2.804168e-10,4.997045e-09,4.997045e-11
2.028841e+01,8.327226e-10,1.513477e-08,1.513477e-10,2.820468e-10,5.062263e-09,5.062263e-11
2.029055e+01,8.427988e-10,1.535472e-08,1.535472e-10,2.848085e-10,5.138867e-09,5.138867e-11
2.029269e+01,8.557515e-10,1.560501e-08,1.560501e-10,2.893385e-10,5.223667e-09,5.223667e-11
2.029482e+01,8.678538e-10,1.587294e-08,1.587294e-10,2.934363e-10,5.310661e-09,5.310661e-11
2.029696e+01,8.771240e-10,1.615211e-08,1.615211e-10,2.956449e-10,5.392288e-09,5.392288e-11
2.029910e+01,8.860417e-10,1.645297e-08,1.645297e-10,2.975189e-10,5.477213e-09,5.477213e-11
2.030123e+01,8.979419e-10,1.678132e-08,1.678132e-10,3.010021e-10,5.569063e-09,5.569063e-11
2.030337e+01,9.125767e-10,1.713334e-08,1.713334e-10,3.055665e-10,5.666296e-09,5.666296e-11
2.030551e+01,9.269571e-10,1.749740e-08,1.749740e-10,3.093921e-10,5.761843e-09,5.761843e-11
2.030764e+01,9.394454e-10,1.785800e-08,1.785800e-10,3.121632e-10,5.852715e-09,5.852715e-11
2.030978e+01,9.508399e-10,1.820302e-08,1.820302e-10,3.150266e-10,5.938688e-09,5.938688e-11
2.031192e+01,9.615807e-10,1.852639e-08,1.852639e-10,3.181653e-10,6.018539e-09,6.018539e-11
2.031405e+01,9.706053e-10,1.882865e-08,1.882865e-10,3.204316e-10,6.090971e-09,6.090971e-11
2.031619e+01,9.776931e-10,1.910852e-08,1.910852e-10,3.216088e-10,6.153460e-09,6.153460e-11
2.031833e+01,9.849343e-10,1.936463e-08,1.936463e-10,3.232317e-10,6.209805e-09,6.209805e-11
2.032046e+01,9.943775e-10,1.959116e-08,1.959116e-10,3.264585e-10,6.259265e-09,6.259265e-11
2.032260e+01,1.004846e-09,1.977914e-08,1.977914e-10,3.301854e-10,6.299550e-09,6.299550e-11
2.032474e+01,1.012817e-09,1.991891e-08,1.991891e-10,3.324138e-10,6.324575e-09,6.324575e-11
2.032688e+01,1.016864e-09,2.000705e-08,2.000705e-10,3.331098e-10,6.335660e-09,6.335660e-11
2.032901e+01,1.019744e-09,2.005258e-08,2.005258e-10,3.342161e-10,6.339097e-09,6.339097e-11
2.033115e+01,1.024581e-09,2.006196e-08,2.006196e-10,3.366485e-10,6.336095e-09,6.336095e-11
2.033329e+01,1.030474e-09,2.003522e-08,2.003522e-10,3.388451e-10,6.325798e-09,6.325798e-11
2.033542e+01,1.033739e-09,1.996693e-08,1.996693e-10,3.390009e-10,6.301717e-09,6.301717e-11
2.033756e+01,1.032372e-09,1.984938e-08,1.984938e-10,3.376727e-10,6.267877e-09,6.267877e-11
2.033970e+01,1.027720e-09,1.968169e-08,1.968169e-10,3.367887e-10,6.226789e-09,6.226789e-11
2.034183e+01,1.022273e-09,1.947896e-08,1.947896e-10,3.365772e-10,6.182419e-09,6.182419e-11
2.034397e+01,1.017412e-09,1.925547e-08,1.925547e-10,3.355427e-10,6.131443e-09,6.131443e-11
2.034611e+01,1.013235e-09,1.901560e-08,1.901560e-10,3.333889e-10,6.071615e-09,6.071615e-11
2.034824e+01,1.009285e-09,1.876086e-08,1.876086e-10,3.319081e-10,6.011994e-09,6.011994e-11
2.035038e+01,1.004330e-09,1.848445e-08,1.848445e-10,3.319849e-10,5.950916e-09,5.950916e-11
2.035252e+01,9.963187e-10,1.818856e-08,1.818856e-10,3.314343e-10,5.889833e-09,5.889833e-11
2.035465e+01,9.850428e-10,1.788627e-08,1.788627e-10,3.281767e-10,5.818023e-09,5.818023e-11
2.035679e+01,9.737382e-10,1.759112e-08,1.759112e-10,3.239621e-10,5.745774e-09,5.745774e-11
2.035893e+01,9.653157e-10,1.730901e-08,1.730901e-10,3.219035e-10,5.678741e-09,5.678741e-11
2.036106e+01,9.579057e-10,1.703916e-08,1.703916e-10,3.214308e-10,5.617721e-09,5.617721e-11
2.036320e+01,9.472899e-10,1.677422e-08,1.677422e-10,3.190290e-10,5.553835e-09,5.553835e-11
2.036534e+01,9.331438e-10,1.651494e-08,1.651494e-10,3.138748e-10,5.479325e-09,5.479325e-11
2.036747e+01,9.194954e-10,1.627171e-08,1.627171e-10,3.093267e-10,5.411047e-09,5.411047e-11
2.036961e+01,9.091798e-10,1.604776e-08,1.604776e-10,3.076895e-10,5.347921e-09,5.347921e-11
2.037175e+01,9.003607e-10,1.584311e-08,1.584311e-10,3.066103e-10,5.291384e-09,5.291384e-11
2.037388e+01,8.897519e-10,1.565094e-08,1.565094e-10,3.030246e-10,5.222363e-09,5.222363e-11
2.037602e+01,8.772562e-10,1.546658e-08,1.546658e-10,2.979735e-10,5.151004e-09,5.151004e-11
2.037816e+01,8.650113e-10,1.528704e-08,1.528704e-10,2.944108e-10,5.081767e-09,5.081767e-11
2.038029e+01,8.534097e-10,1.511283e-08,1.511283e-10,2.920471e-10,5.014746e-09,5.014746e-11
2.038243e+01,8.411861e-10,1.494388e-08,1.494388e-10,2.879950e-10,4.941424e-09,4.941424e-11
2.038457e+01,8.289038e-10,1.478216e-08,1.478216e-10,2.819819e-10,4.857401e-09,4.857401e-11
2.038670e+01,8.185513e-10,1.462867e-08,1.462867e-10,2.768122e-10,4.778505e-09,4.778505e-11
2.038884e+01,8.099172e-10,1.448030e-08,1.448030e-10,2.735170e-10,4.703033e-09,4.703033e-11
2.039098e+01,8.007837e-10,1.433283e-08,1.433283e-10,2.698684e-10,4.629711e-09,4.629711e-11
2.039311e+01,7.906138e-10,1.418398e-08,1.418398e-10,2.643712e-10,4.548488e-09,4.548488e-11
2.039525e+01,7.813810e-10,1.403926e-08,1.403926e-10,2.587800e-10,4.470568e-09,4.470568e-11
2.039739e+01,7.742458e-10,1.390192e-08,1.390192e-10,2.551254e-10,4.401425e-09,4.401425e-11
2.039952e+01,7.678707e-10,1.377331e-08,1.377331e-10,2.525740e-10,4.340382e-09,4.340382e-11
2.040166e+01,7.608939e-10,1.365110e-08,1.365110e-10,2.493459e-10,4.281263e-09,4.281263e-11
2.040380e+01,7.539733e-10,1.353454e-08,1.353454e-10,2.457466e-10,4.225320e-09,4.225320e-11
2.040593e+01,7.477266e-10,1.342096e-08,1.342096e-10,2.429203e-10,4.175673e-09,4.175673e-11
2.040807e+01,7.406630e-10,1.330943e-08,1.330943e-10,2.403333e-10,4.129943e-09,4.129943e-11
2.041021e+01,7.318199e-10,1.320114e-08,1.320114e-10,2.369706e-10,4.083790e-09,4.083790e-11
2.041234e+01,7.233594e-10,1.310064e-08,1.310064e-10,2.335880e-10,4.038570e-09,4.038570e-11
2.041448e+01,7.176899e-10,1.301062e-08,1.301062e-10,2.314101e-10,3.997678e-09,3.997678e-11
2.041662e+01,7.136475e-10,1.292928e-08,1.292928e-10,2.297662e-10,3.960519e-09,3.960519e-11
2.041876e+01,7.084212e-10,1.285001e-08,1.285001e-10,2.273607e-10,3.922484e-09,3.922484e-11
2.042089e+01,7.020578e-10,1.277129e-08,1.277129e-10,2.248342e-10,3.887602e-09,3.887602e-11
2.042303e+01,6.974666e-10,1.269878e-08,1.269878e-10,2.238152e-10,3.860482e-09,3.860482e-11
2.042517e+01,6.963992e-10,1.263765e-08,1.263765e-10,2.241845e-10,3.843595e-09,3.843595e-11
2.042730e+01,6.973269e-10,1.258820e-08,1.258820e-10,2.243681e-10,3.827992e-09,3.827992e-11
2.042944e+01,6.979545e-10,1.254358e-08,1.254358e-10,2.242069e-10,3.815755e-09,3.815755e-11
2.043158e+01,6.979214e-10,1.249654e-08,1.249654e-10,2.251818e-10,3.810157e-09,3.810157e-11
2.043371e+01,6.978685e-10,1.244805e-08,1.244805e-10,2.273145e-10,3.812429e-09,3.812429e-11
2.043585e+01,6.977566e-10,1.240096e-08,1.240096e-10,2.286052e-10,3.815130e-09,3.815130e-11
2.043799e+01,6.977831e-10,1.235683e-08,1.235683e-10,2.286136e-10,3.814074e-09,3.814074e-11
2.044012e+01,6.990189e-10,1.232023e-08,1.232023e-10,2.295712e-10,3.822732e-09,3.822732e-11
2.044226e+01,7.012325e-10,1.229091e-08,1.229091e-10,2.324391e-10,3.839616e-09,3.839616e-11
2.044440e+01,7.026903e-10,1.227096e-08,1.227096e-10,2.350436e-10,3.864833e-09,3.864833e-11
2.044653e+01,7.032483e-10,1.226776e-08,1.226776e-10,2.357937e-10,3.885565e-09,3.885565e-11
2.044867e+01,7.051242e-10,1.228599e-08,1.228599e-10,2.363768e-10,3.913754e-09,3.913754e-11
2.045081e+01,7.097594e-10,1.232594e-08,1.232594e-10,2.388474e-10,3.950032e-09,3.950032e-11
2.045294e+01,7.160092e-10,1.239121e-08,1.239121e-10,2.423598e-10,3.994077e-09,3.994077e-11
2.045508e+01,7.225035e-10,1.248384e-08,1.248384e-10,2.449621e-10,4.037660e-09,4.037660e-11
2.045722e+01,7.298659e-10,1.260598e-08,1.260598e-10,2.469444e-10,4.082129e-09,4.082129e-11
2.045935e+01,7.395271e-10,1.275658e-08,1.275658e-10,2.501477e-10,4.134625e-09,4.134625e-11
2.046149e+01,7.509263e-10,1.292894e-08,1.292894e-10,2.545788e-10,4.190286e-09,4.190286e-11
2.046363e+01,7.616518e-10,1.311781e-08,1.311781e-10,2.582006e-10,4.244994e-09,4.244994e-11
2.046576e+01,7.708476e-10,1.332437e-08,1.332437e-10,2.602797e-10,4.296400e-09,4.296400e-11
2.046790e+01,7.800029e-10,1.355275e-08,1.355275e-10,2.623138e-10,4.352175e-09,4.352175e-11
2.047004e+01,7.900125e-10,1.380391e-08,1.380391e-10,2.651673e-10,4.411264e-09,4.411264e-11
2.047217e+01,7.998747e-10,1.407635e-08,1.407635e-10,2.677913e-10,4.468666e-09,4.468666e-11
2.047431e+01,8.089396e-10,1.437016e-08,1.437016e-10,2.694839e-10,4.522595e-09,4.522595e-11
2.047645e+01,8.178095e-10,1.468579e-08,1.468579e-10,2.709584e-10,4.577693e-09,4.577693e-11
2.047858e+01,8.264854e-10,1.501875e-08,1.501875e-10,2.725623e-10,4.635429e-09,4.635429e-11
2.048072e+01,8.341333e-10,1.536152e-08,1.536152e-10,2.736707e-10,4.691707e-09,4.691707e-11
2.048286e+01,8.406436e-10,1.570689e-08,1.570689e-10,2.741457e-10,4.743177e-09,4.743177e-11
2.048499e+01,8.468716e-10,1.605033e-08,1.605033e-10,2.746659e-10,4.792338e-09,4.792338e-11
2.048713e+01,8.530806e-10,1.638584e-08,1.638584e-10,2.752656e-10,4.841246e-09,4.841246e-11
2.048927e+01,8.582524e-10,1.670358e-08,1.670358e-10,2.750767e-10,4.885905e-09,4.885905e-11
2.049140e+01,8.614307e-10,1.699134e-08,1.699134e-10,2.739241e-10,4.922938e-09,4.922938e-11
2.049354e+01,8.627253e-10,1.723932e-08,1.723932e-10,2.726197e-10,4.950487e-09,4.950487e-11
2.049568e+01,8.624643e-10,1.744455e-08,1.744455e-10,2.712584e-10,4.970232e-09,4.970232e-11
2.049781e+01,8.603492e-10,1.760686e-08,1.760686e-10,2.688714e-10,4.980525e-09,4.980525e-11
2.049995e+01,8.565633e-10,1.772384e-08,1.772384e-10,2.655066e-10,4.980076e-09,4.980076e-11
2.050209e+01,8.524471e-10,1.779275e-08,1.779275e-10,2.627917e-10,4.970994e-09,4.970994e-11
2.050423e+01,8.488317e-10,1.781220e-08,1.781220e-10,2.613500e-10,4.951591e-09,4.951591e-11
2.050636e+01,8.450051e-10,1.778212e-08,1.778212e-10,2.596663e-10,4.921578e-09,4.921578e-11
2.050850e+01,8.400585e-10,1.770080e-08,1.770080e-10,2.567785e-10,4.877955e-09,4.877955e-11
2.051064e+01,8.338029e-10,1.756399e-08,1.756399e-10,2.539209e-10,4.828067e-09,4.828067e-11
2.051277e+01,8.260573e-10,1.737029e-08,1.737029e-10,2.520584e-10,4.770778e-09,4.770778e-11
2.051491e+01,8.167991e-10,1.712401e-08,1.712401e-10,2.500412e-10,4.704808e-09,4.704808e-11
2.051705e+01,8.070945e-10,1.683163e-08,1.683163e-10,2.468673e-10,4.627772e-09,4.627772e-11
2.051918e+01,7.980242e-10,1.649917e-08,1.649917e-10,2.436883e-10,4.549513e-09,4.549513e-11
2.052132e+01,7.881612e-10,1.612438e-08,1.612438e-10,2.414742e-10,4.472412e-09,4.472412e-11
2.052346e+01,7.743894e-10,1.570472e-08,1.570472e-10,2.386813e-10,4.389985e-09,4.389985e-11
2.052559e+01,7.568221e-10,1.525172e-08,1.525172e-10,2.339491e-10,4.296357e-09,4.296357e-11
2.052773e+01,7.405109e-10,1.479060e-08,1.479060e-10,2.292553e-10,4.205342e-09,4.205342e-11
2.052987e+01,7.294328e-10,1.433921e-08,1.433921e-10,2.271051e-10,4.127969e-09,4.127969e-11
2.053200e+01,7.208533e-10,1.390506e-08,1.390506e-10,2.261454e-10,4.062157e-09,4.062157e-11
2.053414e+01,7.097684e-10,1.347977e-08,1.347977e-10,2.234362e-10,3.991364e-09,3.991364e-11
2.053628e+01,6.967032e-10,1.306919e-08,1.306919e-10,2.197967e-10,3.925253e-09,3.925253e-11
2.053841e+01,6.860932e-10,1.268771e-08,1.268771e-10,2.183714e-10,3.877518e-09,3.877518e-11
2.054055e+01,6.786036e-10,1.234538e-08,1.234538e-10,2.186534e-10,3.853501e-09,3.853501e-11
2.054269e+01,6.707056e-10,1.203903e-08,1.203903e-10,2.171410e-10,3.827274e-09,3.827274e-11
2.054482e+01,6.616983e-10,1.176986e-08,1.176986e-10,2.140219e-10,3.800473e-09,3.800473e-11
2.054696e+01,6.551730e-10,1.154627e-08,1.154627e-10,2.135379e-10,3.794975e-09,3.794975e-11
2.054910e+01,6.523565e-10,1.137447e-08,1.137447e-10,2.165014e-10,3.823431e-09,3.823431e-11
2.055123e+01,6.493267e-10,1.124701e-08,1.124701e-10,2.181549e-10,3.860654e-09,3.860654e-11
2.055337e+01,6.436802e-10,1.113725e-08,1.113725e-10,2.162240e-10,3.869138e-09,3.869138e-11
2.055551e+01,6.392537e-10,1.105433e-08,1.105433e-10,2.153608e-10,3.890272e-09,3.890272e-11
2.055764e+01,6.397230e-10,1.100741e-08,1.100741e-10,2.192226e-10,3.929367e-09,3.929367e-11
2.055978e+01,6.421211e-10,1.100678e-08,1.100678e-10,2.237468e-10,3.998698e-09,3.998698e-11
2.056192e+01,6.421380e-10,1.102545e-08,1.102545e-10,2.239461e-10,4.019381e-09,4.019381e-11
2.056405e+01,6.419175e-10,1.105577e-08,1.105577e-10,2.226752e-10,4.038683e-09,4.038683e-11
2.056619e+01,6.460262e-10,1.108625e-08,1.108625e-10,2.256579e-10,4.059851e-09,4.059851e-11
2.056833e+01,6.526528e-10,1.112542e-08,1.112542e-10,2.310723e-10,4.111530e-09,4.111530e-11
2.057046e+01,6.563406e-10,1.117013e-08,1.117013e-10,2.323434e-10,4.127465e-09,4.127465e-11
2.057260e+01,6.577837e-10,1.122527e-08,1.122527e-10,2.297737e-10,4.112413e-09,4.112413e-11
2.057474e+01,6.632343e-10,1.130071e-08,1.130071e-10,2.304928e-10,4.126584e-09,4.126584e-11
2.057687e+01,6.736015e-10,1.138832e-08,1.138832e-10,2.362070e-10,4.161965e-09,4.161965e-11
2.057901e+01,6.817981e-10,1.148113e-08,1.148113e-10,2.398885e-10,4.207031e-09,4.207031e-11
2.058115e+01,6.837348e-10,1.155762e-08,1.155762e-10,2.376292e-10,4.183488e-09,4.183488e-11
2.058328e+01,6.847993e-10,1.164266e-08,1.164266e-10,2.354026e-10,4.193024e-09,4.193024e-11
2.058542e+01,6.908678e-10,1.173656e-08,1.173656e-10,2.387508e-10,4.213813e-09,4.213813e-11
2.058756e+01,6.992869e-10,1.185021e-08,1.185021e-10,2.433643e-10,4.257973e-09,4.257973e-11
2.058969e+01,7.048494e-10,1.196821e-08,1.196821e-10,2.429667e-10,4.240925e-09,4.240925e-11
2.059183e+01,7.090238e-10,1.209632e-08,1.209632e-10,2.401045e-10,4.220299e-09,4.220299e-11
2.059397e+01,7.162776e-10,1.221738e-08,1.221738e-10,2.411443e-10,4.219704e-09,4.219704e-11
2.059611e+01,7.254240e-10,1.232423e-08,1.232423e-10,2.449848e-10,4.225215e-09,4.225215e-11
2.059824e+01,7.320213e-10,1.242447e-08,1.242447e-10,2.452806e-10,4.205396e-09,4.205396e-11
2.060038e+01,7.369888e-10,1.254496e-08,1.254496e-10,2.419225e-10,4.160634e-09,4.160634e-11
2.060252e+01,7.453141e-10,1.270708e-08,1.270708e-10,2.414068e-10,4.171214e-09,4.171214e-11
2.060465e+01,7.567349e-10,1.288121e-08,1.288121e-10,2.455962e-10,4.205818e-09,4.205818e-11
2.060679e+01,7.649894e-10,1.303902e-08,1.303902e-10,2.486685e-10,4.244549e-09,4.244549e-11
2.060893e+01,7.680784e-10,1.317091e-08,1.317091e-10,2.473339e-10,4.244191e-09,4.244191e-11
2.061106e+01,7.721749e-10,1.331834e-08,1.331834e-10,2.463961e-10,4.274094e-09,4.274094e-11
2.061320e+01,7.818846e-10,1.349506e-08,1.349506e-10,2.502583e-10,4.337750e-09,4.337750e-11
2.061534e+01,7.931103e-10,1.369060e-08,1.369060e-10,2.554787e-10,4.415540e-09,4.415540e-11
2.061747e+01,8.001880e-10,1.387589e-08,1.387589e-10,2.571046e-10,4.461750e-09,4.461750e-11
2.061961e+01,8.045871e-10,1.404762e-08,1.404762e-10,2.567940e-10,4.496054e-09,4.496054e-11
2.062175e+01,8.108422e-10,1.420413e-08,1.420413e-10,2.587086e-10,4.537864e-09,4.537864e-11
2.062388e+01,8.184542e-10,1.434253e-08,1.434253e-10,2.620084e-10,4.578289e-09,4.578289e-11
2.062602e+01,8.236932e-10,1.446403e-08,1.446403e-10,2.630922e-10,4.594339e-09,4.594339e-11
2.062816e+01,8.268225e-10,1.458060e-08,1.458060e-10,2.623876e-10,4.589725e-09,4.589725e-11
2.063029e+01,8.319834e-10,1.471291e-08,1.471291e-10,2.636050e-10,4.598850e-09,4.598850e-11
2.063243e+01,8.402811e-10,1.485622e-08,1.485622e-10,2.672651e-10,4.631454e-09,4.631454e-11
2.063457e+01,8.480208e-10,1.497966e-08,1.497966e-10,2.701510e-10,4.665465e-09,4.665465e-11
2.063670e+01,8.525491e-10,1.505621e-08,1.505621e-10,2.710123e-10,4.675962e-09,4.675962e-11
2.063884e+01,8.560214e-10,1.510315e-08,1.510315e-10,2.721687e-10,4.676364e-09,4.676364e-11
2.064098e+01,8.618405e-10,1.516032e-08,1.516032e-10,2.752199e-10,4.695641e-09,4.695641e-11
2.064311e+01,8.703511e-10,1.524708e-08,1.524708e-10,2.789478e-10,4.741858e-09,4.741858e-11
2.064525e+01,8.795346e-10,1.534473e-08,1.534473e-10,2.821362e-10,4.793894e-09,4.793894e-11
2.064739e+01,8.872024e-10,1.541639e-08,1.541639e-10,2.851408e-10,4.828174e-09,4.828174e-11
2.064952e+01,8.919434e-10,1.544455e-08,1.544455e-10,2.877802e-10,4.841375e-09,4.841375e-11
2.065166e+01,8.940236e-10,1.544811e-08,1.544811e-10,2.890607e-10,4.849641e-09,4.849641e-11
2.065380e+01,8.954945e-10,1.545698e-08,1.545698e-10,2.896221e-10,4.866445e-09,4.866445e-11
2.065593e+01,8.976443e-10,1.547927e-08,1.547927e-10,2.909250e-10,4.885731e-09,4.885731e-11
2.065807e+01,8.989918e-10,1.550487e-08,1.550487e-10,2.922474e-10,4.887637e-09,4.887637e-11
2.066021e+01,8.977668e-10,1.552774e-08,1.552774e-10,2.918023e-10,4.870955e-09,4.870955e-11
2.066234e+01,8.949101e-10,1.554623e-08,1.554623e-10,2.901622e-10,4.853210e-09,4.853210e-11
2.066448e+01,8.923258e-10,1.555240e-08,1.555240e-10,2.893861e-10,4.841615e-09,4.841615e-11
2.066662e+01,8.892797e-10,1.554349e-08,1.554349e-10,2.888594e-10,4.823677e-09,4.823677e-11
2.066875e+01,8.839693e-10,1.552553e-08,1.552553e-10,2.860347e-10,4.780735e-09,4.780735e-11
2.067089e+01,8.781512e-10,1.551852e-08,1.551852e-10,2.817592e-10,4.728341e-09,4.728341e-11
2.067303e+01,8.755451e-10,1.553513e-08,1.553513e-10,2.797489e-10,4.694614e-09,4.694614e-11
2.067516e+01,8.751312e-10,1.556227e-08,1.556227e-10,2.799094e-10,4.681249e-09,4.681249e-11
2.067730e+01,8.713431e-10,1.555780e-08,1.555780e-10,2.776712e-10,4.650897e-09,4.650897e-11
2.067944e+01,8.628294e-10,1.549776e-08,1.549776e-10,2.717607e-10,4.581033e-09,4.581033e-11
2.068158e+01,8.550228e-10,1.540792e-08,1.540792e-10,2.671085e-10,4.506224e-09,4.506224e-11
2.068371e+01,8.512921e-10,1.531841e-08,1.531841e-10,2.666639e-10,4.456193e-09,4.456193e-11
2.068585e+01,8.477438e-10,1.523433e-08,1.523433e-10,2.660664e-10,4.426375e-09,4.426375e-11
2.068799e+01,8.407855e-10,1.512975e-08,1.512975e-10,2.616021e-10,4.361035e-09,4.361035e-11
2.069012e+01,8.338935e-10,1.500232e-08,1.500232e-10,2.573586e-10,4.299293e-09,4.299293e-11
2.069226e+01,8.310432e-10,1.484614e-08,1.484614e-10,2.579101e-10,4.246167e-09,4.246167e-11
2.069440e+01,8.286529e-10,1.467466e-08,1.467466e-10,2.593953e-10,4.231785e-09,4.231785e-11
2.069653e+01,8.212091e-10,1.448125e-08,1.448125e-10,2.556337e-10,4.164726e-09,4.164726e-11
2.069867e+01,8.116358e-10,1.428726e-08,1.428726e-10,2.495747e-10,4.099116e-09,4.099116e-11
2.070081e+01,8.076534e-10,1.411049e-08,1.411049e-10,2.492675e-10,4.066761e-09,4.066761e-11
2.070294e+01,8.090510e-10,1.396365e-08,1.396365e-10,2.539440e-10,4.100844e-09,4.100844e-11
2.070508e+01,8.077747e-10,1.382641e-08,1.382641e-10,2.548577e-10,4.109966e-09,4.109966e-11
2.070722e+01,8.011289e-10,1.367433e-08,1.367433e-10,2.502409e-10,4.052096e-09,4.052096e-11
2.070935e+01,7.956995e-10,1.353134e-08,1.353134e-10,2.484649e-10,4.047258e-09,4.047258e-11
2.071149e+01,7.952890e-10,1.340980e-08,1.340980e-10,2.535254e-10,4.088214e-09,4.088214e-11
2.071363e+01,7.941804e-10,1.332362e-08,1.332362e-10,2.577828e-10,4.171634e-09,4.171634e-11
2.071576e+01,7.875343e-10,1.323929e-08,1.323929e-10,2.550477e-10,4.133097e-09,4.133097e-11
2.071790e+01,7.801261e-10,1.318224e-08,1.318224e-10,2.514703e-10,4.136398e-09,4.136398e-11
2.072004e+01,7.777000e-10,1.313932e-08,1.313932e-10,2.546600e-10,4.178707e-09,4.178707e-11
2.072217e+01,7.760693e-10,1.310376e-08,1.310376e-10,2.599611e-10,4.278126e-09,4.278126e-11
2.072431e+01,7.679612e-10,1.303949e-08,1.303949e-10,2.583157e-10,4.278500e-09,4.278500e-11
2.072645e+01,7.560303e-10,1.296606e-08,1.296606e-10,2.520090e-10,4.237482e-09,4.237482e-11
2.072858e+01,7.488996e-10,1.290383e-08,1.290383e-10,2.508862e-10,4.253652e-09,4.253652e-11
2.073072e+01,7.469102e-10,1.284482e-08,1.284482e-10,2.555946e-10,4.307179e-09,4.307179e-11
2.073286e+01,7.422100e-10,1.276688e-08,1.276688e-10,2.568742e-10,4.339674e-09,4.339674e-11
2.073499e+01,7.324950e-10,1.265181e-08,1.265181e-10,2.517747e-10,4.275937e-09,4.275937e-11
2.073713e+01,7.239425e-10,1.253044e-08,1.253044e-10,2.480538e-10,4.256659e-09,4.256659e-11
2.073927e+01,7.192295e-10,1.239469e-08,1.239469e-10,2.499881e-10,4.253627e-09,4.253627e-11
2.074140e+01,7.128034e-10,1.224762e-08,1.224762e-10,2.512377e-10,4.268787e-09,4.268787e-11
2.074354e+01,7.018014e-10,1.207075e-08,1.207075e-10,2.465664e-10,4.205364e-09,4.205364e-11
2.074568e+01,6.928386e-10,1.190070e-08,1.190070e-10,2.413196e-10,4.154753e-09,4.154753e-11
2.074781e+01,6.917621e-10,1.174220e-08,1.174220e-10,2.421208e-10,4.130072e-09,4.130072e-11
2.074995e+01,6.938466e-10,1.159558e-08,1.159558e-10,2.454883e-10,4.129184e-09,4.129184e-11
2.075209e+01,6.915141e-10,1.143886e-08,1.143886e-10,2.443717e-10,4.093428e-09,4.093428e-11
2.075422e+01,6.863752e-10,1.128864e-08,1.128864e-10,2.403167e-10,4.045886e-09,4.045886e-11
2.075636e+01,6.851348e-10,1.116362e-08,1.116362e-10,2.398636e-10,4.025937e-09,4.025937e-11
2.075850e+01,6.873539e-10,1.106231e-08,1.106231e-10,2.427955e-10,4.026219e-09,4.026219e-11
2.076063e+01,6.865509e-10,1.097100e-08,1.097100e-10,2.431722e-10,4.020616e-09,4.020616e-11
2.076277e+01,6.815882e-10,1.088524e-08,1.088524e-10,2.402326e-10,3.998358e-09,3.998358e-11
2.076491e+01,6.781177e-10,1.082526e-08,1.082526e-10,2.393319e-10,3.996925e-09,3.996925e-11
2.076704e+01,6.785764e-10,1.079273e-08,1.079273e-10,2.419650e-10,4.011250e-09,4.011250e-11
2.076918e+01,6.789500e-10,1.078763e-08,1.078763e-10,2.435637e-10,4.028540e-09,4.028540e-11
2.077132e+01,6.770523e-10,1.080058e-08,1.080058e-10,2.423514e-10,4.031252e-09,4.031252e-11
2.077346e+01,6.768047e-10,1.084224e-08,1.084224e-10,2.423978e-10,4.047017e-09,4.047017e-11
2.077559e+01,6.813677e-10,1.091292e-08,1.091292e-10,2.458545e-10,4.074432e-09,4.074432e-11
2.077773e+01,6.878867e-10,1.101418e-08,1.101418e-10,2.489825e-10,4.107126e-09,4.107126e-11
2.077987e+01,6.928011e-10,1.113822e-08,1.113822e-10,2.490342e-10,4.122782e-09,4.122782e-11
2.078200e+01,6.971032e-10,1.128917e-08,1.128917e-10,2.490242e-10,4.148153e-09,4.148153e-11
2.078414e+01,7.024975e-10,1.146227e-08,1.146227e-10,2.515971e-10,4.182885e-09,4.182885e-11
2.078628e+01,7.070524e-10,1.165375e-08,1.165375e-10,2.538743e-10,4.226870e-09,4.226870e-11
2.078841e+01,7.090013e-10,1.185798e-08,1.185798e-10,2.530454e-10,4.253068e-09,4.253068e-11
2.079055e+01,7.109995e-10,1.207726e-08,1.207726e-10,2.519166e-10,4.286469e-09,4.286469e-11
2.079269e+01,7.160411e-10,1.231319e-08,1.231319e-10,2.539969e-10,4.329345e-09,4.329345e-11
2.079482e+01,7.223437e-10,1.256911e-08,1.256911e-10,2.571939e-10,4.384997e-09,4.384997e-11
2.079696e+01,7.263526e-10,1.284251e-08,1.284251e-10,2.575201e-10,4.427254e-09,4.427254e-11
2.079910e+01,7.287390e-10,1.313472e-08,1.313472e-10,2.561410e-10,4.470319e-09,4.470319e-11
2.080123e+01,7.331603e-10,1.344562e-08,1.344562e-10,2.570070e-10,4.524028e-09,4.524028e-11
2.080337e+01,7.403645e-10,1.377278e-08,1.377278e-10,2.597119e-10,4.588539e-09,4.588539e-11
2.080551e+01,7.482302e-10,1.411089e-08,1.411089e-10,2.608166e-10,4.647089e-09,4.647089e-11
2.080764e+01,7.566831e-10,1.445818e-08,1.445818e-10,2.605930e-10,4.701584e-09,4.701584e-11
2.080978e+01,7.677169e-10,1.481031e-08,1.481031e-10,2.624994e-10,4.766483e-09,4.766483e-11
2.081192e+01,7.805152e-10,1.515963e-08,1.515963e-10,2.665821e-10,4.837947e-09,4.837947e-11
2.081405e+01,7.918510e-10,1.549478e-08,1.549478e-10,2.693280e-10,4.904917e-09,4.904917e-11
2.081619e+01,8.015359e-10,1.580845e-08,1.580845e-10,2.702393e-10,4.961960e-09,4.961960e-11
2.081833e+01,8.119974e-10,1.609743e-08,1.609743e-10,2.724447e-10,5.022648e-09,5.022648e-11
2.082046e+01,8.226683e-10,1.635855e-08,1.635855e-10,2.762661e-10,5.084503e-09,5.084503e-11
2.082260e+01,8.300871e-10,1.658983e-08,1.658983e-10,2.782588e-10,5.138263e-09,5.138263e-11
2.082474e+01,8.341969e-10,1.679202e-08,1.679202e-10,2.777146e-10,5.178862e-09,5.178862e-11
2.082687e+01,8.391961e-10,1.697107e-08,1.697107e-10,2.782921e-10,5.221699e-09,5.221699e-11
2.082901e+01,8.467632e-10,1.712785e-08,1.712785e-10,2.813660e-10,5.268546e-09,5.268546e-11
2.083115e+01,8.536273e-10,1.726274e-08,1.726274e-10,2.833278e-10,5.311631e-09,5.311631e-11
2.083328e+01,8.580445e-10,1.737328e-08,1.737328e-10,2.823981e-10,5.338821e-09,5.338821e-11
2.083542e+01,8.637730e-10,1.746778e-08,1.746778e-10,2.825651e-10,5.373723e-09,5.373723e-11
2.083756e+01,8.733036e-10,1.754395e-08,1.754395e-10,2.864246e-10,5.417478e-09,5.417478e-11
2.083969e+01,8.819718e-10,1.759609e-08,1.759609e-10,2.897047e-10,5.465879e-09,5.465879e-11
2.084183e+01,8.846309e-10,1.760979e-08,1.760979e-10,2.883173e-10,5.486401e-09,5.486401e-11
2.084397e+01,8.841260e-10,1.759087e-08,1.759087e-10,2.858371e-10,5.510617e-09,5.510617e-11
2.084610e+01,8.868308e-10,1.754489e-08,1.754489e-10,2.876942e-10,5.544096e-09,5.544096e-11
2.084824e+01,8.925363e-10,1.747700e-08,1.747700e-10,2.918154e-10,5.596143e-09,5.596143e-11
2.085038e+01,8.955662e-10,1.738099e-08,1.738099e-10,2.922809e-10,5.623155e-09,5.623155e-11
2.085251e+01,8.940954e-10,1.725481e-08,1.725481e-10,2.895703e-10,5.641112e-09,5.641112e-11
2.085465e+01,8.918417e-10,1.710258e-08,1.710258e-10,2.893597e-10,5.670564e-09,5.670564e-11
2.085679e+01,8.910024e-10,1.693507e-08,1.693507e-10,2.923338e-10,5.715604e-09,5.715604e-11
2.085893e+01,8.894605e-10,1.676448e-08,1.676448e-10,2.930852e-10,5.755286e-09,5.755286e-11
2.086106e+01,8.863939e-10,1.659758e-08,1.659758e-10,2.899987e-10,5.769611e-09,5.769611e-11
2.086320e+01,8.847798e-10,1.644535e-08,1.644535e-10,2.884946e-10,5.803412e-09,5.803412e-11
2.086534e+01,8.854259e-10,1.629824e-08,1.629824e-10,2.915099e-10,5.846722e-09,5.846722e-11
2.086747e+01,8.841855e-10,1.614715e-08,1.614715e-10,2.941378e-10,5.896541e-09,5.896541e-11
2.086961e+01,8.790297e-10,1.598311e-08,1.598311e-10,2.922754e-10,5.908838e-09,5.908838e-11
2.087175e+01,8.742622e-10,1.582333e-08,1.582333e-10,2.897718e-10,5.923842e-09,5.923842e-11
2.087388e+01,8.731009e-10,1.568018e-08,1.568018e-10,2.913608e-10,5.945506e-09,5.945506e-11
2.087602e+01,8.715870e-10,1.555660e-08,1.555660e-10,2.943244e-10,5.976879e-09,5.976879e-11
2.087816e+01,8.647732e-10,1.544040e-08,1.544040e-10,2.934069e-10,5.988359e-09,5.988359e-11
2.088029e+01,8.544426e-10,1.532968e-08,1.532968e-10,2.895999e-10,5.987353e-09,5.987353e-11
2.088243e+01,8.458252e-10,1.521638e-08,1.521638e-10,2.876928e-10,5.985661e-09,5.985661e-11
2.088457e+01,8.398742e-10,1.510477e-08,1.510477e-10,2.880033e-10,5.980347e-09,5.980347e-11
2.088670e+01,8.337463e-10,1.501319e-08,1.501319e-10,2.868600e-10,5.967394e-09,5.967394e-11
2.088884e+01,8.274113e-10,1.495485e-08,1.495485e-10,2.840353e-10,5.945399e-09,5.945399e-11
2.089098e+01,8.243501e-10,1.493557e-08,1.493557e-10,2.833873e-10,5.932470e-09,5.932470e-11
2.089311e+01,8.249681e-10,1.494355e-08,1.494355e-10,2.857096e-10,5.923160e-09,5.923160e-11
2.089525e+01,8.248859e-10,1.494416e-08,1.494416e-10,2.870792e-10,5.905652e-09,5.905652e-11
2.089739e+01,8.218281e-10,1.491378e-08,1.491378e-10,2.858261e-10,5.867979e-09,5.867979e-11
2.089952e+01,8.188242e-10,1.487039e-08,1.487039e-10,2.852055e-10,5.827872e-09,5.827872e-11
2.090166e+01,8.183678e-10,1.483946e-08,1.483946e-10,2.870685e-10,5.793471e-09,5.793471e-11
2.090380e+01,8.192871e-10,1.483831e-08,1.483831e-10,2.888661e-10,5.764180e-09,5.764180e-11
2.090593e+01,8.214452e-10,1.486314e-08,1.486314e-10,2.893395e-10,5.731691e-09,5.731691e-11
2.090807e+01,8.271391e-10,1.489828e-08,1.489828e-10,2.911964e-10,5.703479e-09,5.703479e-11
2.091021e+01,8.356922e-10,1.491522e-08,1.491522e-10,2.953739e-10,5.673493e-09,5.673493e-11
2.091234e+01,8.422682e-10,1.490869e-08,1.490869e-10,2.982114e-10,5.636792e-09,5.636792e-11
2.091448e+01,8.449913e-10,1.490146e-08,1.490146e-10,2.976870e-10,5.586986e-09,5.586986e-11
2.091662e+01,8.488717e-10,1.492770e-08,1.492770e-10,2.975882e-10,5.549435e-09,5.549435e-11
2.091875e+01,8.587465e-10,1.499591e-08,1.499591e-10,3.014567e-10,5.527313e-09,5.527313e-11
2.092089e+01,8.713813e-10,1.509679e-08,1.509679e-10,3.062588e-10,5.522021e-09,5.522021e-11
2.092303e+01,8.794713e-10,1.519044e-08,1.519044e-10,3.070368e-10,5.498325e-09,5.498325e-11
2.092516e+01,8.822127e-10,1.524581e-08,1.524581e-10,3.052484e-10,5.467256e-09,5.467256e-11
2.092730e+01,8.855644e-10,1.527078e-08,1.527078e-10,3.061833e-10,5.437002e-09,5.437002e-11
2.092944e+01,8.923693e-10,1.529822e-08,1.529822e-10,3.097392e-10,5.422548e-09,5.422548e-11
2.093157e+01,8.994734e-10,1.534826e-08,1.534826e-10,3.110657e-10,5.401215e-09,5.401215e-11
2.093371e+01,9.046650e-10,1.542077e-08,1.542077e-10,3.096523e-10,5.372968e-09,5.372968e-11
2.093585e+01,9.093317e-10,1.549884e-08,1.549884e-10,3.101590e-10,5.361273e-09,5.361273e-11
2.093798e+01,9.131593e-10,1.554772e-08,1.554772e-10,3.134242e-10,5.353125e-09,5.353125e-11
2.094012e+01,9.128867e-10,1.554796e-08,1.554796e-10,3.141662e-10,5.331889e-09,5.331889e-11
2.094226e+01,9.083318e-10,1.551194e-08,1.551194e-10,3.100006e-10,5.268230e-09,5.268230e-11
2.094439e+01,9.044910e-10,1.548399e-08,1.548399e-10,3.059971e-10,5.217363e-09,5.217363e-11
2.094653e+01,9.051544e-10,1.547785e-08,1.547785e-10,3.067164e-10,5.180144e-09,5.180144e-11
2.094867e+01,9.078585e-10,1.549452e-08,1.549452e-10,3.091161e-10,5.162062e-09,5.162062e-11
2.095081e+01,9.087579e-10,1.551332e-08,1.551332e-10,3.080671e-10,5.118671e-09,5.118671e-11
2.095294e+01,9.092169e-10,1.551337e-08,1.551337e-10,3.048573e-10,5.064733e-09,5.064733e-11
2.095508e+01,9.122366e-10,1.548480e-08,1.548480e-10,3.042155e-10,5.011803e-09,5.011803e-11
2.095722e+01,9.152618e-10,1.544504e-08,1.544504e-10,3.055088e-10,4.966232e-09,4.966232e-11
2.095935e+01,9.134897e-10,1.541001e-08,1.541001e-10,3.039733e-10,4.916547e-09,4.916547e-11
2.096149e+01,9.087540e-10,1.540140e-08,1.540140e-10,2.995221e-10,4.860537e-09,4.860537e-11
2.096363e+01,9.075412e-10,1.543187e-08,1.543187e-10,2.970742e-10,4.828354e-09,4.828354e-11
2.096576e+01,9.108703e-10,1.548053e-08,1.548053e-10,2.981382e-10,4.810576e-09,4.810576e-11
2.096790e+01,9.128731e-10,1.551863e-08,1.551863e-10,2.985038e-10,4.795530e-09,4.795530e-11
2.097004e+01,9.098333e-10,1.553012e-08,1.553012e-10,2.955471e-10,4.759577e-09,4.759577e-11
2.097217e+01,9.053820e-10,1.554037e-08,1.554037e-10,2.924018e-10,4.733589e-09,4.733589e-11
2.097431e+01,9.047675e-10,1.557789e-08,1.557789e-10,2.923614e-10,4.723773e-09,4.723773e-11
2.097645e+01,9.078105e-10,1.565708e-08,1.565708e-10,2.937117e-10,4.733903e-09,4.733903e-11
2.097858e+01,9.107332e-10,1.576237e-08,1.576237e-10,2.933672e-10,4.744130e-09,4.744130e-11
2.098072e+01,9.123106e-10,1.587490e-08,1.587490e-10,2.920736e-10,4.760496e-09,4.760496e-11
2.098286e+01,9.136773e-10,1.597038e-08,1.597038e-10,2.921508e-10,4.777640e-09,4.777640e-11
2.098499e+01,9.140737e-10,1.604968e-08,1.604968e-10,2.925472e-10,4.794035e-09,4.794035e-11
2.098713e+01,9.124608e-10,1.613299e-08,1.613299e-10,2.908505e-10,4.803672e-09,4.803672e-11
2.098927e+01,9.118291e-10,1.623971e-08,1.623971e-10,2.886067e-10,4.818228e-09,4.818228e-11
2.099140e+01,9.161319e-10,1.637578e-08,1.637578e-10,2.893673e-10,4.849283e-09,4.849283e-11
2.099354e+01,9.238606e-10,1.652348e-08,1.652348e-10,2.925130e-10,4.887473e-09,4.887473e-11
2.099568e+01,9.296293e-10,1.665974e-08,1.665974e-10,2.940351e-10,4.915614e-09,4.915614e-11
2.099781e+01,9.315803e-10,1.677070e-08,1.677070e-10,2.930166e-10,4.926336e-09,4.926336e-11
2.099995e+01,9.332283e-10,1.686929e-08,1.686929e-10,2.928979e-10,4.944855e-09,4.944855e-11
2.100209e+01,9.375358e-10,1.696662e-08,1.696662e-10,2.955379e-10,4.972355e-09,4.972355e-11
2.100422e+01,9.425890e-10,1.706629e-08,1.706629e-10,2.981077e-10,5.002737e-09,5.002737e-11
2.100636e+01,9.454368e-10,1.716286e-08,1.716286e-10,2.981054e-10,5.018169e-09,5.018169e-11
2.100850e+01,9.475348e-10,1.725490e-08,1.725490e-10,2.978066e-10,5.041176e-09,5.041176e-11
2.101063e+01,9.523678e-10,1.733382e-08,1.733382e-10,3.004609e-10,5.077078e-09,5.077078e-11
2.101277e+01,9.590853e-10,1.738783e-08,1.738783e-10,3.046324e-10,5.118323e-09,5.118323e-11
2.101491e+01,9.635923e-10,1.741323e-08,1.741323e-10,3.063045e-10,5.140579e-09,5.140579e-11
2.101704e+01,9.654442e-10,1.741983e-08,1.741983e-10,3.054776e-10,5.145226e-09,5.145226e-11
2.101918e+01,9.685580e-10,1.742657e-08,1.742657e-10,3.061696e-10,5.161705e-09,5.161705e-11
2.102132e+01,9.748432e-10,1.743217e-08,1.743217e-10,3.097605e-10,5.191495e-09,5.191495e-11
2.102345e+01,9.809865e-10,1.741512e-08,1.741512e-10,3.126952e-10,5.216848e-09,5.216848e-11
2.102559e+01,9.827444e-10,1.735149e-08,1.735149e-10,3.118771e-10,5.203083e-09,5.203083e-11
2.102773e+01,9.801295e-10,1.724565e-08,1.724565e-10,3.090796e-10,5.169106e-09,5.169106e-11
2.102986e+01,9.767704e-10,1.712364e-08,1.712364e-10,3.080680e-10,5.143490e-09,5.143490e-11
2.103200e+01,9.749647e-10,1.700165e-08,1.700165e-10,3.091344e-10,5.136934e-09,5.136934e-11
2.103414e+01,9.732910e-10,1.686776e-08,1.686776e-10,3.092152e-10,5.125981e-09,5.125981e-11
2.103628e+01,9.695517e-10,1.670169e-08,1.670169e-10,3.068637e-10,5.085128e-09,5.085128e-11
2.103841e+01,9.637268e-10,1.650434e-08,1.650434e-10,3.041911e-10,5.034898e-09,5.034898e-11
2.104055e+01,9.570078e-10,1.629364e-08,1.629364e-10,3.034191e-10,4.998709e-09,4.998709e-11
2.104269e+01,9.497744e-10,1.608535e-08,1.608535e-10,3.035859e-10,4.984685e-09,4.984685e-11
2.104482e+01,9.416413e-10,1.587546e-08,1.587546e-10,3.020754e-10,4.961429e-09,4.961429e-11
2.104696e+01,9.325760e-10,1.565714e-08,1.565714e-10,2.985285e-10,4.910304e-09,4.910304e-11
2.104910e+01,9.230876e-10,1.544348e-08,1.544348e-10,2.953191e-10,4.857940e-09,4.857940e-11
2.105123e+01,9.133151e-10,1.524984e-08,1.524984e-10,2.940342e-10,4.829210e-09,4.829210e-11
2.105337e+01,9.022441e-10,1.507329e-08,1.507329e-10,2.930632e-10,4.822876e-09,4.822876e-11
2.105551e+01,8.888555e-10,1.489428e-08,1.489428e-10,2.898179e-10,4.797898e-09,4.797898e-11
2.105764e+01,8.741387e-10,1.470795e-08,1.470795e-10,2.846985e-10,4.743467e-09,4.743467e-11
2.105978e+01,8.605410e-10,1.453952e-08,1.453952e-10,2.809149e-10,4.695311e-09,4.695311e-11
2.106192e+01,8.489453e-10,1.440974e-08,1.440974e-10,2.799978e-10,4.682423e-09,4.682423e-11
2.106405e+01,8.374779e-10,1.430396e-08,1.430396e-10,2.794794e-10,4.696045e-09,4.696045e-11
2.106619e+01,8.243713e-10,1.418364e-08,1.418364e-10,2.763857e-10,4.681259e-09,4.681259e-11
2.106833e+01,8.112131e-10,1.403962e-08,1.403962e-10,2.718711e-10,4.637671e-09,4.637671e-11
2.107046e+01,8.016797e-10,1.390683e-08,1.390683e-10,2.699741e-10,4.606786e-09,4.606786e-11
2.107260e+01,7.965617e-10,1.381858e-08,1.381858e-10,2.715678e-10,4.621890e-09,4.621890e-11
2.107474e+01,7.923255e-10,1.376254e-08,1.376254e-10,2.728054e-10,4.659307e-09,4.659307e-11
2.107687e+01,7.862299e-10,1.369799e-08,1.369799e-10,2.710006e-10,4.661775e-09,4.661775e-11
2.107901e+01,7.803489e-10,1.361514e-08,1.361514e-10,2.687980e-10,4.644627e-09,4.644627e-11
2.108115e+01,7.779855e-10,1.353993e-08,1.353993e-10,2.699553e-10,4.639574e-09,4.639574e-11
2.108328e+01,7.781778e-10,1.349983e-08,1.349983e-10,2.732837e-10,4.676321e-09,4.676321e-11
2.108542e+01,7.773056e-10,1.347708e-08,1.347708e-10,2.744756e-10,4.708621e-09,4.708621e-11
2.108756e+01,7.749149e-10,1.344206e-08,1.344206e-10,2.729581e-10,4.703603e-09,4.703603e-11
2.108969e+01,7.742632e-10,1.339615e-08,1.339615e-10,2.726592e-10,4.679677e-09,4.679677e-11
2.109183e+01,7.766218e-10,1.336753e-08,1.336753e-10,2.753741e-10,4.668668e-09,4.668668e-11
2.109397e+01,7.784320e-10,1.337022e-08,1.337022e-10,2.774416e-10,4.684745e-09,4.684745e-11
2.109610e+01,7.766152e-10,1.338139e-08,1.338139e-10,2.754806e-10,4.677701e-09,4.677701e-11
2.109824e+01,7.737996e-10,1.338561e-08,1.338561e-10,2.720724e-10,4.649937e-09,4.649937e-11
2.110038e+01,7.747897e-10,1.339449e-08,1.339449e-10,2.718000e-10,4.611067e-09,4.611067e-11
2.110251e+01,7.797781e-10,1.344456e-08,1.344456e-10,2.740923e-10,4.605584e-09,4.605584e-11
2.110465e+01,7.852469e-10,1.353497e-08,1.353497e-10,2.748366e-10,4.615916e-09,4.615916e-11
2.110679e+01,7.901122e-10,1.363905e-08,1.363905e-10,2.735491e-10,4.622295e-09,4.622295e-11
2.110892e+01,7.961634e-10,1.372786e-08,1.372786e-10,2.737646e-10,4.617999e-09,4.617999e-11
2.111106e+01,8.033653e-10,1.380925e-08,1.380925e-10,2.765772e-10,4.611138e-09,4.611138e-11
2.111320e+01,8.092721e-10,1.390629e-08,1.390629e-10,2.787416e-10,4.626294e-09,4.626294e-11
2.111533e+01,8.135785e-10,1.401640e-08,1.401640e-10,2.784888e-10,4.644272e-09,4.644272e-11
2.111747e+01,8.189984e-10,1.412480e-08,1.412480e-10,2.786468e-10,4.673602e-09,4.673602e-11
2.111961e+01,8.260718e-10,1.421034e-08,1.421034e-10,2.814077e-10,4.687100e-09,4.687100e-11
2.112174e+01,8.312054e-10,1.428818e-08,1.428818e-10,2.840727e-10,4.701452e-09,4.701452e-11
2.112388e+01,8.327948e-10,1.437714e-08,1.437714e-10,2.837390e-10,4.709669e-09,4.709669e-11
2.112602e+01,8.358026e-10,1.449948e-08,1.449948e-10,2.830295e-10,4.738782e-09,4.738782e-11
2.112816e+01,8.453847e-10,1.464192e-08,1.464192e-10,2.861762e-10,4.778747e-09,4.778747e-11
2.113029e+01,8.586769e-10,1.479317e-08,1.479317e-10,2.915492e-10,4.815979e-09,4.815979e-11
2.113243e+01,8.685633e-10,1.495023e-08,1.495023e-10,2.939380e-10,4.838398e-09,4.838398e-11
2.113457e+01,8.738103e-10,1.512532e-08,1.512532e-10,2.931246e-10,4.860537e-09,4.860537e-11
2.113670e+01,8.791570e-10,1.532624e-08,1.532624e-10,2.938079e-10,4.910831e-09,4.910831e-11
2.113884e+01,8.858391e-10,1.553762e-08,1.553762e-10,2.969508e-10,4.968834e-09,4.968834e-11
2.114098e+01,8.892465e-10,1.575245e-08,1.575245e-10,2.978279e-10,5.018860e-09,5.018860e-11
2.114311e+01,8.876040e-10,1.596757e-08,1.596757e-10,2.945261e-10,5.043867e-09,5.043867e-11
2.114525e+01,8.863824e-10,1.620415e-08,1.620415e-10,2.921037e-10,5.095629e-09,5.095629e-11
2.114739e+01,8.900192e-10,1.645608e-08,1.645608e-10,2.944021e-10,5.168470e-09,5.168470e-11
2.114952e+01,8.945969e-10,1.671355e-08,1.671355e-10,2.972592e-10,5.253155e-09,5.253155e-11
2.115166e+01,8.942678e-10,1.695598e-08,1.695598e-10,2.952811e-10,5.299432e-09,5.299432e-11
2.115380e+01,8.909057e-10,1.719095e-08,1.719095e-10,2.910077e-10,5.343324e-09,5.343324e-11
2.115593e+01,8.908429e-10,1.742227e-08,1.742227e-10,2.906919e-10,5.405098e-09,5.405098e-11
2.115807e+01,8.942181e-10,1.763882e-08,1.763882e-10,2.935804e-10,5.482374e-09,5.482374e-11
2.116021e+01,8.951769e-10,1.782296e-08,1.782296e-10,2.931623e-10,5.533159e-09,5.533159e-11
2.116234e+01,8.922291e-10,1.796636e-08,1.796636e-10,2.884650e-10,5.544003e-09,5.544003e-11
2.116448e+01,8.909053e-10,1.808433e-08,1.808433e-10,2.859703e-10,5.564559e-09,5.564559e-11
2.116662e+01,8.943434e-10,1.817439e-08,1.817439e-10,2.886621e-10,5.590659e-09,5.590659e-11
2.116875e+01,8.978555e-10,1.823027e-08,1.823027e-10,2.909061e-10,5.614827e-09,5.614827e-11
2.117089e+01,8.967162e-10,1.823517e-08,1.823517e-10,2.879557e-10,5.583037e-09,5.583037e-11
2.117303e+01,8.935154e-10,1.819826e-08,1.819826e-10,2.837736e-10,5.543810e-09,5.543810e-11
2.117516e+01,8.929344e-10,1.812540e-08,1.812540e-10,2.840277e-10,5.504726e-09,5.504726e-11
2.117730e+01,8.935135e-10,1.802195e-08,1.802195e-10,2.864513e-10,5.474836e-09,5.474836e-11
2.117944e+01,8.904540e-10,1.788481e-08,1.788481e-10,2.849242e-10,5.410416e-09,5.410416e-11
2.118157e+01,8.839712e-10,1.772001e-08,1.772001e-10,2.798256e-10,5.319300e-09,5.319300e-11
2.118371e+01,8.786976e-10,1.754020e-08,1.754020e-10,2.770151e-10,5.237810e-09,5.237810e-11
2.118585e+01,8.762612e-10,1.735191e-08,1.735191e-10,2.780504e-10,5.165843e-09,5.165843e-11
2.118798e+01,8.737958e-10,1.715952e-08,1.715952e-10,2.782914e-10,5.097444e-09,5.097444e-11
2.119012e+01,8.700963e-10,1.696256e-08,1.696256e-10,2.752630e-10,5.005148e-09,5.005148e-11
2.119226e+01,8.681596e-10,1.676991e-08,1.676991e-10,2.726620e-10,4.927634e-09,4.927634e-11
2.119439e+01,8.695977e-10,1.658447e-08,1.658447e-10,2.736405e-10,4.866065e-09,4.866065e-11
2.119653e+01,8.709435e-10,1.640631e-08,1.640631e-10,2.754305e-10,4.824279e-09,4.824279e-11
2.119867e+01,8.683126e-10,1.622592e-08,1.622592e-10,2.741169e-10,4.777114e-09,4.777114e-11
2.120080e+01,8.627973e-10,1.604219e-08,1.604219e-10,2.707737e-10,4.734322e-09,4.734322e-11
2.120294e+01,8.579662e-10,1.585901e-08,1.585901e-10,2.689481e-10,4.707013e-09,4.707013e-11
2.120508e+01,8.547406e-10,1.568320e-08,1.568320e-10,2.690361e-10,4.695040e-09,4.695040e-11
2.120721e+01,8.519799e-10,1.551806e-08,1.551806e-10,2.690125e-10,4.692313e-09,4.692313e-11
2.120935e+01,8.495427e-10,1.536485e-08,1.536485e-10,2.684924e-10,4.694460e-09,4.694460e-11
2.121149e+01,8.478342e-10,1.521998e-08,1.521998e-10,2.685661e-10,4.705554e-09,4.705554e-11
2.121363e+01,8.459347e-10,1.507731e-08,1.507731e-10,2.691122e-10,4.720987e-09,4.720987e-11
2.121576e+01,8.429176e-10,1.493666e-08,1.493666e-10,2.692827e-10,4.738131e-09,4.738131e-11
2.121790e+01,8.396954e-10,1.480603e-08,1.480603e-10,2.694017e-10,4.758551e-09,4.758551e-11
2.122004e+01,8.374727e-10,1.469376e-08,1.469376e-10,2.700465e-10,4.784638e-09,4.784638e-11
2.122217e+01,8.355889e-10,1.460312e-08,1.460312e-10,2.704929e-10,4.813448e-09,4.813448e-11
2.122431e+01,8.326484e-10,1.453307e-08,1.453307e-10,2.700529e-10,4.841685e-09,4.841685e-11
2.122645e+01,8.289166e-10,1.447790e-08,1.447790e-10,2.698093e-10,4.870393e-09,4.870393e-11
2.122858e+01,8.253235e-10,1.442879e-08,1.442879e-10,2.706931e-10,4.897517e-09,4.897517e-11
2.123072e+01,8.211301e-10,1.438357e-08,1.438357e-10,2.710571e-10,4.919054e-09,4.919054e-11
2.123286e+01,8.154121e-10,1.434878e-08,1.434878e-10,2.691914e-10,4.926976e-09,4.926976e-11
2.123499e+01,8.100458e-10,1.433639e-08,1.433639e-10,2.670237e-10,4.934239e-09,4.934239e-11
2.123713e+01,8.078387e-10,1.435265e-08,1.435265e-10,2.675923e-10,4.946982e-09,4.946982e-11
2.123927e+01,8.079818e-10,1.439241e-08,1.439241e-10,2.697133e-10,4.967291e-09,4.967291e-11
2.124140e+01,8.070605e-10,1.443776e-08,1.443776e-10,2.695336e-10,4.973176e-09,4.973176e-11
2.124354e+01,8.045172e-10,1.447571e-08,1.447571e-10,2.670988e-10,4.965406e-09,4.965406e-11
2.124568e+01,8.035162e-10,1.450873e-08,1.450873e-10,2.664926e-10,4.958559e-09,4.958559e-11
2.124781e+01,8.057613e-10,1.454782e-08,1.454782e-10,2.689034e-10,4.957424e-09,4.957424e-11
2.124995e+01,8.090982e-10,1.459938e-08,1.459938e-10,2.706489e-10,4.955204e-09,4.955204e-11
2.125209e+01,8.116278e-10,1.465970e-08,1.465970e-10,2.696227e-10,4.935946e-09,4.935946e-11
2.125422e+01,8.145923e-10,1.472165e-08,1.472165e-10,2.688367e-10,4.920871e-09,4.920871e-11
2.125636e+01,8.190416e-10,1.477491e-08,1.477491e-10,2.708546e-10,4.905119e-09,4.905119e-11
2.125850e+01,8.230240e-10,1.481782e-08,1.481782e-10,2.730116e-10,4.890355e-09,4.890355e-11
2.126063e+01,8.253234e-10,1.485539e-08,1.485539e-10,2.720979e-10,4.852988e-09,4.852988e-11
2.126277e+01,8.285186e-10,1.490695e-08,1.490695e-10,2.701474e-10,4.815522e-09,4.815522e-11
2.126491e+01,8.347305e-10,1.498370e-08,1.498370e-10,2.708576e-10,4.787457e-09,4.787457e-11
2.126704e+01,8.415894e-10,1.508811e-08,1.508811e-10,2.731006e-10,4.773983e-09,4.773983e-11
2.126918e+01,8.461905e-10,1.520826e-08,1.520826e-10,2.731413e-10,4.754531e-09,4.754531e-11
2.127132e+01,8.502581e-10,1.533709e-08,1.533709e-10,2.713363e-10,4.729441e-09,4.729441e-11
2.127345e+01,8.571034e-10,1.547334e-08,1.547334e-10,2.712132e-10,4.713521e-09,4.713521e-11
2.127559e+01,8.657797e-10,1.562552e-08,1.562552e-10,2.730171e-10,4.708476e-09,4.708476e-11
2.127773e+01,8.725692e-10,1.579842e-08,1.579842e-10,2.735855e-10,4.709729e-09,4.709729e-11
2.127986e+01,8.773029e-10,1.599134e-08,1.599134e-10,2.724185e-10,4.713500e-09,4.713500e-11
2.128200e+01,8.836368e-10,1.619705e-08,1.619705e-10,2.725176e-10,4.731884e-09,4.731884e-11
2.128414e+01,8.924325e-10,1.639790e-08,1.639790e-10,2.745656e-10,4.755754e-09,4.755754e-11
2.128627e+01,8.998549e-10,1.658438e-08,1.658438e-10,2.754309e-10,4.776885e-09,4.776885e-11
2.128841e+01,9.036789e-10,1.675607e-08,1.675607e-10,2.738898e-10,4.789265e-09,4.789265e-11
2.129055e+01,9.068189e-10,1.692164e-08,1.692164e-10,2.730244e-10,4.810084e-09,4.810084e-11
2.129268e+01,9.118508e-10,1.708137e-08,1.708137e-10,2.745503e-10,4.838115e-09,4.838115e-11
2.129482e+01,9.166771e-10,1.722864e-08,1.722864e-10,2.755137e-10,4.867222e-09,4.867222e-11
2.129696e+01,9.190482e-10,1.734664e-08,1.734664e-10,2.737645e-10,4.878541e-09,4.878541e-11
2.129909e+01,9.206702e-10,1.743190e-08,1.743190e-10,2.721018e-10,4.886895e-09,4.886895e-11
2.130123e+01,9.233166e-10,1.748435e-08,1.748435e-10,2.732095e-10,4.894123e-09,4.894123e-11
2.130337e+01,9.247900e-10,1.751015e-08,1.751015e-10,2.744687e-10,4.903497e-09,4.903497e-11
2.130551e+01,9.228618e-10,1.751502e-08,1.751502e-10,2.725559e-10,4.893406e-09,4.893406e-11
2.130764e+01,9.200504e-10,1.750441e-08,1.750441e-10,2.698077e-10,4.881532e-09,4.881532e-11
2.130978e+01,9.198153e-10,1.747249e-08,1.747249e-10,2.703396e-10,4.872328e-09,4.872328e-11
2.131192e+01,9.202409e-10,1.740889e-08,1.740889e-10,2.725382e-10,4.864836e-09,4.864836e-11
2.131405e+01,9.165304e-10,1.730881e-08,1.730881e-10,2.715509e-10,4.835034e-09,4.835034e-11
2.131619e+01,9.090472e-10,1.718588e-08,1.718588e-10,2.677218e-10,4.791727e-09,4.791727e-11
2.131833e+01,9.031847e-10,1.706237e-08,1.706237e-10,2.661452e-10,4.760222e-09,4.760222e-11
2.132046e+01,9.009696e-10,1.694585e-08,1.694585e-10,2.680049e-10,4.742145e-09,4.742145e-11
2.132260e+01,8.985101e-10,1.682507e-08,1.682507e-10,2.688099e-10,4.724275e-09,4.724275e-11
2.132474e+01,8.928313e-10,1.667819e-08,1.667819e-10,2.662632e-10,4.684362e-09,4.684362e-11
2.132687e+01,8.860256e-10,1.649935e-08,1.649935e-10,2.637153e-10,4.643513e-09,4.643513e-11
2.132901e+01,8.807049e-10,1.630428e-08,1.630428e-10,2.637876e-10,4.604012e-09,4.604012e-11
2.133115e+01,8.760772e-10,1.611992e-08,1.611992e-10,2.640589e-10,4.576639e-09,4.576639e-11
2.133328e+01,8.707516e-10,1.595885e-08,1.595885e-10,2.619311e-10,4.544405e-09,4.544405e-11
2.133542e+01,8.655530e-10,1.581940e-08,1.581940e-10,2.593288e-10,4.524898e-09,4.524898e-11
2.133756e+01,8.608003e-10,1.568163e-08,1.568163e-10,2.587058e-10,4.512879e-09,4.512879e-11
2.133969e+01,8.540595e-10,1.552697e-08,1.552697e-10,2.581322e-10,4.502452e-09,4.502452e-11
2.134183e+01,8.442455e-10,1.535213e-08,1.535213e-10,2.550823e-10,4.476767e-09,4.476767e-11
2.134397e+01,8.348536e-10,1.518368e-08,1.518368e-10,2.516124e-10,4.454513e-09,4.454513e-11
2.134610e+01,8.291715e-10,1.504591e-08,1.504591e-10,2.509219e-10,4.448301e-09,4.448301e-11
2.134824e+01,8.250639e-10,1.494547e-08,1.494547e-10,2.517385e-10,4.457760e-09,4.457760e-11
2.135038e+01,8.188078e-10,1.486648e-08,1.486648e-10,2.508856e-10,4.465542e-09,4.465542e-11
2.135251e+01,8.111744e-10,1.478510e-08,1.478510e-10,2.490574e-10,4.468227e-09,4.468227e-11
2.135465e+01,8.047525e-10,1.467600e-08,1.467600e-10,2.488151e-10,4.462715e-09,4.462715e-11
2.135679e+01,7.983016e-10,1.454388e-08,1.454388e-10,2.489243e-10,4.450145e-09,4.450145e-11
2.135892e+01,7.892076e-10,1.441379e-08,1.441379e-10,2.464577e-10,4.425520e-09,4.425520e-11
2.136106e+01,7.796899e-10,1.431149e-08,1.431149e-10,2.429164e-10,4.403936e-09,4.403936e-11
2.136320e+01,7.747532e-10,1.424538e-08,1.424538e-10,2.424427e-10,4.396987e-09,4.396987e-11
2.136533e+01,7.741422e-10,1.420124e-08,1.420124e-10,2.445547e-10,4.404683e-09,4.404683e-11
2.136747e+01,7.720098e-10,1.414454e-08,1.414454e-10,2.443736e-10,4.397382e-09,4.397382e-11
2.136961e+01,7.657815e-10,1.405139e-08,1.405139e-10,2.409455e-10,4.364998e-09,4.364998e-11
2.137174e+01,7.600324e-10,1.394327e-08,1.394327e-10,2.392508e-10,4.336783e-09,4.336783e-11
2.137388e+01,7.588643e-10,1.385019e-08,1.385019e-10,2.415766e-10,4.325733e-09,4.325733e-11
2.137602e+01,7.599115e-10,1.378610e-08,1.378610e-10,2.435712e-10,4.323696e-09,4.323696e-11
2.137815e+01,7.595917e-10,1.373708e-08,1.373708e-10,2.422303e-10,4.293807e-09,4.293807e-11
2.138029e+01,7.587433e-10,1.369406e-08,1.369406e-10,2.412021e-10,4.277812e-09,4.277812e-11
2.138243e+01,7.586567e-10,1.362696e-08,1.362696e-10,2.437180e-10,4.262221e-09,4.262221e-11
2.138456e+01,7.563832e-10,1.352348e-08,1.352348e-10,2.458922e-10,4.250895e-09,4.250895e-11
2.138670e+01,7.493951e-10,1.338946e-08,1.338946e-10,2.430928e-10,4.186360e-09,4.186360e-11
2.138884e+01,7.413048e-10,1.325907e-08,1.325907e-10,2.385298e-10,4.121650e-09,4.121650e-11
2.139098e+01,7.374334e-10,1.314875e-08,1.314875e-10,2.383772e-10,4.078476e-09,4.078476e-11
2.139311e+01,7.368550e-10,1.305795e-08,1.305795e-10,2.415579e-10,4.064878e-09,4.064878e-11
2.139525e+01,7.341731e-10,1.297037e-08,1.297037e-10,2.416898e-10,4.032307e-09,4.032307e-11
2.139739e+01,7.284633e-10,1.286870e-08,1.286870e-10,2.377748e-10,3.964031e-09,3.964031e-11
2.139952e+01,7.244613e-10,1.276035e-08,1.276035e-10,2.355464e-10,3.916000e-09,3.916000e-11
2.140166e+01,7.241584e-10,1.266298e-08,1.266298e-10,2.373474e-10,3.884053e-09,3.884053e-11
2.140380e+01,7.237030e-10,1.259156e-08,1.259156e-10,2.383270e-10,3.868959e-09,3.868959e-11
2.140593e+01,7.209130e-10,1.253672e-08,1.253672e-10,2.354628e-10,3.814701e-09,3.814701e-11
2.140807e+01,7.194847e-10,1.250803e-08,1.250803e-10,2.329321e-10,3.783530e-09,3.783530e-11
2.141021e+01,7.221755e-10,1.249426e-08,1.249426e-10,2.345760e-10,3.769880e-09,3.769880e-11
2.141234e+01,7.253679e-10,1.248007e-08,1.248007e-10,2.372057e-10,3.772041e-09,3.772041e-11
2.141448e+01,7.244763e-10,1.245307e-08,1.245307e-10,2.360828e-10,3.746457e-09,3.746457e-11
2.141662e+01,7.207720e-10,1.242796e-08,1.242796e-10,2.327169e-10,3.714636e-09,3.714636e-11
2.141875e+01,7.188641e-10,1.242008e-08,1.242008e-10,2.318775e-10,3.704663e-09,3.704663e-11
2.142089e+01,7.200298e-10,1.243896e-08,1.243896e-10,2.337483e-10,3.711823e-09,3.711823e-11
2.142303e+01,7.220346e-10,1.248309e-08,1.248309e-10,2.346325e-10,3.724324e-09,3.724324e-11
2.142516e+01,7.241030e-10,1.254674e-08,1.254674e-10,2.336504e-10,3.730554e-09,3.730554e-11
2.142730e+01,7.277643e-10,1.262854e-08,1.262854e-10,2.335442e-10,3.750196e-09,3.750196e-11
2.142944e+01,7.328945e-10,1.272711e-08,1.272711e-10,2.353258e-10,3.778577e-09,3.778577e-11
2.143157e+01,7.373308e-10,1.285117e-08,1.285117e-10,2.367430e-10,3.813429e-09,3.813429e-11
2.143371e+01,7.410599e-10,1.300508e-08,1.300508e-10,2.367087e-10,3.846185e-09,3.846185e-11
2.143585e+01,7.466196e-10,1.318764e-08,1.318764e-10,2.370327e-10,3.883801e-09,3.883801e-11
2.143798e+01,7.544308e-10,1.338728e-08,1.338728e-10,2.386923e-10,3.926085e-09,3.926085e-11
2.144012e+01,7.614410e-10,1.358939e-08,1.358939e-10,2.401591e-10,3.967257e-09,3.967257e-11
2.144226e+01,7.652662e-10,1.378108e-08,1.378108e-10,2.402603e-10,4.001447e-09,4.001447e-11
2.144439e+01,7.667126e-10,1.395975e-08,1.395975e-10,2.396862e-10,4.029920e-09,4.029920e-11
2.144653e+01,7.677078e-10,1.413111e-08,1.413111e-10,2.391165e-10,4.055426e-09,4.055426e-11
2.144867e+01,7.690416e-10,1.430097e-08,1.430097e-10,2.382465e-10,4.076994e-09,4.076994e-11
2.145080e+01,7.708439e-10,1.446978e-08,1.446978e-10,2.373336e-10,4.095597e-09,4.095597e-11
2.145294e+01,7.735132e-10,1.463363e-08,1.463363e-10,2.374055e-10,4.113386e-09,4.113386e-11
2.145508e+01,7.770606e-10,1.478653e-08,1.478653e-10,2.381213e-10,4.129206e-09,4.129206e-11
2.145721e+01,7.807954e-10,1.492269e-08,1.492269e-10,2.379454e-10,4.135516e-09,4.135516e-11
2.145935e+01,7.844523e-10,1.504020e-08,1.504020e-10,2.370057e-10,4.133994e-09,4.133994e-11
2.146149e+01,7.883586e-10,1.514038e-08,1.514038e-10,2.370263e-10,4.131151e-09,4.131151e-11
2.146362e+01,7.920058e-10,1.522429e-08,1.522429e-10,2.379684e-10,4.128801e-09,4.128801e-11
2.146576e+01,7.945918e-10,1.528781e-08,1.528781e-10,2.378579e-10,4.118985e-09,4.118985e-11
2.146790e+01,7.971456e-10,1.532618e-08,1.532618e-10,2.366754e-10,4.100196e-09,4.100196e-11
2.147003e+01,8.007956e-10,1.533360e-08,1.533360e-10,2.367387e-10,4.082615e-09,4.082615e-11
2.147217e+01,8.032096e-10,1.530344e-08,1.530344e-10,2.381705e-10,4.065937e-09,4.065937e-11
2.147431e+01,8.008871e-10,1.523280e-08,1.523280e-10,2.380712e-10,4.042834e-09,4.042834e-11
2.147644e+01,7.952062e-10,1.513453e-08,1.513453e-10,2.357043e-10,4.006842e-09,4.006842e-11
2.147858e+01,7.918639e-10,1.502672e-08,1.502672e-10,2.344076e-10,3.977810e-09,3.977810e-11
2.148072e+01,7.931647e-10,1.492110e-08,1.492110e-10,2.361507e-10,3.959960e-09,3.959960e-11
2.148286e+01,7.948961e-10,1.482127e-08,1.482127e-10,2.379548e-10,3.950441e-09,3.950441e-11
2.148499e+01,7.929685e-10,1.471431e-08,1.471431e-10,2.368739e-10,3.926805e-09,3.926805e-11
2.148713e+01,7.898591e-10,1.460278e-08,1.460278e-10,2.352962e-10,3.910076e-09,3.910076e-11
2.148927e+01,7.905333e-10,1.449594e-08,1.449594e-10,2.367950e-10,3.903902e-09,3.903902e-11
2.149140e+01,7.943648e-10,1.440444e-08,1.440444e-10,2.394253e-10,3.912630e-09,3.912630e-11
2.149354e+01,7.968536e-10,1.432047e-08,1.432047e-10,2.390396e-10,3.897863e-09,3.897863e-11
2.149568e+01,7.976590e-10,1.424706e-08,1.424706e-10,2.371078e-10,3.885066e-09,3.885066e-11
2.149781e+01,8.000358e-10,1.417499e-08,1.417499e-10,2.383421e-10,3.886158e-09,3.886158e-11
2.149995e+01,8.031648e-10,1.410130e-08,1.410130e-10,2.418152e-10,3.909104e-09,3.909104e-11
2.150209e+01,8.027393e-10,1.402237e-08,1.402237e-10,2.420455e-10,3.908890e-09,3.908890e-11
2.150422e+01,7.993441e-10,1.394012e-08,1.394012e-10,2.388710e-10,3.882986e-09,3.882986e-11
2.150636e+01,7.986677e-10,1.387486e-08,1.387486e-10,2.383313e-10,3.879870e-09,3.879870e-11
2.150850e+01,8.022039e-10,1.382789e-08,1.382789e-10,2.423413e-10,3.899803e-09,3.899803e-11
2.151063e+01,8.044869e-10,1.379716e-08,1.379716e-10,2.451316e-10,3.928506e-09,3.928506e-11
2.151277e+01,8.022139e-10,1.376930e-08,1.376930e-10,2.431100e-10,3.898730e-09,3.898730e-11
2.151491e+01,8.002802e-10,1.376492e-08,1.376492e-10,2.413407e-10,3.894903e-09,3.894903e-11
2.151704e+01,8.040753e-10,1.378005e-08,1.378005e-10,2.450026e-10,3.909567e-09,3.909567e-11
2.151918e+01,8.103465e-10,1.381389e-08,1.381389e-10,2.501291e-10,3.959116e-09,3.959116e-11
2.152132e+01,8.122964e-10,1.384432e-08,1.384432e-10,2.500401e-10,3.944868e-09,3.944868e-11
2.152345e+01,8.106646e-10,1.387655e-08,1.387655e-10,2.468187e-10,3.919555e-09,3.919555e-11
2.152559e+01,8.119227e-10,1.391994e-08,1.391994e-10,2.477309e-10,3.925838e-09,3.925838e-11
2.152773e+01,8.170144e-10,1.396813e-08,1.396813e-10,2.526689e-10,3.964143e-09,3.964143e-11
2.152986e+01,8.203057e-10,1.400638e-08,1.400638e-10,2.545600e-10,3.982606e-09,3.982606e-11
2.153200e+01,8.198654e-10,1.402414e-08,1.402414e-10,2.517624e-10,3.942324e-09,3.942324e-11
2.153414e+01,8.206623e-10,1.404152e-08,1.404152e-10,2.507586e-10,3.937459e-09,3.937459e-11
2.153627e+01,8.258641e-10,1.405978e-08,1.405978e-10,2.549509e-10,3.951198e-09,3.951198e-11
2.153841e+01,8.316065e-10,1.408074e-08,1.408074e-10,2.590237e-10,3.986938e-09,3.986938e-11
2.154055e+01,8.336656e-10,1.408649e-08,1.408649e-10,2.580766e-10,3.961411e-09,3.961411e-11
2.154268e+01,8.341865e-10,1.408378e-08,1.408378e-10,2.555665e-10,3.942688e-09,3.942688e-11
2.154482e+01,8.371740e-10,1.407326e-08,1.407326e-10,2.568944e-10,3.941598e-09,3.941598e-11
2.154696e+01,8.413857e-10,1.406144e-08,1.406144e-10,2.602865e-10,3.961563e-09,3.961563e-11
2.154909e+01,8.430682e-10,1.404856e-08,1.404856e-10,2.603852e-10,3.962462e-09,3.962462e-11
2.155123e+01,8.430051e-10,1.403991e-08,1.403991e-10,2.576398e-10,3.945458e-09,3.945458e-11
2.155337e+01,8.448763e-10,1.403841e-08,1.403841e-10,2.571573e-10,3.953537e-09,3.953537e-11
2.155550e+01,8.483379e-10,1.403253e-08,1.403253e-10,2.597868e-10,3.970804e-09,3.970804e-11
2.155764e+01,8.495753e-10,1.401618e-08,1.401618e-10,2.612059e-10,3.989571e-09,3.989571e-11
2.155978e+01,8.477882e-10,1.399484e-08,1.399484e-10,2.595377e-10,3.987551e-09,3.987551e-11
2.156191e+01,8.463738e-10,1.399179e-08,1.399179e-10,2.579838e-10,3.999370e-09,3.999370e-11
2.156405e+01,8.473160e-10,1.401601e-08,1.401601e-10,2.590626e-10,4.027562e-09,4.027562e-11
2.156619e+01,8.484094e-10,1.406556e-08,1.406556e-10,2.609187e-10,4.067932e-09,4.067932e-11
2.156833e+01,8.473571e-10,1.412366e-08,1.412366e-10,2.609862e-10,4.104259e-09,4.104259e-11
2.157046e+01,8.454200e-10,1.417397e-08,1.417397e-10,2.598586e-10,4.132927e-09,4.132927e-11
2.157260e+01,8.450450e-10,1.421383e-08,1.421383e-10,2.595782e-10,4.160700e-09,4.160700e-11
2.157474e+01,8.459571e-10,1.425579e-08,1.425579e-10,2.603979e-10,4.190726e-09,4.190726e-11
2.157687e+01,8.464426e-10,1.430971e-08,1.430971e-10,2.613089e-10,4.223982e-09,4.223982e-11
2.157901e+01,8.467718e-10,1.437878e-08,1.437878e-10,2.621189e-10,4.259055e-09,4.259055e-11
2.158115e+01,8.484758e-10,1.445688e-08,1.445688e-10,2.632015e-10,4.294579e-09,4.294579e-11
2.158328e+01,8.514843e-10,1.451900e-08,1.451900e-10,2.643979e-10,4.323327e-09,4.323327e-11
2.158542e+01,8.539575e-10,1.454214e-08,1.454214e-10,2.654087e-10,4.337263e-09,4.337263e-11
2.158756e+01,8.544685e-10,1.453083e-08,1.453083e-10,2.662659e-10,4.337736e-09,4.337736e-11
2.158969e+01,8.535241e-10,1.451177e-08,1.451177e-10,2.667141e-10,4.334447e-09,4.334447e-11
2.159183e+01,8.537532e-10,1.451337e-08,1.451337e-10,2.666706e-10,4.331652e-09,4.331652e-11
2.159397e+01,8.581467e-10,1.454924e-08,1.454924e-10,2.674580e-10,4.337377e-09,4.337377e-11
2.159610e+01,8.666345e-10,1.460736e-08,1.460736e-10,2.703212e-10,4.351133e-09,4.351133e-11
2.159824e+01,8.751815e-10,1.465716e-08,1.465716e-10,2.737292e-10,4.361648e-09,4.361648e-11
2.160038e+01,8.798337e-10,1.468033e-08,1.468033e-10,2.747460e-10,4.354409e-09,4.354409e-11
2.160251e+01,8.813455e-10,1.470062e-08,1.470062e-10,2.734999e-10,4.338006e-09,4.338006e-11
2.160465e+01,8.839633e-10,1.475787e-08,1.475787e-10,2.733982e-10,4.337904e-09,4.337904e-11
2.160679e+01,8.895853e-10,1.487176e-08,1.487176e-10,2.758806e-10,4.358223e-09,4.358223e-11
2.160892e+01,8.955124e-10,1.503749e-08,1.503749e-10,2.782135e-10,4.392440e-09,4.392440e-11
2.161106e+01,8.988955e-10,1.523215e-08,1.523215e-10,2.781731e-10,4.423700e-09,4.423700e-11
2.161320e+01,9.004171e-10,1.542583e-08,1.542583e-10,2.775380e-10,4.455821e-09,4.455821e-11
2.161533e+01,9.016353e-10,1.560978e-08,1.560978e-10,2.784861e-10,4.487070e-09,4.487070e-11
2.161747e+01,9.021491e-10,1.580829e-08,1.580829e-10,2.796538e-10,4.525708e-09,4.525708e-11
2.161961e+01,9.021423e-10,1.604123e-08,1.604123e-10,2.790683e-10,4.565864e-09,4.565864e-11
2.162174e+01,9.044825e-10,1.631516e-08,1.631516e-10,2.784231e-10,4.618379e-09,4.618379e-11
2.162388e+01,9.105835e-10,1.661715e-08,1.661715e-10,2.803041e-10,4.686220e-09,4.686220e-11
2.162602e+01,9.166508e-10,1.691810e-08,1.691810e-10,2.830600e-10,4.761946e-09,4.761946e-11
2.162815e+01,9.179481e-10,1.717956e-08,1.717956e-10,2.830087e-10,4.819207e-09,4.819207e-11
2.163029e+01,9.153855e-10,1.739714e-08,1.739714e-10,2.806397e-10,4.860069e-09,4.860069e-11
2.163243e+01,9.140630e-10,1.759263e-08,1.759263e-10,2.799068e-10,4.900831e-09,4.900831e-11
2.163456e+01,9.157608e-10,1.778041e-08,1.778041e-10,2.816163e-10,4.950066e-09,4.950066e-11
2.163670e+01,9.174472e-10,1.795419e-08,1.795419e-10,2.825853e-10,4.994848e-09,4.994848e-11
2.163884e+01,9.172904e-10,1.809731e-08,1.809731e-10,2.818083e-10,5.028341e-09,5.028341e-11
2.164097e+01,9.168792e-10,1.818878e-08,1.818878e-10,2.819531e-10,5.055089e-09,5.055089e-11
2.164311e+01,9.162109e-10,1.821018e-08,1.821018e-10,2.834634e-10,5.068465e-09,5.068465e-11
2.164525e+01,9.121189e-10,1.817044e-08,1.817044e-10,2.828332e-10,5.066687e-09,5.066687e-11
2.164738e+01,9.044765e-10,1.808896e-08,1.808896e-10,2.790040e-10,5.042354e-09,5.042354e-11
2.164952e+01,8.986109e-10,1.798739e-08,1.798739e-10,2.762550e-10,5.025184e-09,5.025184e-11
2.165166e+01,8.982174e-10,1.786961e-08,1.786961e-10,2.775555e-10,5.013315e-09,5.013315e-11
2.165379e+01,8.996569e-10,1.773343e-08,1.773343e-10,2.793990e-10,5.010058e-09,5.010058e-11
2.165593e+01,8.970688e-10,1.756146e-08,1.756146e-10,2.775119e-10,4.979350e-09,4.979350e-11
2.165807e+01,8.904999e-10,1.735224e-08,1.735224e-10,2.739948e-10,4.944651e-09,4.944651e-11
2.166021e+01,8.844892e-10,1.712318e-08,1.712318e-10,2.734584e-10,4.916360e-09,4.916360e-11
2.166234e+01,8.806534e-10,1.689707e-08,1.689707e-10,2.749994e-10,4.904852e-09,4.904852e-11
2.166448e+01,8.766606e-10,1.668173e-08,1.668173e-10,2.741110e-10,4.883973e-09,4.883973e-11
2.166662e+01,8.718919e-10,1.647772e-08,1.647772e-10,2.710343e-10,4.856090e-09,4.856090e-11
2.166875e+01,8.681972e-10,1.627902e-08,1.627902e-10,2.703343e-10,4.845231e-09,4.845231e-11
2.167089e+01,8.646587e-10,1.606969e-08,1.606969e-10,2.722801e-10,4.841108e-09,4.841108e-11
2.167303e+01,8.578176e-10,1.584773e-08,1.584773e-10,2.718861e-10,4.833025e-09,4.833025e-11
2.167516e+01,8.479917e-10,1.562453e-08,1.562453e-10,2.676042e-10,4.800067e-09,4.800067e-11
2.167730e+01,8.399794e-10,1.542074e-08,1.542074e-10,2.642947e-10,4.783226e-09,4.783226e-11
2.167944e+01,8.357445e-10,1.523745e-08,1.523745e-10,2.652736e-10,4.778480e-09,4.778480e-11
2.168157e+01,8.313331e-10,1.506901e-08,1.506901e-10,2.670684e-10,4.785445e-09,4.785445e-11
2.168371e+01,8.233614e-10,1.490492e-08,1.490492e-10,2.654760e-10,4.772286e-09,4.772286e-11
2.168585e+01,8.144307e-10,1.474656e-08,1.474656e-10,2.623992e-10,4.754277e-09,4.754277e-11
2.168798e+01,8.089085e-10,1.459817e-08,1.459817e-10,2.621363e-10,4.740052e-09,4.740052e-11
2.169012e+01,8.061105e-10,1.446740e-08,1.446740e-10,2.640222e-10,4.729562e-09,4.729562e-11
2.169226e+01,8.022116e-10,1.435009e-08,1.435009e-10,2.640880e-10,4.708014e-09,4.708014e-11
2.169439e+01,7.968785e-10,1.424231e-08,1.424231e-10,2.619183e-10,4.671925e-09,4.671925e-11
2.169653e+01,7.929497e-10,1.414447e-08,1.414447e-10,2.605187e-10,4.633418e-09,4.633418e-11
2.169867e+01,7.905779e-10,1.405220e-08,1.405220e-10,2.604611e-10,4.591002e-09,4.591002e-11
2.170080e+01,7.868245e-10,1.395759e-08,1.395759e-10,2.592382e-10,4.539684e-09,4.539684e-11
2.170294e+01,7.809254e-10,1.385952e-08,1.385952e-10,2.561991e-10,4.477382e-09,4.477382e-11
2.170508e+01,7.752125e-10,1.376265e-08,1.376265e-10,2.534175e-10,4.414050e-09,4.414050e-11
2.170721e+01,7.710452e-10,1.367003e-08,1.367003e-10,2.517028e-10,4.352284e-09,4.352284e-11
2.170935e+01,7.675628e-10,1.358493e-08,1.358493e-10,2.498532e-10,4.290578e-09,4.290578e-11
2.171149e+01,7.645179e-10,1.350713e-08,1.350713e-10,2.478460e-10,4.229581e-09,4.229581e-11
2.171362e+01,7.628680e-10,1.343600e-08,1.343600e-10,2.470549e-10,4.174956e-09,4.174956e-11
2.171576e+01,7.619379e-10,1.336715e-08,1.336715e-10,2.469937e-10,4.125821e-09,4.125821e-11
2.171790e+01,7.592567e-10,1.329850e-08,1.329850e-10,2.453011e-10,4.074038e-09,4.074038e-11
2.172003e+01,7.543866e-10,1.322951e-08,1.322951e-10,2.419186e-10,4.018813e-09,4.018813e-11
2.172217e+01,7.502218e-10,1.316498e-08,1.316498e-10,2.398233e-10,3.972400e-09,3.972400e-11
2.172431e+01,7.483999e-10,1.310491e-08,1.310491e-10,2.398739e-10,3.934871e-09,3.934871e-11
2.172644e+01,7.466302e-10,1.304659e-08,1.304659e-10,2.389551e-10,3.896664e-09,3.896664e-11
2.172858e+01,7.430586e-10,1.298405e-08,1.298405e-10,2.355190e-10,3.841573e-09,3.841573e-11
2.173072e+01,7.397739e-10,1.291981e-08,1.291981e-10,2.327288e-10,3.793052e-09,3.793052e-11
2.173285e+01,7.389892e-10,1.285498e-08,1.285498e-10,2.331504e-10,3.754072e-09,3.754072e-11
2.173499e+01,7.386042e-10,1.278818e-08,1.278818e-10,2.340371e-10,3.727222e-09,3.727222e-11
2.173713e+01,7.352823e-10,1.271126e-08,1.271126e-10,2.317947e-10,3.681527e-09,3.681527e-11
2.173926e+01,7.295520e-10,1.262431e-08,1.262431e-10,2.280479e-10,3.636340e-09,3.636340e-11
2.174140e+01,7.245236e-10,1.253397e-08,1.253397e-10,2.267735e-10,3.605237e-09,3.605237e-11
2.174354e+01,7.208788e-10,1.244943e-08,1.244943e-10,2.275817e-10,3.594645e-09,3.594645e-11
2.174568e+01,7.166238e-10,1.237495e-08,1.237495e-10,2.266914e-10,3.585783e-09,3.585783e-11
2.174781e+01,7.119647e-10,1.231240e-08,1.231240e-10,2.237263e-10,3.572606e-09,3.572606e-11
2.174995e+01,7.103045e-10,1.226794e-08,1.226794e-10,2.226080e-10,3.581641e-09,3.581641e-11
2.175209e+01,7.134776e-10,1.224769e-08,1.224769e-10,2.251575e-10,3.613736e-09,3.613736e-11
2.175422e+01,7.193239e-10,1.225502e-08,1.225502e-10,2.283424e-10,3.667411e-09,3.667411e-11
2.175636e+01,7.254326e-10,1.228436e-08,1.228436e-10,2.296507e-10,3.721009e-09,3.721009e-11
2.175850e+01,7.319722e-10,1.232922e-08,1.232922e-10,2.308125e-10,3.788920e-09,3.788920e-11
2.176063e+01,7.390524e-10,1.237992e-08,1.237992e-10,2.338517e-10,3.869570e-09,3.869570e-11
2.176277e+01,7.449915e-10,1.243331e-08,1.243331e-10,2.374444e-10,3.964555e-09,3.964555e-11
2.176491e+01,7.488637e-10,1.248757e-08,1.248757e-10,2.395468e-10,4.060952e-09,4.060952e-11
2.176704e+01,7.523568e-10,1.254573e-08,1.254573e-10,2.409358e-10,4.160593e-09,4.160593e-11
2.176918e+01,7.573149e-10,1.261091e-08,1.261091e-10,2.435826e-10,4.264047e-09,4.264047e-11
2.177132e+01,7.632647e-10,1.269233e-08,1.269233e-10,2.473151e-10,4.371154e-09,4.371154e-11
2.177345e+01,7.692607e-10,1.280119e-08,1.280119e-10,2.508276e-10,4.480763e-09,4.480763e-11
2.177559e+01,7.764239e-10,1.294816e-08,1.294816e-10,2.543674e-10,4.593973e-09,4.593973e-11
2.177773e+01,7.865119e-10,1.313631e-08,1.313631e-10,2.588582e-10,4.710497e-09,4.710497e-11
2.177986e+01,7.986715e-10,1.336432e-08,1.336432e-10,2.636365e-10,4.824871e-09,4.824871e-11
2.178200e+01,8.105015e-10,1.363439e-08,1.363439e-10,2.674764e-10,4.935724e-09,4.935724e-11
2.178414e+01,8.218274e-10,1.395307e-08,1.395307e-10,2.709594e-10,5.048074e-09,5.048074e-11
2.178627e+01,8.344105e-10,1.432408e-08,1.432408e-10,2.753820e-10,5.165567e-09,5.165567e-11
2.178841e+01,8.485904e-10,1.473908e-08,1.473908e-10,2.800845e-10,5.283496e-09,5.283496e-11
2.179055e+01,8.629715e-10,1.518261e-08,1.518261e-10,2.836472e-10,5.393325e-09,5.393325e-11
2.179268e+01,8.771430e-10,1.564193e-08,1.564193e-10,2.869012e-10,5.498268e-09,5.498268e-11
2.179482e+01,8.918774e-10,1.610956e-08,1.610956e-10,2.916196e-10,5.603971e-09,5.603971e-11
2.179696e+01,9.068959e-10,1.657943e-08,1.657943e-10,2.971643e-10,5.710047e-09,5.710047e-11
2.179909e+01,9.206331e-10,1.704512e-08,1.704512e-10,3.012230e-10,5.807479e-09,5.807479e-11
2.180123e+01,9.323611e-10,1.750078e-08,1.750078e-10,3.035087e-10,5.893977e-09,5.893977e-11
2.180337e+01,9.430568e-10,1.794491e-08,1.794491e-10,3.061934e-10,5.976300e-09,5.976300e-11
2.180550e+01,9.535483e-10,1.837606e-08,1.837606e-10,3.100556e-10,6.057966e-09,6.057966e-11
2.180764e+01,9.636354e-10,1.878925e-08,1.878925e-10,3.132288e-10,6.134144e-09,6.134144e-11
2.180978e+01,9.738130e-10,1.917725e-08,1.917725e-10,3.149372e-10,6.198465e-09,6.198465e-11
2.181191e+01,9.857035e-10,1.953420e-08,1.953420e-10,3.171969e-10,6.255891e-09,6.255891e-11
2.181405e+01,9.991508e-10,1.985511e-08,1.985511e-10,3.212508e-10,6.307791e-09,6.307791e-11
2.181619e+01,1.011118e-09,2.013172e-08,2.013172e-10,3.251623e-10,6.352629e-09,6.352629e-11
2.181832e+01,1.019359e-09,2.035337e-08,2.035337e-10,3.269400e-10,6.382106e-09,6.382106e-11
2.182046e+01,1.024788e-09,2.051283e-08,2.051283e-10,3.276295e-10,6.398482e-09,6.398482e-11
2.182260e+01,1.028929e-09,2.060595e-08,2.060595e-10,3.289702e-10,6.402643e-09,6.402643e-11
2.182473e+01,1.031189e-09,2.063318e-08,2.063318e-10,3.302298e-10,6.395161e-09,6.395161e-11
2.182687e+01,1.030117e-09,2.059774e-08,2.059774e-10,3.298368e-10,6.372909e-09,6.372909e-11
2.182901e+01,1.025422e-09,2.050062e-08,2.050062e-10,3.280206e-10,6.337622e-09,6.337622e-11
2.183115e+01,1.017431e-09,2.033885e-08,2.033885e-10,3.257162e-10,6.287532e-09,6.287532e-11
2.183328e+01,1.006312e-09,2.011860e-08,2.011860e-10,3.225528e-10,6.222650e-09,6.222650e-11
2.183542e+01,9.932769e-10,1.985356e-08,1.985356e-10,3.180185e-10,6.143508e-09,6.143508e-11
2.183756e+01,9.813696e-10,1.956067e-08,1.956067e-10,3.136416e-10,6.057516e-09,6.057516e-11
2.183969e+01,9.722806e-10,1.924922e-08,1.924922e-10,3.111020e-10,5.968785e-09,5.968785e-11
2.184183e+01,9.630286e-10,1.892108e-08,1.892108e-10,3.088177e-10,5.876201e-09,5.876201e-11
2.184397e+01,9.491090e-10,1.856376e-08,1.856376e-10,3.039420e-10,5.768239e-09,5.768239e-11
2.184610e+01,9.305508e-10,1.816391e-08,1.816391e-10,2.971001e-10,5.644846e-09,5.644846e-11
2.184824e+01,9.112809e-10,1.772621e-08,1.772621e-10,2.913381e-10,5.512632e-09,5.512632e-11
2.185038e+01,8.927672e-10,1.727208e-08,1.727208e-10,2.866956e-10,5.380439e-09,5.380439e-11
2.185251e+01,8.730621e-10,1.682145e-08,1.682145e-10,2.802456e-10,5.242735e-09,5.242735e-11
2.185465e+01,8.523569e-10,1.638832e-08,1.638832e-10,2.720610e-10,5.101297e-09,5.101297e-11
2.185679e+01,8.343191e-10,1.598070e-08,1.598070e-10,2.660848e-10,4.975368e-09,4.975368e-11
2.185892e+01,8.199057e-10,1.556966e-08,1.556966e-10,2.632927e-10,4.854624e-09,4.854624e-11
2.186106e+01,8.042613e-10,1.512577e-08,1.512577e-10,2.590928e-10,4.724682e-09,4.724682e-11
2.186320e+01,7.837414e-10,1.465374e-08,1.465374e-10,2.505896e-10,4.560699e-09,4.560699e-11
2.186533e+01,7.628169e-10,1.420995e-08,1.420995e-10,2.421231e-10,4.412327e-09,4.412327e-11
2.186747e+01,7.488651e-10,1.384255e-08,1.384255e-10,2.391573e-10,4.296742e-09,4.296742e-11
2.186961e+01,7.417049e-10,1.356841e-08,1.356841e-10,2.395976e-10,4.230266e-09,4.230266e-11
2.187174e+01,7.341700e-10,1.334362e-08,1.334362e-10,2.370274e-10,4.154920e-09,4.154920e-11
2.187388e+01,7.224591e-10,1.308930e-08,1.308930e-10,2.309088e-10,4.055814e-09,4.055814e-11
2.187602e+01,7.097941e-10,1.276921e-08,1.276921e-10,2.267792e-10,3.956337e-09,3.956337e-11
2.187815e+01,6.995621e-10,1.242816e-08,1.242816e-10,2.265146e-10,3.873738e-09,3.873738e-11
2.188029e+01,6.909422e-10,1.215185e-08,1.215185e-10,2.254125e-10,3.817917e-09,3.817917e-11
2.188243e+01,6.833239e-10,1.198324e-08,1.198324e-10,2.208647e-10,3.746227e-09,3.746227e-11
2.188456e+01,6.793862e-10,1.193573e-08,1.193573e-10,2.173637e-10,3.729591e-09,3.729591e-11
2.188670e+01,6.799447e-10,1.193409e-08,1.193409e-10,2.187929e-10,3.740842e-09,3.740842e-11
2.188884e+01,6.798305e-10,1.187458e-08,1.187458e-10,2.211192e-10,3.756676e-09,3.756676e-11
2.189097e+01,6.742705e-10,1.171886e-08,1.171886e-10,2.184820e-10,3.697645e-09,3.697645e-11
2.189311e+01,6.671405e-10,1.155796e-08,1.155796e-10,2.129793e-10,3.617734e-09,3.617734e-11
2.189525e+01,6.666921e-10,1.150614e-08,1.150614e-10,2.118511e-10,3.589387e-09,3.589387e-11
2.189738e+01,6.739111e-10,1.160807e-08,1.160807e-10,2.163238e-10,3.627266e-09,3.627266e-11
2.189952e+01,6.813029e-10,1.181114e-08,1.181114e-10,2.199543e-10,3.696274e-09,3.696274e-11
2.190166e+01,6.836825e-10,1.198227e-08,1.198227e-10,2.188609e-10,3.708190e-09,3.708190e-11
2.190379e+01,6.838853e-10,1.203029e-08,1.203029e-10,2.170325e-10,3.697266e-09,3.697266e-11
2.190593e+01,6.862539e-10,1.197131e-08,1.197131e-10,2.188880e-10,3.663264e-09,3.663264e-11
2.190807e+01,6.903664e-10,1.192744e-08,1.192744e-10,2.223068e-10,3.657792e-09,3.657792e-11
2.191020e+01,6.942781e-10,1.198972e-08,1.198972e-10,2.231698e-10,3.651648e-09,3.651648e-11
2.191234e+01,6.998380e-10,1.218752e-08,1.218752e-10,2.228223e-10,3.680493e-09,3.680493e-11
2.191448e+01,7.098020e-10,1.245239e-08,1.245239e-10,2.256167e-10,3.748998e-09,3.748998e-11
2.191661e+01,7.215735e-10,1.266196e-08,1.266196e-10,2.310740e-10,3.812104e-09,3.812104e-11
2.191875e+01,7.293871e-10,1.274292e-08,1.274292e-10,2.342628e-10,3.833976e-09,3.833976e-11
2.192089e+01,7.328136e-10,1.274388e-08,1.274388e-10,2.337604e-10,3.806659e-09,3.806659e-11
2.192303e+01,7.380728e-10,1.278956e-08,1.278956e-10,2.340482e-10,3.808859e-09,3.808859e-11
2.192516e+01,7.495446e-10,1.295509e-08,1.295509e-10,2.386813e-10,3.858162e-09,3.858162e-11
2.192730e+01,7.645515e-10,1.323681e-08,1.323681e-10,2.453563e-10,3.962128e-09,3.962128e-11
2.192944e+01,7.782211e-10,1.354174e-08,1.354174e-10,2.501006e-10,4.061841e-09,4.061841e-11
2.193157e+01,7.895354e-10,1.377430e-08,1.377430e-10,2.530680e-10,4.137680e-09,4.137680e-11
2.193371e+01,8.002331e-10,1.390348e-08,1.390348e-10,2.569915e-10,4.189448e-09,4.189448e-11
2.193585e+01,8.106367e-10,1.399726e-08,1.399726e-10,2.620319e-10,4.237493e-09,4.237493e-11
2.193798e+01,8.201031e-10,1.414974e-08,1.414974e-10,2.660287e-10,4.304255e-09,4.304255e-11
2.194012e+01,8.302000e-10,1.440950e-08,1.440950e-10,2.689862e-10,4.397957e-09,4.397957e-11
2.194226e+01,8.434143e-10,1.475566e-08,1.475566e-10,2.732796e-10,4.525821e-09,4.525821e-11
2.194439e+01,8.585910e-10,1.510599e-08,1.510599e-10,2.792254e-10,4.650879e-09,4.650879e-11
2.194653e+01,8.715549e-10,1.539432e-08,1.539432e-10,2.841967e-10,4.749658e-09,4.749658e-11
2.194867e+01,8.812580e-10,1.561848e-08,1.561848e-10,2.869638e-10,4.817319e-09,4.817319e-11
2.195080e+01,8.914960e-10,1.584046e-08,1.584046e-10,2.896752e-10,4.883740e-09,4.883740e-11
2.195294e+01,9.050856e-10,1.611456e-08,1.611456e-10,2.942543e-10,4.965343e-09,4.965343e-11
2.195508e+01,9.196992e-10,1.645249e-08,1.645249e-10,2.993002e-10,5.064960e-09,5.064960e-11
2.195721e+01,9.313384e-10,1.682113e-08,1.682113e-10,3.023837e-10,5.169534e-09,5.169534e-11
2.195935e+01,9.396161e-10,1.717039e-08,1.717039e-10,3.038544e-10,5.268372e-09,5.268372e-11
2.196149e+01,9.472710e-10,1.746715e-08,1.746715e-10,3.059831e-10,5.359149e-09,5.359149e-11
2.196362e+01,9.554633e-10,1.771085e-08,1.771085e-10,3.090413e-10,5.438154e-09,5.438154e-11
2.196576e+01,9.625295e-10,1.792978e-08,1.792978e-10,3.110722e-10,5.505639e-09,5.505639e-11
2.196790e+01,9.679791e-10,1.815121e-08,1.815121e-10,3.118347e-10,5.569139e-09,5.569139e-11
2.197003e+01,9.745811e-10,1.838567e-08,1.838567e-10,3.139274e-10,5.646135e-09,5.646135e-11
2.197217e+01,9.843484e-10,1.861176e-08,1.861176e-10,3.186183e-10,5.729124e-09,5.729124e-11
2.197431e+01,9.948670e-10,1.879407e-08,1.879407e-10,3.234048e-10,5.798699e-09,5.798699e-11
2.197644e+01,1.002208e-09,1.891167e-08,1.891167e-10,3.255746e-10,5.838690e-09,5.838690e-11
2.197858e+01,1.005638e-09,1.897057e-08,1.897057e-10,3.258073e-10,5.856835e-09,5.856835e-11
2.198072e+01,1.007360e-09,1.898969e-08,1.898969e-10,3.265019e-10,5.864437e-09,5.864437e-11
2.198285e+01,1.008736e-09,1.897918e-08,1.897918e-10,3.279571e-10,5.864425e-09,5.864425e-11
2.198499e+01,1.008574e-09,1.893503e-08,1.893503e-10,3.280375e-10,5.850087e-09,5.850087e-11
2.198713e+01,1.005373e-09,1.884555e-08,1.884555e-10,3.256689e-10,5.811475e-09,5.811475e-11
2.198926e+01,9.998216e-10,1.871027e-08,1.871027e-10,3.227817e-10,5.760465e-09,5.760465e-11
2.199140e+01,9.938156e-10,1.853762e-08,1.853762e-10,3.215686e-10,5.707525e-09,5.707525e-11
2.199354e+01,9.874326e-10,1.833465e-08,1.833465e-10,3.211802e-10,5.654199e-09,5.654199e-11
2.199567e+01,9.787804e-10,1.810319e-08,1.810319e-10,3.190536e-10,5.588698e-09,5.588698e-11
2.199781e+01,9.671916e-10,1.784486e-08,1.784486e-10,3.149239e-10,5.511057e-09,5.511057e-11
2.199995e+01,9.545796e-10,1.756811e-08,1.756811e-10,3.112748e-10,5.436435e-09,5.436435e-11
2.200208e+01,9.430945e-10,1.728179e-08,1.728179e-10,3.096620e-10,5.368720e-09,5.368720e-11
2.200422e+01,9.326040e-10,1.699713e-08,1.699713e-10,3.084833e-10,5.308942e-09,5.308942e-11
2.200636e+01,9.216257e-10,1.672281e-08,1.672281e-10,3.053709e-10,5.243692e-09,5.243692e-11
2.200850e+01,9.104162e-10,1.646492e-08,1.646492e-10,3.008866e-10,5.176807e-09,5.176807e-11
2.201063e+01,9.011934e-10,1.622578e-08,1.622578e-10,2.980898e-10,5.119322e-09,5.119322e-11
2.201277e+01,8.945798e-10,1.599680e-08,1.599680e-10,2.978620e-10,5.071635e-09,5.071635e-11
2.201491e+01,8.878036e-10,1.576945e-08,1.576945e-10,2.969042e-10,5.024779e-09,5.024779e-11
2.201704e+01,8.786426e-10,1.554276e-08,1.554276e-10,2.925787e-10,4.955810e-09,4.955810e-11
2.201918e+01,8.693067e-10,1.533835e-08,1.533835e-10,2.874218e-10,4.892949e-09,4.892949e-11
2.202132e+01,8.633817e-10,1.517428e-08,1.517428e-10,2.856207e-10,4.852450e-09,4.852450e-11
2.202345e+01,8.601754e-10,1.504831e-08,1.504831e-10,2.865122e-10,4.840711e-09,4.840711e-11
2.202559e+01,8.553690e-10,1.493902e-08,1.493902e-10,2.853943e-10,4.829865e-09,4.829865e-11
2.202773e+01,8.476651e-10,1.482396e-08,1.482396e-10,2.810220e-10,4.802089e-09,4.802089e-11
2.202986e+01,8.412921e-10,1.470533e-08,1.470533e-10,2.780627e-10,4.791703e-09,4.791703e-11
2.203200e+01,8.397609e-10,1.459818e-08,1.459818e-10,2.799805e-10,4.803625e-09,4.803625e-11
2.203414e+01,8.402284e-10,1.452424e-08,1.452424e-10,2.833423e-10,4.850703e-09,4.850703e-11
2.203627e+01,8.379016e-10,1.447752e-08,1.447752e-10,2.831348e-10,4.882934e-09,4.882934e-11
2.203841e+01,8.338162e-10,1.445813e-08,1.445813e-10,2.810675e-10,4.927576e-09,4.927576e-11
2.204055e+01,8.327329e-10,1.445953e-08,1.445953e-10,2.828274e-10,4.997075e-09,4.997075e-11
2.204268e+01,8.345527e-10,1.446682e-08,1.446682e-10,2.881760e-10,5.089893e-09,5.089893e-11
2.204482e+01,8.341372e-10,1.446321e-08,1.446321e-10,2.907863e-10,5.168707e-09,5.168707e-11
2.204696e+01,8.299230e-10,1.445190e-08,1.445190e-10,2.886139e-10,5.206143e-09,5.206143e-11
2.204909e+01,8.266524e-10,1.445587e-08,1.445587e-10,2.873136e-10,5.253637e-09,5.253637e-11
2.205123e+01,8.276414e-10,1.447834e-08,1.447834e-10,2.908619e-10,5.301696e-09,5.301696e-11
2.205337e+01,8.295783e-10,1.451502e-08,1.451502e-10,2.950198e-10,5.352364e-09,5.352364e-11
2.205550e+01,8.281820e-10,1.453582e-08,1.453582e-10,2.943803e-10,5.345642e-09,5.345642e-11
2.205764e+01,8.247712e-10,1.453181e-08,1.453181e-10,2.910697e-10,5.317821e-09,5.317821e-11
2.205978e+01,8.227399e-10,1.449777e-08,1.449777e-10,2.905530e-10,5.282074e-09,5.282074e-11
2.206191e+01,8.207459e-10,1.444971e-08,1.444971e-10,2.920810e-10,5.254229e-09,5.254229e-11
2.206405e+01,8.152477e-10,1.439074e-08,1.439074e-10,2.903844e-10,5.209119e-09,5.209119e-11
2.206619e+01,8.080024e-10,1.432919e-08,1.432919e-10,2.853747e-10,5.146456e-09,5.146456e-11
2.206832e+01,8.043195e-10,1.427195e-08,1.427195e-10,2.826703e-10,5.108470e-09,5.108470e-11
2.207046e+01,8.040475e-10,1.421249e-08,1.421249e-10,2.839090e-10,5.087700e-09,5.087700e-11
2.207260e+01,8.011243e-10,1.413885e-08,1.413885e-10,2.838544e-10,5.076235e-09,5.076235e-11
2.207473e+01,7.932251e-10,1.404159e-08,1.404159e-10,2.795202e-10,5.036956e-09,5.036956e-11
2.207687e+01,7.853638e-10,1.394434e-08,1.394434e-10,2.752089e-10,5.012315e-09,5.012315e-11
2.207901e+01,7.813519e-10,1.385332e-08,1.385332e-10,2.747345e-10,4.997631e-09,4.997631e-11
2.208114e+01,7.779592e-10,1.377221e-08,1.377221e-10,2.749954e-10,4.994540e-09,4.994540e-11
2.208328e+01,7.714869e-10,1.368587e-08,1.368587e-10,2.719866e-10,4.966498e-09,4.966498e-11
2.208542e+01,7.643249e-10,1.360290e-08,1.360290e-10,2.679174e-10,4.936809e-09,4.936809e-11
2.208755e+01,7.597333e-10,1.351901e-08,1.351901e-10,2.666429e-10,4.909777e-09,4.909777e-11
2.208969e+01,7.547063e-10,1.343506e-08,1.343506e-10,2.659869e-10,4.886452e-09,4.886452e-11
2.209183e+01,7.447342e-10,1.334667e-08,1.334667e-10,2.614249e-10,4.840494e-09,4.840494e-11
2.209396e+01,7.325079e-10,1.326768e-08,1.326768e-10,2.546106e-10,4.783779e-09,4.783779e-11
2.209610e+01,7.247917e-10,1.321286e-08,1.321286e-10,2.509712e-10,4.738292e-09,4.738292e-11
2.209824e+01,7.222613e-10,1.318485e-08,1.318485e-10,2.503955e-10,4.705910e-09,4.705910e-11
2.210038e+01,7.191928e-10,1.318031e-08,1.318031e-10,2.475755e-10,4.667521e-09,4.667521e-11
2.210251e+01,7.134597e-10,1.319192e-08,1.319192e-10,2.416259e-10,4.613183e-09,4.613183e-11
2.210465e+01,7.098627e-10,1.323136e-08,1.323136e-10,2.379067e-10,4.578692e-09,4.578692e-11
2.210679e+01,7.117333e-10,1.329889e-08,1.329889e-10,2.385641e-10,4.563213e-09,4.563213e-11
2.210892e+01,7.159445e-10,1.339625e-08,1.339625e-10,2.387788e-10,4.559986e-09,4.559986e-11
2.211106e+01,7.195256e-10,1.351148e-08,1.351148e-10,2.356977e-10,4.531472e-09,4.531472e-11
2.211320e+01,7.251645e-10,1.365411e-08,1.365411e-10,2.338794e-10,4.525588e-09,4.525588e-11
2.211533e+01,7.350460e-10,1.381858e-08,1.381858e-10,2.370345e-10,4.539125e-09,4.539125e-11
2.211747e+01,7.448274e-10,1.399928e-08,1.399928e-10,2.407522e-10,4.576127e-09,4.576127e-11
2.211961e+01,7.496949e-10,1.418084e-08,1.418084e-10,2.395721e-10,4.580910e-09,4.580910e-11
2.212174e+01,7.520593e-10,1.436861e-08,1.436861e-10,2.362880e-10,4.589033e-09,4.589033e-11
2.212388e+01,7.573099e-10,1.457019e-08,1.457019e-10,2.370477e-10,4.616980e-09,4.616980e-11
2.212602e+01,7.650014e-10,1.478904e-08,1.478904e-10,2.408377e-10,4.668606e-09,4.668606e-11
2.212815e+01,7.707200e-10,1.502139e-08,1.502139e-10,2.417706e-10,4.706833e-09,4.706833e-11
2.213029e+01,7.744954e-10,1.526917e-08,1.526917e-10,2.395956e-10,4.729290e-09,4.729290e-11
2.213243e+01,7.807003e-10,1.553801e-08,1.553801e-10,2.399296e-10,4.774783e-09,4.774783e-11
2.213456e+01,7.899416e-10,1.582176e-08,1.582176e-10,2.441737e-10,4.835355e-09,4.835355e-11
2.213670e+01,7.975139e-10,1.611407e-08,1.611407e-10,2.469539e-10,4.899857e-09,4.899857e-11
2.213884e+01,8.016085e-10,1.640937e-08,1.640937e-10,2.455813e-10,4.938615e-09,4.938615e-11
2.214097e+01,8.066456e-10,1.671206e-08,1.671206e-10,2.446145e-10,4.991742e-09,4.991742e-11
2.214311e+01,8.158054e-10,1.701646e-08,1.701646e-10,2.477724e-10,5.055852e-09,5.055852e-11
2.214525e+01,8.259260e-10,1.731448e-08,1.731448e-10,2.519032e-10,5.128985e-09,5.128985e-11
2.214738e+01,8.331035e-10,1.758961e-08,1.758961e-10,2.530155e-10,5.182210e-09,5.182210e-11
2.214952e+01,8.383566e-10,1.783285e-08,1.783285e-10,2.528700e-10,5.230833e-09,5.230833e-11
2.215166e+01,8.439569e-10,1.803682e-08,1.803682e-10,2.548645e-10,5.279366e-09,5.279366e-11
2.215379e+01,8.487510e-10,1.820248e-08,1.820248e-10,2.578073e-10,5.327114e-09,5.327114e-11
2.215593e+01,8.510916e-10,1.832773e-08,1.832773e-10,2.589112e-10,5.359650e-09,5.359650e-11
2.215807e+01,8.529308e-10,1.841617e-08,1.841617e-10,2.593922e-10,5.384751e-09,5.384751e-11
2.216020e+01,8.565919e-10,1.846754e-08,1.846754e-10,2.618325e-10,5.408756e-09,5.408756e-11
2.216234e+01,8.600034e-10,1.847848e-08,1.847848e-10,2.648358e-10,5.428661e-09,5.428661e-11
2.216448e+01,8.599259e-10,1.844116e-08,1.844116e-10,2.654829e-10,5.430072e-09,5.430072e-11
2.216661e+01,8.579324e-10,1.835999e-08,1.835999e-10,2.649973e-10,5.420271e-09,5.420271e-11
2.216875e+01,8.580755e-10,1.824626e-08,1.824626e-10,2.666732e-10,5.408872e-09,5.408872e-11
2.217089e+01,8.600012e-10,1.810943e-08,1.810943e-10,2.696431e-10,5.400281e-09,5.400281e-11
2.217302e+01,8.601916e-10,1.795173e-08,1.795173e-10,2.705608e-10,5.380006e-09,5.380006e-11
2.217516e+01,8.588297e-10,1.777471e-08,1.777471e-10,2.702821e-10,5.355204e-09,5.355204e-11
2.217730e+01,8.591745e-10,1.757751e-08,1.757751e-10,2.725307e-10,5.333953e-09,5.333953e-11
2.217943e+01,8.606821e-10,1.735774e-08,1.735774e-10,2.765575e-10,5.317568e-09,5.317568e-11
2.218157e+01,8.590541e-10,1.711947e-08,1.711947e-10,2.776618e-10,5.288436e-09,5.288436e-11
2.218371e+01,8.539363e-10,1.687298e-08,1.687298e-10,2.755927e-10,5.244151e-09,5.244151e-11
2.218585e+01,8.506424e-10,1.663678e-08,1.663678e-10,2.757250e-10,5.212914e-09,5.212914e-11
2.218798e+01,8.522904e-10,1.641677e-08,1.641677e-10,2.799071e-10,5.192689e-09,5.192689e-11
2.219012e+01,8.550132e-10,1.621011e-08,1.621011e-10,2.829019e-10,5.173614e-09,5.173614e-11
2.219226e+01,8.540506e-10,1.600133e-08,1.600133e-10,2.812046e-10,5.120676e-09,5.120676e-11
2.219439e+01,8.503073e-10,1.578300e-08,1.578300e-10,2.788372e-10,5.069780e-09,5.069780e-11
2.219653e+01,8.466708e-10,1.555243e-08,1.555243e-10,2.798763e-10,5.018305e-09,5.018305e-11
2.219867e+01,8.423292e-10,1.531917e-08,1.531917e-10,2.811862e-10,4.974419e-09,4.974419e-11
2.220080e+01,8.357160e-10,1.508181e-08,1.508181e-10,2.783751e-10,4.898029e-09,4.898029e-11
2.220294e+01,8.290786e-10,1.484568e-08,1.484568e-10,2.740661e-10,4.818103e-09,4.818103e-11
2.220508e+01,8.243692e-10,1.460428e-08,1.460428e-10,2.732824e-10,4.746453e-09,4.746453e-11
2.220721e+01,8.183151e-10,1.434364e-08,1.434364e-10,2.744280e-10,4.682905e-09,4.682905e-11
2.220935e+01,8.075010e-10,1.406248e-08,1.406248e-10,2.722017e-10,4.601017e-09,4.601017e-11
2.221149e+01,7.951845e-10,1.378104e-08,1.378104e-10,2.670430e-10,4.501654e-09,4.501654e-11
2.221362e+01,7.874874e-10,1.351613e-08,1.351613e-10,2.644793e-10,4.417430e-09,4.417430e-11
2.221576e+01,7.842757e-10,1.327625e-08,1.327625e-10,2.656180e-10,4.346863e-09,4.346863e-11
2.221790e+01,7.795068e-10,1.305424e-08,1.305424e-10,2.654437e-10,4.280308e-09,4.280308e-11
2.222003e+01,7.706567e-10,1.283690e-08,1.283690e-10,2.616728e-10,4.198862e-09,4.198862e-11
2.222217e+01,7.621086e-10,1.263560e-08,1.263560e-10,2.582512e-10,4.130455e-09,4.130455e-11
2.222431e+01,7.575827e-10,1.246022e-08,1.246022e-10,2.578080e-10,4.074485e-09,4.074485e-11
2.222644e+01,7.547532e-10,1.230701e-08,1.230701e-10,2.573420e-10,4.025459e-09,4.025459e-11
2.222858e+01,7.506268e-10,1.216659e-08,1.216659e-10,2.544649e-10,3.966308e-09,3.966308e-11
2.223072e+01,7.463707e-10,1.203503e-08,1.203503e-10,2.516754e-10,3.914923e-09,3.914923e-11
2.223285e+01,7.433121e-10,1.190886e-08,1.190886e-10,2.509590e-10,3.871610e-09,3.871610e-11
2.223499e+01,7.399418e-10,1.180084e-08,1.180084e-10,2.499283e-10,3.833811e-09,3.833811e-11
2.223713e+01,7.362236e-10,1.171777e-08,1.171777e-10,2.470555e-10,3.788332e-09,3.788332e-11
2.223926e+01,7.354694e-10,1.167023e-08,1.167023e-10,2.452228e-10,3.755706e-09,3.755706e-11
2.224140e+01,7.385475e-10,1.165405e-08,1.165405e-10,2.461854e-10,3.736379e-09,3.736379e-11
2.224354e+01,7.413846e-10,1.166003e-08,1.166003e-10,2.466833e-10,3.726561e-09,3.726561e-11
2.224567e+01,7.413034e-10,1.167467e-08,1.167467e-10,2.441484e-10,3.695083e-09,3.695083e-11
2.224781e+01,7.417607e-10,1.170742e-08,1.170742e-10,2.419319e-10,3.676982e-09,3.676982e-11
2.224995e+01,7.469115e-10,1.176387e-08,1.176387e-10,2.437853e-10,3.676120e-09,3.676120e-11
2.225208e+01,7.544462e-10,1.185436e-08,1.185436e-10,2.467226e-10,3.704225e-09,3.704225e-11
2.225422e+01,7.593820e-10,1.197043e-08,1.197043e-10,2.460059e-10,3.703269e-09,3.703269e-11
2.225636e+01,7.626191e-10,1.211318e-08,1.211318e-10,2.441176e-10,3.716587e-09,3.716587e-11
2.225849e+01,7.687815e-10,1.227364e-08,1.227364e-10,2.466914e-10,3.756778e-09,3.756778e-11
2.226063e+01,7.767206e-10,1.244052e-08,1.244052e-10,2.517605e-10,3.829210e-09,3.829210e-11
2.226277e+01,7.808627e-10,1.260447e-08,1.260447e-10,2.524254e-10,3.868930e-09,3.868930e-11
2.226490e+01,7.818827e-10,1.278333e-08,1.278333e-10,2.492627e-10,3.887245e-09,3.887245e-11
2.226704e+01,7.866141e-10,1.300308e-08,1.300308e-10,2.499235e-10,3.950836e-09,3.950836e-11
2.226918e+01,7.967369e-10,1.326280e-08,1.326280e-10,2.557947e-10,4.052454e-09,4.052454e-11
2.227131e+01,8.061931e-10,1.353957e-08,1.353957e-10,2.593020e-10,4.154759e-09,4.154759e-11
2.227345e+01,8.117216e-10,1.380034e-08,1.380034e-10,2.569879e-10,4.188114e-09,4.188114e-11
2.227559e+01,8.177502e-10,1.404878e-08,1.404878e-10,2.554488e-10,4.246966e-09,4.246966e-11
2.227773e+01,8.275970e-10,1.428334e-08,1.428334e-10,2.597107e-10,4.321786e-09,4.321786e-11
2.227986e+01,8.372159e-10,1.451474e-08,1.451474e-10,2.643903e-10,4.420116e-09,4.420116e-11
2.228200e+01,8.429146e-10,1.472869e-08,1.472869e-10,2.633788e-10,4.446217e-09,4.446217e-11
2.228414e+01,8.491697e-10,1.494613e-08,1.494613e-10,2.611435e-10,4.479625e-09,4.479625e-11
2.228627e+01,8.607163e-10,1.516226e-08,1.516226e-10,2.649332e-10,4.537529e-09,4.537529e-11
2.228841e+01,8.722611e-10,1.535991e-08,1.535991e-10,2.714258e-10,4.623569e-09,4.623569e-11
2.229055e+01,8.758943e-10,1.550040e-08,1.550040e-10,2.721332e-10,4.652455e-09,4.652455e-11
2.229268e+01,8.747931e-10,1.560159e-08,1.560159e-10,2.682944e-10,4.645649e-09,4.645649e-11
2.229482e+01,8.788667e-10,1.570226e-08,1.570226e-10,2.687508e-10,4.664641e-09,4.664641e-11
2.229696e+01,8.890063e-10,1.582412e-08,1.582412e-10,2.747041e-10,4.717071e-09,4.717071e-11
2.229909e+01,8.968101e-10,1.595277e-08,1.595277e-10,2.783545e-10,4.765114e-09,4.765114e-11
2.230123e+01,8.990759e-10,1.606598e-08,1.606598e-10,2.769399e-10,4.769523e-09,4.769523e-11
2.230337e+01,9.020775e-10,1.616841e-08,1.616841e-10,2.769460e-10,4.793235e-09,4.793235e-11
2.230550e+01,9.096096e-10,1.625234e-08,1.625234e-10,2.818325e-10,4.827171e-09,4.827171e-11
2.230764e+01,9.161979e-10,1.633053e-08,1.633053e-10,2.856934e-10,4.874084e-09,4.874084e-11
2.230978e+01,9.171802e-10,1.639919e-08,1.639919e-10,2.840991e-10,4.874403e-09,4.874403e-11
2.231191e+01,9.174993e-10,1.648474e-08,1.648474e-10,2.824313e-10,4.899566e-09,4.899566e-11
2.231405e+01,9.233114e-10,1.658679e-08,1.658679e-10,2.863876e-10,4.943990e-09,4.943990e-11
2.231619e+01,9.310740e-10,1.670124e-08,1.670124e-10,2.916174e-10,5.020778e-09,5.020778e-11
2.231832e+01,9.338476e-10,1.678409e-08,1.678409e-10,2.915177e-10,5.046938e-09,5.046938e-11
2.232046e+01,9.332463e-10,1.683711e-08,1.683711e-10,2.891377e-10,5.073006e-09,5.073006e-11
2.232260e+01,9.355554e-10,1.687622e-08,1.687622e-10,2.915228e-10,5.115604e-09,5.115604e-11
2.232473e+01,9.403755e-10,1.691474e-08,1.691474e-10,2.970822e-10,5.187951e-09,5.187951e-11
2.232687e+01,9.425465e-10,1.694949e-08,1.694949e-10,2.989552e-10,5.234614e-09,5.234614e-11
2.232901e+01,9.424506e-10,1.697501e-08,1.697501e-10,2.977826e-10,5.262897e-09,5.262897e-11
2.233114e+01,9.450588e-10,1.698732e-08,1.698732e-10,3.004607e-10,5.320692e-09,5.320692e-11
2.233328e+01,9.496809e-10,1.695503e-08,1.695503e-10,3.072929e-10,5.384635e-09,5.384635e-11
2.233542e+01,9.494212e-10,1.687243e-08,1.687243e-10,3.107618e-10,5.433414e-09,5.433414e-11
2.233755e+01,9.425260e-10,1.674890e-08,1.674890e-10,3.084764e-10,5.426051e-09,5.426051e-11
2.233969e+01,9.364866e-10,1.662252e-08,1.662252e-10,3.077659e-10,5.449370e-09,5.449370e-11
2.234183e+01,9.366089e-10,1.649238e-08,1.649238e-10,3.134226e-10,5.486190e-09,5.486190e-11
2.234396e+01,9.374058e-10,1.635048e-08,1.635048e-10,3.194607e-10,5.533640e-09,5.533640e-11
2.234610e+01,9.313315e-10,1.617196e-08,1.617196e-10,3.191469e-10,5.522853e-09,5.522853e-11
2.234824e+01,9.201743e-10,1.595895e-08,1.595895e-10,3.158476e-10,5.502610e-09,5.502610e-11
2.235037e+01,9.105795e-10,1.572638e-08,1.572638e-10,3.164183e-10,5.493899e-09,5.493899e-11
2.235251e+01,9.032898e-10,1.549080e-08,1.549080e-10,3.195853e-10,5.491248e-09,5.491248e-11
2.235465e+01,8.943795e-10,1.526075e-08,1.526075e-10,3.191498e-10,5.462261e-09,5.462261e-11
2.235678e+01,8.836239e-10,1.504470e-08,1.504470e-10,3.150681e-10,5.403077e-09,5.403077e-11
2.235892e+01,8.745601e-10,1.485346e-08,1.485346e-10,3.129153e-10,5.358586e-09,5.358586e-11
2.236106e+01,8.674971e-10,1.466901e-08,1.466901e-10,3.139197e-10,5.314050e-09,5.314050e-11
2.236320e+01,8.584914e-10,1.446961e-08,1.446961e-10,3.132302e-10,5.255165e-09,5.255165e-11
2.236533e+01,8.456033e-10,1.425533e-08,1.425533e-10,3.081357e-10,5.158665e-09,5.158665e-11
2.236747e+01,8.317734e-10,1.405241e-08,1.405241e-10,3.019699e-10,5.056928e-09,5.056928e-11
2.236961e+01,8.201577e-10,1.387396e-08,1.387396e-10,2.984099e-10,4.966343e-09,4.966343e-11
2.237174e+01,8.101317e-10,1.371807e-08,1.371807e-10,2.964517e-10,4.885386e-09,4.885386e-11
2.237388e+01,7.998344e-10,1.356734e-08,1.356734e-10,2.933682e-10,4.798789e-09,4.798789e-11
2.237602e+01,7.890739e-10,1.340015e-08,1.340015e-10,2.888607e-10,4.697512e-09,4.697512e-11
2.237815e+01,7.780884e-10,1.321273e-08,1.321273e-10,2.841271e-10,4.591605e-09,4.591605e-11
2.238029e+01,7.666417e-10,1.301764e-08,1.301764e-10,2.798890e-10,4.493357e-09,4.493357e-11
2.238243e+01,7.557333e-10,1.282870e-08,1.282870e-10,2.766967e-10,4.407858e-09,4.407858e-11
2.238456e+01,7.473981e-10,1.265431e-08,1.265431e-10,2.747444e-10,4.332906e-09,4.332906e-11
2.238670e+01,7.417711e-10,1.249794e-08,1.249794e-10,2.727762e-10,4.263543e-09,4.263543e-11
2.238884e+01,7.370509e-10,1.235656e-08,1.235656e-10,2.695567e-10,4.196567e-09,4.196567e-11
2.239097e+01,7.323553e-10,1.221927e-08,1.221927e-10,2.664426e-10,4.144052e-09,4.144052e-11
2.239311e+01,7.281609e-10,1.207702e-08,1.207702e-10,2.654060e-10,4.102750e-09,4.102750e-11
2.239525e+01,7.243369e-10,1.194475e-08,1.194475e-10,2.648286e-10,4.074262e-09,4.074262e-11
2.239738e+01,7.207522e-10,1.184459e-08,1.184459e-10,2.616949e-10,4.029162e-09,4.029162e-11
2.239952e+01,7.198251e-10,1.179605e-08,1.179605e-10,2.576854e-10,3.987531e-09,3.987531e-11
2.240166e+01,7.242870e-10,1.180090e-08,1.180090e-10,2.575476e-10,3.971338e-09,3.971338e-11
2.240379e+01,7.316571e-10,1.184011e-08,1.184011e-10,2.608570e-10,3.977364e-09,3.977364e-11
2.240593e+01,7.356655e-10,1.188771e-08,1.188771e-10,2.613631e-10,3.972957e-09,3.972957e-11
2.240807e+01,7.351288e-10,1.193917e-08,1.193917e-10,2.568948e-10,3.922962e-09,3.922962e-11
2.241020e+01,7.360575e-10,1.202045e-08,1.202045e-10,2.535336e-10,3.902295e-09,3.902295e-11
2.241234e+01,7.418319e-10,1.213604e-08,1.213604e-10,2.556132e-10,3.909493e-09,3.909493e-11
2.241448e+01,7.473198e-10,1.227690e-08,1.227690e-10,2.582252e-10,3.950562e-09,3.950562e-11
2.241661e+01,7.472562e-10,1.241300e-08,1.241300e-10,2.555498e-10,3.937970e-09,3.937970e-11
2.241875e+01,7.450202e-10,1.255321e-08,1.255321e-10,2.509779e-10,3.935663e-09,3.935663e-11
2.242089e+01,7.468907e-10,1.269524e-08,1.269524e-10,2.515042e-10,3.962683e-09,3.962683e-11
2.242302e+01,7.515167e-10,1.283980e-08,1.283980e-10,2.555642e-10,4.028916e-09,4.028916e-11
2.242516e+01,7.526342e-10,1.296715e-08,1.296715e-10,2.555560e-10,4.061125e-09,4.061125e-11
2.242730e+01,7.504548e-10,1.308268e-08,1.308268e-10,2.512132e-10,4.060195e-09,4.060195e-11
2.242943e+01,7.518035e-10,1.320099e-08,1.320099e-10,2.502105e-10,4.097027e-09,4.097027e-11
2.243157e+01,7.582045e-10,1.332149e-08,1.332149e-10,2.546689e-10,4.163451e-09,4.163451e-11
2.243371e+01,7.628553e-10,1.342542e-08,1.342542e-10,2.573419e-10,4.232708e-09,4.232708e-11
2.243584e+01,7.623102e-10,1.348934e-08,1.348934e-10,2.541990e-10,4.236707e-09,4.236707e-11
2.243798e+01,7.622651e-10,1.353894e-08,1.353894e-10,2.513334e-10,4.262947e-09,4.262947e-11
2.244012e+01,7.670233e-10,1.357731e-08,1.357731e-10,2.540780e-10,4.305525e-09,4.305525e-11
2.244225e+01,7.717056e-10,1.361033e-08,1.361033e-10,2.577548e-10,4.373360e-09,4.373360e-11
2.244439e+01,7.710024e-10,1.361006e-08,1.361006e-10,2.563247e-10,4.382421e-09,4.382421e-11
2.244653e+01,7.685393e-10,1.359841e-08,1.359841e-10,2.530443e-10,4.392503e-09,4.392503e-11
2.244866e+01,7.703515e-10,1.358236e-08,1.358236e-10,2.543764e-10,4.417235e-09,4.417235e-11
2.245080e+01,7.740885e-10,1.357115e-08,1.357115e-10,2.584234e-10,4.469913e-09,4.469913e-11
2.245294e+01,7.731135e-10,1.354537e-08,1.354537e-10,2.582902e-10,4.484504e-09,4.484504e-11
2.245508e+01,7.685388e-10,1.351024e-08,1.351024e-10,2.544398e-10,4.473154e-09,4.473154e-11
2.245721e+01,7.682606e-10,1.348628e-08,1.348628e-10,2.541341e-10,4.483989e-09,4.483989e-11
2.245935e+01,7.739926e-10,1.347180e-08,1.347180e-10,2.585893e-10,4.516017e-09,4.516017e-11
2.246149e+01,7.783371e-10,1.345960e-08,1.345960e-10,2.608324e-10,4.540018e-09,4.540018e-11
2.246362e+01,7.772744e-10,1.342948e-08,1.342948e-10,2.581631e-10,4.511530e-09,4.511530e-11
2.246576e+01,7.764242e-10,1.341037e-08,1.341037e-10,2.568377e-10,4.511124e-09,4.511124e-11
2.246790e+01,7.807453e-10,1.340028e-08,1.340028e-10,2.608635e-10,4.526905e-09,4.526905e-11
2.247003e+01,7.860432e-10,1.340338e-08,1.340338e-10,2.648180e-10,4.566379e-09,4.566379e-11
2.247217e+01,7.866712e-10,1.339512e-08,1.339512e-10,2.633916e-10,4.547373e-09,4.547373e-11
2.247431e+01,7.852171e-10,1.339096e-08,1.339096e-10,2.607132e-10,4.543750e-09,4.543750e-11
2.247644e+01,7.873792e-10,1.339605e-08,1.339605e-10,2.629563e-10,4.563371e-09,4.563371e-11
2.247858e+01,7.921706e-10,1.341568e-08,1.341568e-10,2.676706e-10,4.616076e-09,4.616076e-11
2.248072e+01,7.946168e-10,1.344861e-08,1.344861e-10,2.684152e-10,4.641339e-09,4.641339e-11
2.248285e+01,7.956070e-10,1.350178e-08,1.350178e-10,2.661913e-10,4.650251e-09,4.650251e-11
2.248499e+01,8.011838e-10,1.359213e-08,1.359213e-10,2.679254e-10,4.699652e-09,4.699652e-11
2.248713e+01,8.123391e-10,1.370622e-08,1.370622e-10,2.746875e-10,4.772303e-09,4.772303e-11
2.248926e+01,8.230130e-10,1.383108e-08,1.383108e-10,2.798189e-10,4.851048e-09,4.851048e-11
2.249140e+01,8.293536e-10,1.394919e-08,1.394919e-10,2.800072e-10,4.886359e-09,4.886359e-11
2.249354e+01,8.347640e-10,1.407656e-08,1.407656e-10,2.802420e-10,4.942238e-09,4.942238e-11
2.249567e+01,8.431555e-10,1.421771e-08,1.421771e-10,2.848396e-10,5.013692e-09,5.013692e-11
2.249781e+01,8.525564e-10,1.437371e-08,1.437371e-10,2.904736e-10,5.101894e-09,5.101894e-11
2.249995e+01,8.590222e-10,1.453010e-08,1.453010e-10,2.921803e-10,5.165797e-09,5.165797e-11
2.250208e+01,8.627931e-10,1.467578e-08,1.467578e-10,2.912899e-10,5.218967e-09,5.218967e-11
2.250422e+01,8.664730e-10,1.479629e-08,1.479629e-10,2.923823e-10,5.277233e-09,5.277233e-11
2.250636e+01,8.694653e-10,1.488057e-08,1.488057e-10,2.953588e-10,5.329407e-09,5.329407e-11
2.250849e+01,8.690877e-10,1.493601e-08,1.493601e-10,2.962009e-10,5.369666e-09,5.369666e-11
2.251063e+01,8.662519e-10,1.497846e-08,1.497846e-10,2.940991e-10,5.388726e-09,5.388726e-11
2.251277e+01,8.652853e-10,1.502406e-08,1.502406e-10,2.926796e-10,5.411521e-09,5.411521e-11
2.251490e+01,8.677473e-10,1.506920e-08,1.506920e-10,2.942106e-10,5.437516e-09,5.437516e-11
2.251704e+01,8.701848e-10,1.509375e-08,1.509375e-10,2.964011e-10,5.459859e-09,5.459859e-11
2.251918e+01,8.690112e-10,1.506889e-08,1.506889e-10,2.961542e-10,5.460861e-09,5.460861e-11
2.252131e+01,8.646046e-10,1.498715e-08,1.498715e-10,2.937665e-10,5.439450e-09,5.439450e-11
2.252345e+01,8.596358e-10,1.486837e-08,1.486837e-10,2.916664e-10,5.410736e-09,5.410736e-11
2.252559e+01,8.554731e-10,1.473896e-08,1.473896e-10,2.909448e-10,5.380860e-09,5.380860e-11
2.252772e+01,8.514050e-10,1.461386e-08,1.461386e-10,2.906305e-10,5.351346e-09,5.351346e-11
2.252986e+01,8.462856e-10,1.449082e-08,1.449082e-10,2.893082e-10,5.316745e-09,5.316745e-11
2.253200e+01,8.397789e-10,1.434909e-08,1.434909e-10,2.867113e-10,5.270665e-09,5.270665e-11
2.253413e+01,8.321525e-10,1.416088e-08,1.416088e-10,2.838490e-10,5.209060e-09,5.209060e-11
2.253627e+01,8.236330e-10,1.392524e-08,1.392524e-10,2.816172e-10,5.131752e-09,5.131752e-11
2.253841e+01,8.146108e-10,1.367860e-08,1.367860e-10,2.796007e-10,5.049366e-09,5.049366e-11
2.254055e+01,8.062452e-10,1.346489e-08,1.346489e-10,2.767582e-10,4.967405e-09,4.967405e-11
2.254268e+01,8.002310e-10,1.330910e-08,1.330910e-10,2.735008e-10,4.891531e-09,4.891531e-11
2.254482e+01,7.971799e-10,1.320375e-08,1.320375e-10,2.717501e-10,4.829948e-09,4.829948e-11
2.254696e+01,7.951376e-10,1.310414e-08,1.310414e-10,2.718264e-10,4.770774e-09,4.770774e-11
2.254909e+01,7.909153e-10,1.295916e-08,1.295916e-10,2.712082e-10,4.697909e-09,4.697909e-11
2.255123e+01,7.837112e-10,1.276390e-08,1.276390e-10,2.680145e-10,4.600434e-09,4.600434e-11
2.255337e+01,7.765517e-10,1.256522e-08,1.256522e-10,2.640928e-10,4.500883e-09,4.500883e-11
2.255550e+01,7.727484e-10,1.241012e-08,1.241012e-10,2.626319e-10,4.418892e-09,4.418892e-11
2.255764e+01,7.717538e-10,1.231507e-08,1.231507e-10,2.634706e-10,4.360600e-09,4.360600e-11
2.255978e+01,7.700757e-10,1.225544e-08,1.225544e-10,2.633051e-10,4.311158e-09,4.311158e-11
2.256191e+01,7.657249e-10,1.217514e-08,1.217514e-10,2.606697e-10,4.247187e-09,4.247187e-11
2.256405e+01,7.599987e-10,1.203347e-08,1.203347e-10,2.576891e-10,4.167542e-09,4.167542e-11
2.256619e+01,7.547541e-10,1.185669e-08,1.185669e-10,2.560874e-10,4.079331e-09,4.079331e-11
2.256832e+01,7.504510e-10,1.171615e-08,1.171615e-10,2.546284e-10,4.001419e-09,4.001419e-11
2.257046e+01,7.477544e-10,1.166268e-08,1.166268e-10,2.520841e-10,3.936834e-09,3.936834e-11
2.257260e+01,7.483227e-10,1.170594e-08,1.170594e-10,2.499886e-10,3.900348e-09,3.900348e-11
2.257473e+01,7.519596e-10,1.180840e-08,1.180840e-10,2.498970e-10,3.887113e-09,3.887113e-11
2.257687e+01,7.551819e-10,1.190191e-08,1.190191e-10,2.501461e-10,3.872328e-09,3.872328e-11
2.257901e+01,7.552586e-10,1.194366e-08,1.194366e-10,2.483780e-10,3.833797e-09,3.833797e-11
2.258114e+01,7.536905e-10,1.196866e-08,1.196866e-10,2.453213e-10,3.787685e-09,3.787685e-11
2.258328e+01,7.535263e-10,1.203725e-08,1.203725e-10,2.434011e-10,3.762288e-09,3.762288e-11
2.258542e+01,7.550283e-10,1.217783e-08,1.217783e-10,2.430790e-10,3.769063e-09,3.769063e-11
2.258755e+01,7.562186e-10,1.238301e-08,1.238301e-10,2.428580e-10,3.801153e-09,3.801153e-11
2.258969e+01,7.564840e-10,1.261301e-08,1.261301e-10,2.422417e-10,3.843689e-09,3.843689e-11
2.259183e+01,7.569337e-10,1.280977e-08,1.280977e-10,2.422324e-10,3.879604e-09,3.879604e-11
2.259396e+01,7.576709e-10,1.295429e-08,1.295429e-10,2.428246e-10,3.901971e-09,3.901971e-11
2.259610e+01,7.574826e-10,1.308691e-08,1.308691e-10,2.427049e-10,3.919253e-09,3.919253e-11
2.259824e+01,7.571534e-10,1.325368e-08,1.325368e-10,2.421023e-10,3.946404e-09,3.946404e-11
2.260037e+01,7.602131e-10,1.347369e-08,1.347369e-10,2.432299e-10,3.996599e-09,3.996599e-11
2.260251e+01,7.681751e-10,1.372993e-08,1.372993e-10,2.466785e-10,4.065666e-09,4.065666e-11
2.260465e+01,7.775211e-10,1.397556e-08,1.397556e-10,2.498824e-10,4.132486e-09,4.132486e-11
2.260678e+01,7.837481e-10,1.415990e-08,1.415990e-10,2.508539e-10,4.172552e-09,4.172552e-11
2.260892e+01,7.865823e-10,1.427917e-08,1.427917e-10,2.510464e-10,4.195791e-09,4.195791e-11
2.261106e+01,7.890441e-10,1.437113e-08,1.437113e-10,2.525562e-10,4.218049e-09,4.218049e-11
2.261319e+01,7.931085e-10,1.447047e-08,1.447047e-10,2.549119e-10,4.251488e-09,4.251488e-11
2.261533e+01,7.983101e-10,1.458492e-08,1.458492e-10,2.566320e-10,4.288889e-09,4.288889e-11
2.261747e+01,8.034405e-10,1.470385e-08,1.470385e-10,2.580219e-10,4.333748e-09,4.333748e-11
2.261960e+01,8.076991e-10,1.480322e-08,1.480322e-10,2.603315e-10,4.381832e-09,4.381832e-11
2.262174e+01,8.101771e-10,1.486349e-08,1.486349e-10,2.629638e-10,4.425103e-09,4.425103e-11
2.262388e+01,8.102325e-10,1.489690e-08,1.489690e-10,2.639072e-10,4.461009e-09,4.461009e-11
2.262601e+01,8.091626e-10,1.493607e-08,1.493607e-10,2.631266e-10,4.496766e-09,4.496766e-11
2.262815e+01,8.098080e-10,1.500490e-08,1.500490e-10,2.630868e-10,4.549212e-09,4.549212e-11
2.263029e+01,8.133076e-10,1.510605e-08,1.510605e-10,2.651386e-10,4.617665e-09,4.617665e-11
2.263243e+01,8.177009e-10,1.522754e-08,1.522754e-10,2.675791e-10,4.696179e-09,4.696179e-11
2.263456e+01,8.208492e-10,1.534782e-08,1.534782e-10,2.684590e-10,4.768324e-09,4.768324e-11
2.263670e+01,8.228674e-10,1.545276e-08,1.545276e-10,2.683545e-10,4.833438e-09,4.833438e-11
2.263884e+01,8.248839e-10,1.554713e-08,1.554713e-10,2.688893e-10,4.895660e-09,4.895660e-11
2.264097e+01,8.271827e-10,1.564400e-08,1.564400e-10,2.701632e-10,4.958412e-09,4.958412e-11
2.264311e+01,8.295904e-10,1.574810e-08,1.574810e-10,2.712310e-10,5.020605e-09,5.020605e-11
2.264525e+01,8.325241e-10,1.585547e-08,1.585547e-10,2.719474e-10,5.078992e-09,5.078992e-11
2.264738e+01,8.364559e-10,1.595660e-08,1.595660e-10,2.729743e-10,5.133515e-09,5.133515e-11
2.264952e+01,8.408078e-10,1.603945e-08,1.603945e-10,2.744494e-10,5.179046e-09,5.179046e-11
2.265166e+01,8.442589e-10,1.609870e-08,1.609870e-10,2.756173e-10,5.212877e-09,5.212877e-11
2.265379e+01,8.465811e-10,1.613779e-08,1.613779e-10,2.760101e-10,5.234583e-09,5.234583e-11
2.265593e+01,8.491578e-10,1.616337e-08,1.616337e-10,2.761653e-10,5.246976e-09,5.246976e-11
2.265807e+01,8.531121e-10,1.617915e-08,1.617915e-10,2.767785e-10,5.252159e-09,5.252159e-11
2.266020e+01,8.581184e-10,1.618410e-08,1.618410e-10,2.778768e-10,5.249195e-09,5.249195e-11
2.266234e+01,8.632183e-10,1.617617e-08,1.617617e-10,2.790249e-10,5.237716e-09,5.237716e-11
2.266448e+01,8.676611e-10,1.615456e-08,1.615456e-10,2.798241e-10,5.218056e-09,5.218056e-11
2.266661e+01,8.706275e-10,1.611974e-08,1.611974e-10,2.799905e-10,5.191277e-09,5.191277e-11
2.266875e+01,8.715108e-10,1.607550e-08,1.607550e-10,2.794664e-10,5.158945e-09,5.158945e-11
2.267089e+01,8.709166e-10,1.602757e-08,1.602757e-10,2.787237e-10,5.123406e-09,5.123406e-11
2.267302e+01,8.703154e-10,1.598108e-08,1.598108e-10,2.783446e-10,5.088513e-09,5.088513e-11
2.267516e+01,8.703500e-10,1.593857e-08,1.593857e-10,2.781706e-10,5.056300e-09,5.056300e-11
2.267730e+01,8.698060e-10,1.589884e-08,1.589884e-10,2.774238e-10,5.024888e-09,5.024888e-11
2.267943e+01,8.671296e-10,1.585869e-08,1.585869e-10,2.758361e-10,4.993330e-09,4.993330e-11
2.268157e+01,8.627699e-10,1.581799e-08,1.581799e-10,2.741593e-10,4.963140e-09,4.963140e-11
2.268371e+01,8.586707e-10,1.577903e-08,1.577903e-10,2.731055e-10,4.937423e-09,4.937423e-11
2.268584e+01,8.554376e-10,1.574259e-08,1.574259e-10,2.722295e-10,4.916699e-09,4.916699e-11
2.268798e+01,8.515480e-10,1.570582e-08,1.570582e-10,2.706343e-10,4.896613e-09,4.896613e-11
2.269012e+01,8.459733e-10,1.566471e-08,1.566471e-10,2.685162e-10,4.877184e-09,4.877184e-11
2.269225e+01,8.399112e-10,1.561971e-08,1.561971e-10,2.670392e-10,4.860654e-09,4.860654e-11
2.269439e+01,8.351552e-10,1.557437e-08,1.557437e-10,2.666722e-10,4.851296e-09,4.851296e-11
2.269653e+01,8.316311e-10,1.553239e-08,1.553239e-10,2.664101e-10,4.848142e-09,4.848142e-11
2.269866e+01,8.275976e-10,1.549388e-08,1.549388e-10,2.651784e-10,4.845911e-09,4.845911e-11
2.270080e+01,8.225500e-10,1.545917e-08,1.545917e-10,2.636353e-10,4.847905e-09,4.847905e-11
2.270294e+01,8.182527e-10,1.543152e-08,1.543152e-10,2.633272e-10,4.856507e-09,4.856507e-11
2.270507e+01,8.159149e-10,1.541534e-08,1.541534e-10,2.641214e-10,4.876734e-09,4.876734e-11
2.270721e+01,8.141445e-10,1.541147e-08,1.541147e-10,2.641495e-10,4.900952e-09,4.900952e-11
2.270935e+01,8.114389e-10,1.541623e-08,1.541623e-10,2.628164e-10,4.924993e-09,4.924993e-11
2.271148e+01,8.089318e-10,1.542764e-08,1.542764e-10,2.620444e-10,4.953832e-09,4.953832e-11
2.271362e+01,8.087161e-10,1.544613e-08,1.544613e-10,2.633676e-10,4.988699e-09,4.988699e-11
2.271576e+01,8.108830e-10,1.547378e-08,1.547378e-10,2.654941e-10,5.033720e-09,5.033720e-11
2.271790e+01,8.136579e-10,1.550615e-08,1.550615e-10,2.663153e-10,5.074466e-09,5.074466e-11
2.272003e+01,8.157767e-10,1.553744e-08,1.553744e-10,2.661611e-10,5.115166e-09,5.115166e-11
2.272217e+01,8.175448e-10,1.556086e-08,1.556086e-10,2.671603e-10,5.155453e-09,5.155453e-11
2.272431e+01,8.196501e-10,1.557841e-08,1.557841e-10,2.696764e-10,5.199490e-09,5.199490e-11
2.272644e+01,8.221667e-10,1.559674e-08,1.559674e-10,2.716367e-10,5.243581e-09,5.243581e-11
2.272858e+01,8.256783e-10,1.561648e-08,1.561648e-10,2.722861e-10,5.278647e-09,5.278647e-11
2.273072e+01,8.318288e-10,1.563827e-08,1.563827e-10,2.740599e-10,5.316589e-09,5.316589e-11
2.273285e+01,8.405068e-10,1.565920e-08,1.565920e-10,2.785911e-10,5.351613e-09,5.351613e-11
2.273499e+01,8.484693e-10,1.567803e-08,1.567803e-10,2.834011e-10,5.389541e-09,5.389541e-11
2.273713e+01,8.534582e-10,1.569443e-08,1.569443e-10,2.855075e-10,5.413850e-09,5.413850e-11
2.273926e+01,8.578000e-10,1.571545e-08,1.571545e-10,2.862361e-10,5.435582e-09,5.435582e-11
2.274140e+01,8.649924e-10,1.574202e-08,1.574202e-10,2.889871e-10,5.458480e-09,5.458480e-11
2.274354e+01,8.744765e-10,1.577655e-08,1.577655e-10,2.936087e-10,5.481005e-09,5.481005e-11
2.274567e+01,8.828356e-10,1.582149e-08,1.582149e-10,2.967120e-10,5.499857e-09,5.499857e-11
2.274781e+01,8.890888e-10,1.587774e-08,1.587774e-10,2.972790e-10,5.507673e-09,5.507673e-11
2.274995e+01,8.960087e-10,1.594704e-08,1.594704e-10,2.983649e-10,5.522720e-09,5.522720e-11
2.275208e+01,9.054246e-10,1.602430e-08,1.602430e-10,3.020055e-10,5.535861e-09,5.535861e-11
2.275422e+01,9.150923e-10,1.611178e-08,1.611178e-10,3.057745e-10,5.549308e-09,5.549308e-11
2.275636e+01,9.224538e-10,1.621335e-08,1.621335e-10,3.068857e-10,5.551521e-09,5.551521e-11
2.275849e+01,9.289213e-10,1.633693e-08,1.633693e-10,3.069654e-10,5.559292e-09,5.559292e-11
2.276063e+01,9.372032e-10,1.648173e-08,1.648173e-10,3.092861e-10,5.578956e-09,5.578956e-11
2.276277e+01,9.461031e-10,1.664171e-08,1.664171e-10,3.130267e-10,5.604450e-09,5.604450e-11
2.276490e+01,9.520399e-10,1.680553e-08,1.680553e-10,3.145081e-10,5.626000e-09,5.626000e-11
2.276704e+01,9.543863e-10,1.696822e-08,1.696822e-10,3.131698e-10,5.640418e-09,5.640418e-11
2.276918e+01,9.557724e-10,1.713098e-08,1.713098e-10,3.121523e-10,5.664371e-09,5.664371e-11
2.277131e+01,9.578809e-10,1.729390e-08,1.729390e-10,3.131097e-10,5.692836e-09,5.692836e-11
2.277345e+01,9.598599e-10,1.746055e-08,1.746055e-10,3.140615e-10,5.721970e-09,5.721970e-11
2.277559e+01,9.612839e-10,1.762912e-08,1.762912e-10,3.133482e-10,5.744057e-09,5.744057e-11
2.277772e+01,9.635733e-10,1.779721e-08,1.779721e-10,3.125629e-10,5.771528e-09,5.771528e-11
2.277986e+01,9.667703e-10,1.794529e-08,1.794529e-10,3.134300e-10,5.803009e-09,5.803009e-11
2.278200e+01,9.673995e-10,1.805260e-08,1.805260e-10,3.142270e-10,5.827911e-09,5.827911e-11
2.278413e+01,9.629292e-10,1.811619e-08,1.811619e-10,3.124121e-10,5.836573e-09,5.836573e-11
2.278627e+01,9.567491e-10,1.815472e-08,1.815472e-10,3.092407e-10,5.838495e-09,5.838495e-11
2.278841e+01,9.543613e-10,1.818404e-08,1.818404e-10,3.082507e-10,5.849935e-09,5.849935e-11
2.279054e+01,9.557659e-10,1.820046e-08,1.820046e-10,3.098699e-10,5.868839e-09,5.868839e-11
2.279268e+01,9.554472e-10,1.818272e-08,1.818272e-10,3.108692e-10,5.879810e-09,5.879810e-11
2.279482e+01,9.497093e-10,1.810392e-08,1.810392e-10,3.093982e-10,5.868043e-09,5.868043e-11
2.279695e+01,9.408959e-10,1.796338e-08,1.796338e-10,3.074586e-10,5.845362e-09,5.845362e-11
2.279909e+01,9.334614e-10,1.778123e-08,1.778123e-10,3.073685e-10,5.823625e-09,5.823625e-11
2.280123e+01,9.281129e-10,1.758211e-08,1.758211e-10,3.082805e-10,5.805282e-09,5.805282e-11
2.280336e+01,9.220648e-10,1.737616e-08,1.737616e-10,3.078465e-10,5.777858e-09,5.777858e-11
2.280550e+01,9.145187e-10,1.716739e-08,1.716739e-10,3.061342e-10,5.743421e-09,5.743421e-11
2.280764e+01,9.081705e-10,1.695344e-08,1.695344e-10,3.054593e-10,5.712535e-09,5.712535e-11
2.280978e+01,9.042559e-10,1.671383e-08,1.671383e-10,3.062350e-10,5.683487e-09,5.683487e-11
2.281191e+01,9.000108e-10,1.643833e-08,1.643833e-10,3.059062e-10,5.644586e-09,5.644586e-11
2.281405e+01,8.932806e-10,1.614497e-08,1.614497e-10,3.030409e-10,5.586396e-09,5.586396e-11
2.281619e+01,8.867125e-10,1.587747e-08,1.587747e-10,3.000309e-10,5.529847e-09,5.529847e-11
2.281832e+01,8.844854e-10,1.567006e-08,1.567006e-10,2.999393e-10,5.495931e-09,5.495931e-11
2.282046e+01,8.861393e-10,1.552374e-08,1.552374e-10,3.019464e-10,5.490576e-09,5.490576e-11
2.282260e+01,8.861527e-10,1.539066e-08,1.539066e-10,3.022631e-10,5.483793e-09,5.483793e-11
2.282473e+01,8.803579e-10,1.521349e-08,1.521349e-10,2.994207e-10,5.450789e-09,5.450789e-11
2.282687e+01,8.708179e-10,1.499712e-08,1.499712e-10,2.960922e-10,5.403642e-09,5.403642e-11
2.282901e+01,8.625641e-10,1.480161e-08,1.480161e-10,2.949447e-10,5.368543e-09,5.368543e-11
2.283114e+01,8.574777e-10,1.468323e-08,1.468323e-10,2.949574e-10,5.362372e-09,5.362372e-11
2.283328e+01,8.541915e-10,1.464418e-08,1.464418e-10,2.937543e-10,5.362313e-09,5.362313e-11
2.283542e+01,8.521176e-10,1.465333e-08,1.465333e-10,2.919802e-10,5.363715e-09,5.363715e-11
2.283755e+01,8.514733e-10,1.465701e-08,1.465701e-10,2.920173e-10,5.358143e-09,5.358143e-11
2.283969e+01,8.504696e-10,1.461851e-08,1.461851e-10,2.931206e-10,5.350276e-09,5.350276e-11
2.284183e+01,8.465675e-10,1.455392e-08,1.455392e-10,2.918552e-10,5.331685e-09,5.331685e-11
2.284396e+01,8.410098e-10,1.450756e-08,1.450756e-10,2.878485e-10,5.300385e-09,5.300385e-11
2.284610e+01,8.387479e-10,1.451640e-08,1.451640e-10,2.853060e-10,5.281614e-09,5.281614e-11
2.284824e+01,8.417972e-10,1.458362e-08,1.458362e-10,2.867959e-10,5.279162e-09,5.279162e-11
2.285037e+01,8.452745e-10,1.467725e-08,1.467725e-10,2.887712e-10,5.298068e-09,5.298068e-11
2.285251e+01,8.431265e-10,1.472234e-08,1.472234e-10,2.867014e-10,5.287972e-09,5.287972e-11
2.285465e+01,8.361465e-10,1.468312e-08,1.468312e-10,2.820362e-10,5.254778e-09,5.254778e-11
2.285678e+01,8.301726e-10,1.459445e-08,1.459445e-10,2.796299e-10,5.209529e-09,5.209529e-11
2.285892e+01,8.277458e-10,1.453026e-08,1.453026e-10,2.800688e-10,5.183051e-09,5.183051e-11
2.286106e+01,8.265008e-10,1.453252e-08,1.453252e-10,2.794545e-10,5.173901e-09,5.173901e-11
2.286319e+01,8.249437e-10,1.458807e-08,1.458807e-10,2.764991e-10,5.165189e-09,5.165189e-11
2.286533e+01,8.247262e-10,1.464574e-08,1.464574e-10,2.747654e-10,5.169522e-09,5.169522e-11
2.286747e+01,8.262531e-10,1.464453e-08,1.464453e-10,2.761052e-10,5.160422e-09,5.160422e-11
2.286960e+01,8.266643e-10,1.458592e-08,1.458592e-10,2.769049e-10,5.147619e-09,5.147619e-11
2.287174e+01,8.245961e-10,1.451685e-08,1.451685e-10,2.741735e-10,5.108894e-09,5.108894e-11
2.287388e+01,8.236356e-10,1.449175e-08,1.449175e-10,2.711557e-10,5.089847e-09,5.089847e-11
2.287601e+01,8.274796e-10,1.451455e-08,1.451455e-10,2.724589e-10,5.092550e-09,5.092550e-11
2.287815e+01,8.335888e-10,1.455735e-08,1.455735e-10,2.763534e-10,5.111172e-09,5.111172e-11
2.288029e+01,8.362401e-10,1.457090e-08,1.457090e-10,2.773364e-10,5.114740e-09,5.114740e-11
2.288242e+01,8.344666e-10,1.452760e-08,1.452760e-10,2.748066e-10,5.093183e-09,5.093183e-11
2.288456e+01,8.322313e-10,1.444528e-08,1.444528e-10,2.733458e-10,5.079432e-09,5.079432e-11
2.288670e+01,8.316537e-10,1.436276e-08,1.436276e-10,2.748325e-10,5.069107e-09,5.069107e-11
2.288883e+01,8.310994e-10,1.431738e-08,1.431738e-10,2.759296e-10,5.073051e-09,5.073051e-11
2.289097e+01,8.300084e-10,1.431695e-08,1.431695e-10,2.743788e-10,5.071415e-09,5.071415e-11
2.289311e+01,8.306233e-10,1.435079e-08,1.435079e-10,2.729269e-10,5.089352e-09,5.089352e-11
2.289525e+01,8.337955e-10,1.438397e-08,1.438397e-10,2.744948e-10,5.117394e-09,5.117394e-11
2.289738e+01,8.368258e-10,1.440726e-08,1.440726e-10,2.771308e-10,5.148056e-09,5.148056e-11
2.289952e+01,8.379952e-10,1.444397e-08,1.444397e-10,2.775584e-10,5.172377e-09,5.172377e-11
2.290166e+01,8.404546e-10,1.453601e-08,1.453601e-10,2.770795e-10,5.206991e-09,5.206991e-11
2.290379e+01,8.478918e-10,1.470067e-08,1.470067e-10,2.794635e-10,5.273647e-09,5.273647e-11
2.290593e+01,8.581779e-10,1.491728e-08,1.491728e-10,2.845505e-10,5.359900e-09,5.359900e-11
2.290807e+01,8.656940e-10,1.515212e-08,1.515212e-10,2.884687e-10,5.449386e-09,5.449386e-11
2.291020e+01,8.693076e-10,1.539120e-08,1.539120e-10,2.897819e-10,5.532257e-09,5.532257e-11
2.291234e+01,8.733606e-10,1.565115e-08,1.565115e-10,2.911560e-10,5.624198e-09,5.624198e-11
2.291448e+01,8.808067e-10,1.594733e-08,1.594733e-10,2.945759e-10,5.728583e-09,5.728583e-11
2.291661e+01,8.895012e-10,1.628128e-08,1.628128e-10,2.985622e-10,5.840259e-09,5.840259e-11
2.291875e+01,8.961704e-10,1.663460e-08,1.663460e-10,3.010409e-10,5.947270e-09,5.947270e-11
2.292089e+01,9.012505e-10,1.698890e-08,1.698890e-10,3.024332e-10,6.046026e-09,6.046026e-11
2.292302e+01,9.078633e-10,1.733441e-08,1.733441e-10,3.045179e-10,6.137267e-09,6.137267e-11
2.292516e+01,9.172950e-10,1.766977e-08,1.766977e-10,3.075765e-10,6.220117e-09,6.220117e-11
2.292730e+01,9.275636e-10,1.799612e-08,1.799612e-10,3.103379e-10,6.291146e-09,6.291146e-11
2.292943e+01,9.365030e-10,1.830866e-08,1.830866e-10,3.122052e-10,6.348212e-09,6.348212e-11
2.293157e+01,9.440667e-10,1.859833e-08,1.859833e-10,3.137245e-10,6.392271e-09,6.392271e-11
2.293371e+01,9.509373e-10,1.885335e-08,1.885335e-10,3.151391e-10,6.421953e-09,6.421953e-11
2.293584e+01,9.567708e-10,1.906398e-08,1.906398e-10,3.160008e-10,6.434128e-09,6.434128e-11
2.293798e+01,9.606227e-10,1.922897e-08,1.922897e-10,3.160119e-10,6.429099e-09,6.429099e-11
2.294012e+01,9.622531e-10,1.935559e-08,1.935559e-10,3.153627e-10,6.410722e-09,6.410722e-11
2.294225e+01,9.624931e-10,1.944961e-08,1.944961e-10,3.144560e-10,6.382556e-09,6.382556e-11
2.294439e+01,9.624842e-10,1.951230e-08,1.951230e-10,3.137139e-10,6.346461e-09,6.346461e-11
2.294653e+01,9.623241e-10,1.954099e-08,1.954099e-10,3.131379e-10,6.301973e-09,6.301973e-11
2.294866e+01,9.611188e-10,1.952869e-08,1.952869e-10,3.121377e-10,6.246715e-09,6.246715e-11
2.295080e+01,9.587762e-10,1.947606e-08,1.947606e-10,3.105133e-10,6.181553e-09,6.181553e-11
2.295294e+01,9.563576e-10,1.939315e-08,1.939315e-10,3.090159e-10,6.112232e-09,6.112232e-11
2.295507e+01,9.542571e-10,1.928951e-08,1.928951e-10,3.081038e-10,6.043441e-09,6.043441e-11
2.295721e+01,9.513992e-10,1.917083e-08,1.917083e-10,3.069623e-10,5.975404e-09,5.975404e-11
2.295935e+01,9.470796e-10,1.903586e-08,1.903586e-10,3.048244e-10,5.905923e-09,5.905923e-11
2.296148e+01,9.421739e-10,1.887968e-08,1.887968e-10,3.024144e-10,5.835846e-09,5.835846e-11
2.296362e+01,9.375345e-10,1.869785e-08,1.869785e-10,3.007790e-10,5.764493e-09,5.764493e-11
2.296576e+01,9.321520e-10,1.849518e-08,1.849518e-10,2.991888e-10,5.693158e-09,5.693158e-11
2.296789e+01,9.246299e-10,1.828069e-08,1.828069e-10,2.961013e-10,5.617732e-09,5.617732e-11
2.297003e+01,9.165297e-10,1.806450e-08,1.806450e-10,2.923458e-10,5.543870e-09,5.543870e-11
2.297217e+01,9.110425e-10,1.785078e-08,1.785078e-10,2.904876e-10,5.475908e-09,5.475908e-11
2.297430e+01,9.076140e-10,1.763519e-08,1.763519e-10,2.902814e-10,5.414734e-09,5.414734e-11
2.297644e+01,9.015448e-10,1.740831e-08,1.740831e-10,2.881693e-10,5.348775e-09,5.348775e-11
2.297858e+01,8.907653e-10,1.716435e-08,1.716435e-10,2.829337e-10,5.268884e-09,5.268884e-11
2.298071e+01,8.792711e-10,1.691604e-08,1.691604e-10,2.782160e-10,5.194532e-09,5.194532e-11
2.298285e+01,8.712181e-10,1.667415e-08,1.667415e-10,2.767655e-10,5.128031e-09,5.128031e-11
2.298499e+01,8.654684e-10,1.644560e-08,1.644560e-10,2.759187e-10,5.073136e-09,5.073136e-11
2.298713e+01,8.587371e-10,1.622434e-08,1.622434e-10,2.723031e-10,4.999417e-09,4.999417e-11
2.298926e+01,8.513687e-10,1.600924e-08,1.600924e-10,2.679069e-10,4.928525e-09,4.928525e-11
2.299140e+01,8.460340e-10,1.579665e-08,1.579665e-10,2.668387e-10,4.865210e-09,4.865210e-11
2.299354e+01,8.420692e-10,1.558823e-08,1.558823e-10,2.679406e-10,4.816421e-09,4.816421e-11
2.299567e+01,8.360713e-10,1.538443e-08,1.538443e-10,2.662749e-10,4.754729e-09,4.754729e-11
2.299781e+01,8.280262e-10,1.518788e-08,1.518788e-10,2.616104e-10,4.675897e-09,4.675897e-11
2.299995e+01,8.219402e-10,1.500572e-08,1.500572e-10,2.592802e-10,4.616551e-09,4.616551e-11
2.300208e+01,8.188152e-10,1.483631e-08,1.483631e-10,2.611621e-10,4.572420e-09,4.572420e-11
2.300422e+01,8.144570e-10,1.467603e-08,1.467603e-10,2.622023e-10,4.539686e-09,4.539686e-11
2.300636e+01,8.066993e-10,1.451455e-08,1.451455e-10,2.588764e-10,4.472227e-09,4.472227e-11
2.300849e+01,7.993626e-10,1.436250e-08,1.436250e-10,2.551174e-10,4.417860e-09,4.417860e-11
2.301063e+01,7.960560e-10,1.422449e-08,1.422449e-10,2.555517e-10,4.377911e-09,4.377911e-11
2.301277e+01,7.943695e-10,1.410364e-08,1.410364e-10,2.576876e-10,4.358511e-09,4.358511e-11
2.301490e+01,7.902200e-10,1.398960e-08,1.398960e-10,2.563332e-10,4.316808e-09,4.316808e-11
2.301704e+01,7.842581e-10,1.388084e-08,1.388084e-10,2.521678e-10,4.264395e-09,4.264395e-11
2.301918e+01,7.794726e-10,1.377304e-08,1.377304e-10,2.497938e-10,4.223243e-09,4.223243e-11
2.302131e+01,7.750585e-10,1.366458e-08,1.366458e-10,2.494489e-10,4.188391e-09,4.188391e-11
2.302345e+01,7.677886e-10,1.355664e-08,1.355664e-10,2.469647e-10,4.147946e-09,4.147946e-11
2.302559e+01,7.587087e-10,1.345406e-08,1.345406e-10,2.415498e-10,4.087039e-09,4.087039e-11
2.302772e+01,7.526763e-10,1.336398e-08,1.336398e-10,2.373917e-10,4.038107e-09,4.038107e-11
2.302986e+01,7.509343e-10,1.328432e-08,1.328432e-10,2.365068e-10,3.996559e-09,3.996559e-11
2.303200e+01,7.494127e-10,1.321247e-08,1.321247e-10,2.357274e-10,3.961014e-09,3.961014e-11
2.303413e+01,7.453955e-10,1.314175e-08,1.314175e-10,2.326515e-10,3.912549e-09,3.912549e-11
2.303627e+01,7.410070e-10,1.307687e-08,1.307687e-10,2.294092e-10,3.869697e-09,3.869697e-11
2.303841e+01,7.384049e-10,1.301973e-08,1.301973e-10,2.281705e-10,3.835171e-09,3.835171e-11
2.304054e+01,7.362166e-10,1.297478e-08,1.297478e-10,2.274276e-10,3.807701e-09,3.807701e-11
2.304268e+01,7.330326e-10,1.294264e-08,1.294264e-10,2.255519e-10,3.777311e-09,3.777311e-11
2.304482e+01,7.307106e-10,1.293043e-08,1.293043e-10,2.242777e-10,3.755295e-09,3.755295e-11
2.304695e+01,7.311262e-10,1.293882e-08,1.293882e-10,2.252637e-10,3.745403e-09,3.745403e-11
2.304909e+01,7.325534e-10,1.296674e-08,1.296674e-10,2.265600e-10,3.744204e-09,3.744204e-11
2.305123e+01,7.328646e-10,1.301120e-08,1.301120e-10,2.261922e-10,3.740629e-09,3.740629e-11
2.305336e+01,7.337598e-10,1.307635e-08,1.307635e-10,2.260795e-10,3.747012e-09,3.747012e-11
2.305550e+01,7.377335e-10,1.316217e-08,1.316217e-10,2.284701e-10,3.766360e-09,3.766360e-11
2.305764e+01,7.430020e-10,1.326590e-08,1.326590e-10,2.313012e-10,3.797892e-09,3.797892e-11
2.305977e+01,7.461186e-10,1.338174e-08,1.338174e-10,2.315355e-10,3.822227e-09,3.822227e-11
2.306191e+01,7.476510e-10,1.350945e-08,1.350945e-10,2.307664e-10,3.854044e-09,3.854044e-11
2.306405e+01,7.506306e-10,1.364897e-08,1.364897e-10,2.324617e-10,3.898165e-09,3.898165e-11
2.306618e+01,7.549465e-10,1.379917e-08,1.379917e-10,2.355306e-10,3.958068e-09,3.958068e-11
2.306832e+01,7.580849e-10,1.395397e-08,1.395397e-10,2.362570e-10,4.007040e-09,4.007040e-11
2.307046e+01,7.605669e-10,1.410985e-08,1.410985e-10,2.352899e-10,4.051488e-09,4.051488e-11
2.307260e+01,7.655734e-10,1.426604e-08,1.426604e-10,2.368235e-10,4.105697e-09,4.105697e-11
2.307473e+01,7.732249e-10,1.442038e-08,1.442038e-10,2.411024e-10,4.169933e-09,4.169933e-11
2.307687e+01,7.798636e-10,1.456844e-08,1.456844e-10,2.435853e-10,4.226122e-09,4.226122e-11
2.307901e+01,7.841979e-10,1.470724e-08,1.470724e-10,2.428400e-10,4.259427e-09,4.259427e-11
2.308114e+01,7.894935e-10,1.484108e-08,1.484108e-10,2.431620e-10,4.301970e-09,4.301970e-11
2.308328e+01,7.976385e-10,1.497109e-08,1.497109e-10,2.469364e-10,4.349733e-09,4.349733e-11
2.308542e+01,8.058744e-10,1.509870e-08,1.509870e-10,2.505323e-10,4.401523e-09,4.401523e-11
2.308755e+01,8.119868e-10,1.522187e-08,1.522187e-10,2.509348e-10,4.427243e-09,4.427243e-11
2.308969e+01,8.183898e-10,1.534856e-08,1.534856e-10,2.511410e-10,4.459680e-09,4.459680e-11
2.309183e+01,8.273402e-10,1.548090e-08,1.548090e-10,2.546442e-10,4.500166e-09,4.500166e-11
2.309396e+01,8.362893e-10,1.562236e-08,1.562236e-10,2.589822e-10,4.552508e-09,4.552508e-11
2.309610e+01,8.422030e-10,1.576865e-08,1.576865e-10,2.601640e-10,4.588411e-09,4.588411e-11
2.309824e+01,8.468481e-10,1.592593e-08,1.592593e-10,2.597947e-10,4.625323e-09,4.625323e-11
2.310037e+01,8.534731e-10,1.609489e-08,1.609489e-10,2.619372e-10,4.674465e-09,4.674465e-11
2.310251e+01,8.606946e-10,1.627583e-08,1.627583e-10,2.657083e-10,4.735814e-09,4.735814e-11
2.310465e+01,8.650158e-10,1.646163e-08,1.646163e-10,2.671175e-10,4.790671e-09,4.790671e-11
2.310678e+01,8.675353e-10,1.665178e-08,1.665178e-10,2.665517e-10,4.839996e-09,4.839996e-11
2.310892e+01,8.721971e-10,1.684632e-08,1.684632e-10,2.681288e-10,4.899297e-09,4.899297e-11
2.311106e+01,8.782810e-10,1.703986e-08,1.703986e-10,2.719543e-10,4.966275e-09,4.966275e-11
2.311319e+01,8.807229e-10,1.722310e-08,1.722310e-10,2.736452e-10,5.026449e-09,5.026449e-11
2.311533e+01,8.785450e-10,1.738864e-08,1.738864e-10,2.722641e-10,5.071193e-09,5.071193e-11
2.311747e+01,8.764651e-10,1.753732e-08,1.753732e-10,2.718754e-10,5.118281e-09,5.118281e-11
2.311960e+01,8.769028e-10,1.766208e-08,1.766208e-10,2.740615e-10,5.165075e-09,5.165075e-11
2.312174e+01,8.764162e-10,1.775672e-08,1.775672e-10,2.751591e-10,5.203182e-09,5.203182e-11
2.312388e+01,8.721583e-10,1.781127e-08,1.781127e-10,2.730758e-10,5.214673e-09,5.214673e-11
2.312601e+01,8.668986e-10,1.782967e-08,1.782967e-10,2.713433e-10,5.223225e-09,5.223225e-11
2.312815e+01,8.641341e-10,1.781207e-08,1.781207e-10,2.727211e-10,5.227855e-09,5.227855e-11
2.313029e+01,8.625876e-10,1.776038e-08,1.776038e-10,2.741570e-10,5.228694e-09,5.228694e-11
2.313242e+01,8.596287e-10,1.767114e-08,1.767114e-10,2.726127e-10,5.199903e-09,5.199903e-11
2.313456e+01,8.567741e-10,1.754998e-08,1.754998e-10,2.709287e-10,5.167000e-09,5.167000e-11
2.313670e+01,8.571207e-10,1.740215e-08,1.740215e-10,2.729317e-10,5.134817e-09,5.134817e-11
2.313883e+01,8.596120e-10,1.723461e-08,1.723461e-10,2.765099e-10,5.108900e-09,5.108900e-11
2.314097e+01,8.611357e-10,1.705112e-08,1.705112e-10,2.772834e-10,5.063979e-09,5.063979e-11
2.314311e+01,8.622043e-10,1.685859e-08,1.685859e-10,2.764314e-10,5.012922e-09,5.012922e-11
2.314524e+01,8.653263e-10,1.666443e-08,1.666443e-10,2.783554e-10,4.973655e-09,4.973655e-11
2.314738e+01,8.693986e-10,1.647108e-08,1.647108e-10,2.824819e-10,4.944937e-09,4.944937e-11
2.314952e+01,8.709494e-10,1.628091e-08,1.628091e-10,2.841766e-10,4.913339e-09,4.913339e-11
2.315165e+01,8.700882e-10,1.610007e-08,1.610007e-10,2.828246e-10,4.872379e-09,4.872379e-11
2.315379e+01,8.701084e-10,1.593904e-08,1.593904e-10,2.826055e-10,4.846610e-09,4.846610e-11
2.315593e+01,8.715738e-10,1.580589e-08,1.580589e-10,2.849559e-10,4.834431e-09,4.834431e-11
2.315806e+01,8.716881e-10,1.570704e-08,1.570704e-10,2.862673e-10,4.831875e-09,4.831875e-11
2.316020e+01,8.702337e-10,1.564747e-08,1.564747e-10,2.848509e-10,4.826523e-09,4.826523e-11
2.316234e+01,8.712730e-10,1.563496e-08,1.563496e-10,2.842372e-10,4.838469e-09,4.838469e-11
2.316448e+01,8.769396e-10,1.567113e-08,1.567113e-10,2.868574e-10,4.869997e-09,4.869997e-11
2.316661e+01,8.841018e-10,1.575023e-08,1.575023e-10,2.900531e-10,4.916990e-09,4.916990e-11
2.316875e+01,8.897597e-10,1.586139e-08,1.586139e-10,2.912421e-10,4.965102e-09,4.965102e-11
2.317089e+01,8.952409e-10,1.599900e-08,1.599900e-10,2.921889e-10,5.020678e-09,5.020678e-11
2.317302e+01,9.021287e-10,1.615917e-08,1.615917e-10,2.949396e-10,5.087548e-09,5.087548e-11
2.317516e+01,9.086020e-10,1.633409e-08,1.633409e-10,2.977841e-10,5.164395e-09,5.164395e-11
2.317730e+01,9.128129e-10,1.650657e-08,1.650657e-10,2.989187e-10,5.240003e-09,5.240003e-11
2.317943e+01,9.157111e-10,1.666141e-08,1.666141e-10,2.999700e-10,5.314078e-09,5.314078e-11
2.318157e+01,9.176222e-10,1.678617e-08,1.678617e-10,3.021558e-10,5.382277e-09,5.382277e-11
2.318371e+01,9.162396e-10,1.688540e-08,1.688540e-10,3.031610e-10,5.447115e-09,5.447115e-11
2.318584e+01,9.113645e-10,1.696856e-08,1.696856e-10,3.016229e-10,5.501668e-09,5.501668e-11
2.318798e+01,9.077138e-10,1.704966e-08,1.704966e-10,3.009095e-10,5.564182e-09,5.564182e-11
2.319012e+01,9.089037e-10,1.712663e-08,1.712663e-10,3.038841e-10,5.628209e-09,5.628209e-11
2.319225e+01,9.114039e-10,1.719714e-08,1.719714e-10,3.070522e-10,5.695926e-09,5.695926e-11
2.319439e+01,9.097915e-10,1.724921e-08,1.724921e-10,3.059559e-10,5.737765e-09,5.737765e-11
2.319653e+01,9.056895e-10,1.728727e-08,1.728727e-10,3.034188e-10,5.784220e-09,5.784220e-11
2.319866e+01,9.047149e-10,1.731354e-08,1.731354e-10,3.049571e-10,5.838781e-09,5.838781e-11
2.320080e+01,9.065323e-10,1.732755e-08,1.732755e-10,3.086467e-10,5.904253e-09,5.904253e-11
2.320294e+01,9.057509e-10,1.731926e-08,1.731926e-10,3.080483e-10,5.933886e-09,5.933886e-11
2.320507e+01,9.021614e-10,1.728972e-08,1.728972e-10,3.040270e-10,5.942284e-09,5.942284e-11
2.320721e+01,9.011353e-10,1.724305e-08,1.724305e-10,3.040857e-10,5.975702e-09,5.975702e-11
2.320935e+01,9.029371e-10,1.715994e-08,1.715994e-10,3.090600e-10,6.024479e-09,6.024479e-11
2.321148e+01,9.007811e-10,1.702215e-08,1.702215e-10,3.106844e-10,6.051208e-09,6.051208e-11
2.321362e+01,8.921688e-10,1.683035e-08,1.683035e-10,3.054769e-10,6.002356e-09,6.002356e-11
2.321576e+01,8.842943e-10,1.663771e-08,1.663771e-10,3.012847e-10,5.977733e-09,5.977733e-11
2.321789e+01,8.831098e-10,1.646583e-08,1.646583e-10,3.044459e-10,5.982089e-09,5.982089e-11
2.322003e+01,8.840159e-10,1.631002e-08,1.631002e-10,3.090186e-10,6.015214e-09,6.015214e-11
2.322217e+01,8.803009e-10,1.612303e-08,1.612303e-10,3.068424e-10,5.965726e-09,5.965726e-11
2.322430e+01,8.747810e-10,1.591011e-08,1.591011e-10,3.014990e-10,5.894506e-09,5.894506e-11
2.322644e+01,8.744913e-10,1.569362e-08,1.569362e-10,3.019588e-10,5.846982e-09,5.846982e-11
2.322858e+01,8.778411e-10,1.549603e-08,1.549603e-10,3.069603e-10,5.838974e-09,5.838974e-11
2.323071e+01,8.772780e-10,1.529716e-08,1.529716e-10,3.074458e-10,5.797614e-09,5.797614e-11
2.323285e+01,8.722586e-10,1.508234e-08,1.508234e-10,3.021952e-10,5.697108e-09,5.697108e-11
2.323499e+01,8.690468e-10,1.486441e-08,1.486441e-10,2.992226e-10,5.615886e-09,5.615886e-11
2.323712e+01,8.682326e-10,1.463870e-08,1.463870e-10,3.012704e-10,5.554034e-09,5.554034e-11
2.323926e+01,8.622991e-10,1.438938e-08,1.438938e-10,3.009945e-10,5.499938e-09,5.499938e-11
2.324140e+01,8.481326e-10,1.409406e-08,1.409406e-10,2.938868e-10,5.378867e-09,5.378867e-11
2.324353e+01,8.332665e-10,1.379468e-08,1.379468e-10,2.860975e-10,5.259269e-09,5.259269e-11
2.324567e+01,8.250035e-10,1.352664e-08,1.352664e-10,2.840605e-10,5.150355e-09,5.150355e-11
2.324781e+01,8.203252e-10,1.332592e-08,1.332592e-10,2.844330e-10,5.082626e-09,5.082626e-11
2.324995e+01,8.127339e-10,1.316843e-08,1.316843e-10,2.810634e-10,4.999684e-09,4.999684e-11
2.325208e+01,8.034991e-10,1.303663e-08,1.303663e-10,2.757600e-10,4.920572e-09,4.920572e-11
2.325422e+01,7.979572e-10,1.291222e-08,1.291222e-10,2.739999e-10,4.845378e-09,4.845378e-11
2.325636e+01,7.952537e-10,1.282170e-08,1.282170e-10,2.746087e-10,4.791771e-09,4.791771e-11
2.325849e+01,7.906486e-10,1.279656e-08,1.279656e-10,2.725315e-10,4.752158e-09,4.752158e-11
2.326063e+01,7.846832e-10,1.285050e-08,1.285050e-10,2.684833e-10,4.732974e-09,4.732974e-11
2.326277e+01,7.818126e-10,1.296860e-08,1.296860e-10,2.672676e-10,4.740265e-09,4.740265e-11
2.326490e+01,7.817939e-10,1.311354e-08,1.311354e-10,2.685608e-10,4.747220e-09,4.747220e-11
2.326704e+01,7.798725e-10,1.326621e-08,1.326621e-10,2.673948e-10,4.743164e-09,4.743164e-11
2.326918e+01,7.747994e-10,1.342424e-08,1.342424e-10,2.630676e-10,4.726779e-09,4.726779e-11
2.327131e+01,7.703322e-10,1.360988e-08,1.360988e-10,2.601573e-10,4.730039e-09,4.730039e-11
2.327345e+01,7.684189e-10,1.381525e-08,1.381525e-10,2.601835e-10,4.734044e-09,4.734044e-11
2.327559e+01,7.663452e-10,1.403652e-08,1.403652e-10,2.591918e-10,4.730233e-09,4.730233e-11
2.327772e+01,7.627403e-10,1.427498e-08,1.427498e-10,2.554490e-10,4.713667e-09,4.713667e-11
2.327986e+01,7.611761e-10,1.453395e-08,1.453395e-10,2.530347e-10,4.725968e-09,4.725968e-11
2.328200e+01,7.638653e-10,1.478676e-08,1.478676e-10,2.545591e-10,4.755723e-09,4.755723e-11
2.328413e+01,7.667297e-10,1.500759e-08,1.500759e-10,2.561704e-10,4.783496e-09,4.783496e-11
2.328627e+01,7.657389e-10,1.519159e-08,1.519159e-10,2.542768e-10,4.783476e-09,4.783476e-11
2.328841e+01,7.639267e-10,1.536331e-08,1.536331e-10,2.521336e-10,4.791882e-09,4.791882e-11
2.329054e+01,7.666443e-10,1.553916e-08,1.553916e-10,2.543312e-10,4.826119e-09,4.826119e-11
2.329268e+01,7.732313e-10,1.570652e-08,1.570652e-10,2.590413e-10,4.877431e-09,4.877431e-11
2.329482e+01,7.786392e-10,1.583702e-08,1.583702e-10,2.613979e-10,4.909706e-09,4.909706e-11
2.329695e+01,7.806676e-10,1.591422e-08,1.591422e-10,2.612170e-10,4.919519e-09,4.919519e-11
2.329909e+01,7.812725e-10,1.594807e-08,1.594807e-10,2.620169e-10,4.928429e-09,4.928429e-11
2.330123e+01,7.823430e-10,1.595829e-08,1.595829e-10,2.645161e-10,4.947026e-09,4.947026e-11
2.330336e+01,7.838977e-10,1.595020e-08,1.595020e-10,2.662229e-10,4.964624e-09,4.964624e-11
2.330550e+01,7.859975e-10,1.591524e-08,1.591524e-10,2.665002e-10,4.966323e-09,4.966323e-11
2.330764e+01,7.888607e-10,1.584904e-08,1.584904e-10,2.672033e-10,4.957029e-09,4.957029e-11
2.330977e+01,7.910348e-10,1.575328e-08,1.575328e-10,2.686278e-10,4.943718e-09,4.943718e-11
2.331191e+01,7.905613e-10,1.562757e-08,1.562757e-10,2.690007e-10,4.926093e-09,4.926093e-11
2.331405e+01,7.879564e-10,1.547124e-08,1.547124e-10,2.679460e-10,4.898608e-09,4.898608e-11
2.331618e+01,7.851184e-10,1.528513e-08,1.528513e-10,2.667955e-10,4.858565e-09,4.858565e-11
2.331832e+01,7.816704e-10,1.507406e-08,1.507406e-10,2.654919e-10,4.806620e-09,4.806620e-11
2.332046e+01,7.761326e-10,1.484451e-08,1.484451e-10,2.629438e-10,4.745151e-09,4.745151e-11
2.332259e+01,7.696732e-10,1.460393e-08,1.460393e-10,2.601333e-10,4.681923e-09,4.681923e-11
2.332473e+01,7.644529e-10,1.435067e-08,1.435067e-10,2.588119e-10,4.617204e-09,4.617204e-11
2.332687e+01,7.592049e-10,1.408220e-08,1.408220e-10,2.575468e-10,4.546593e-09,4.546593e-11
2.332900e+01,7.507120e-10,1.380193e-08,1.380193e-10,2.534802e-10,4.456745e-09,4.456745e-11
2.333114e+01,7.396344e-10,1.352409e-08,1.352409e-10,2.478834e-10,4.363694e-09,4.363694e-11
2.333328e+01,7.303165e-10,1.326079e-08,1.326079e-10,2.449510e-10,4.282294e-09,4.282294e-11
2.333541e+01,7.240498e-10,1.301587e-08,1.301587e-10,2.445575e-10,4.218439e-09,4.218439e-11
2.333755e+01,7.171277e-10,1.278562e-08,1.278562e-10,2.418223e-10,4.144731e-09,4.144731e-11
2.333969e+01,7.076160e-10,1.256815e-08,1.256815e-10,2.356056e-10,4.051166e-09,4.051166e-11
2.334183e+01,6.992843e-10,1.237927e-08,1.237927e-10,2.312685e-10,3.982151e-09,3.982151e-11
2.334396e+01,6.949679e-10,1.222266e-08,1.222266e-10,2.316189e-10,3.940700e-09,3.940700e-11
2.334610e+01,6.912902e-10,1.210065e-08,1.210065e-10,2.315754e-10,3.923214e-09,3.923214e-11
2.334824e+01,6.850235e-10,1.199611e-08,1.199611e-10,2.268673e-10,3.856953e-09,3.856953e-11
2.335037e+01,6.795850e-10,1.192212e-08,1.192212e-10,2.220254e-10,3.816540e-09,3.816540e-11
2.335251e+01,6.789896e-10,1.187963e-08,1.187963e-10,2.229171e-10,3.807462e-09,3.807462e-11
2.335465e+01,6.796868e-10,1.186595e-08,1.186595e-10,2.262608e-10,3.848566e-09,3.848566e-11
2.335678e+01,6.757273e-10,1.185757e-08,1.185757e-10,2.248412e-10,3.845116e-09,3.845116e-11
2.335892e+01,6.690094e-10,1.185845e-08,1.185845e-10,2.198968e-10,3.825572e-09,3.825572e-11
2.336106e+01,6.669433e-10,1.187991e-08,1.187991e-10,2.192938e-10,3.850670e-09,3.850670e-11
2.336319e+01,6.707321e-10,1.192141e-08,1.192141e-10,2.242273e-10,3.918031e-09,3.918031e-11
2.336533e+01,6.734603e-10,1.197168e-08,1.197168e-10,2.270942e-10,3.987765e-09,3.987765e-11
2.336747e+01,6.713502e-10,1.201321e-08,1.201321e-10,2.243190e-10,3.994941e-09,3.994941e-11
2.336960e+01,6.694347e-10,1.206721e-08,1.206721e-10,2.221280e-10,4.043990e-09,4.043990e-11
2.337174e+01,6.724278e-10,1.213470e-08,1.213470e-10,2.255435e-10,4.119466e-09,4.119466e-11
2.337388e+01,6.769260e-10,1.221801e-08,1.221801e-10,2.298941e-10,4.228010e-09,4.228010e-11
2.337601e+01,6.783322e-10,1.229519e-08,1.229519e-10,2.293780e-10,4.280936e-09,4.280936e-11
2.337815e+01,6.793947e-10,1.238322e-08,1.238322e-10,2.272337e-10,4.344140e-09,4.344140e-11
2.338029e+01,6.851166e-10,1.248268e-08,1.248268e-10,2.298131e-10,4.433742e-09,4.433742e-11
2.338242e+01,6.938192e-10,1.259547e-08,1.259547e-10,2.355501e-10,4.550281e-09,4.550281e-11
2.338456e+01,7.003781e-10,1.270471e-08,1.270471e-10,2.381466e-10,4.645065e-09,4.645065e-11
2.338670e+01,7.053612e-10,1.281352e-08,1.281352e-10,2.376274e-10,4.719861e-09,4.719861e-11
2.338883e+01,7.135035e-10,1.293131e-08,1.293131e-10,2.397055e-10,4.816816e-09,4.816816e-11
2.339097e+01,7.245213e-10,1.305391e-08,1.305391e-10,2.453350e-10,4.924604e-09,4.924604e-11
2.339311e+01,7.328062e-10,1.317327e-08,1.317327e-10,2.491362e-10,5.029420e-09,5.029420e-11
2.339524e+01,7.368503e-10,1.328018e-08,1.328018e-10,2.490513e-10,5.103155e-09,5.103155e-11
2.339738e+01,7.418065e-10,1.339023e-08,1.339023e-10,2.497663e-10,5.185134e-09,5.185134e-11
2.339952e+01,7.504235e-10,1.349951e-08,1.349951e-10,2.540893e-10,5.268250e-09,5.268250e-11
2.340165e+01,7.584017e-10,1.360678e-08,1.360678e-10,2.581302e-10,5.350059e-09,5.350059e-11
2.340379e+01,7.622752e-10,1.369814e-08,1.369814e-10,2.586078e-10,5.402168e-09,5.402168e-11
2.340593e+01,7.657664e-10,1.378482e-08,1.378482e-10,2.587639e-10,5.448646e-09,5.448646e-11
2.340806e+01,7.733438e-10,1.386716e-08,1.386716e-10,2.623846e-10,5.492048e-09,5.492048e-11
2.341020e+01,7.824975e-10,1.394577e-08,1.394577e-10,2.669396e-10,5.532773e-09,5.532773e-11
2.341234e+01,7.880688e-10,1.401083e-08,1.401083e-10,2.681776e-10,5.547492e-09,5.547492e-11
2.341447e+01,7.906392e-10,1.406571e-08,1.406571e-10,2.676531e-10,5.548733e-09,5.548733e-11
2.341661e+01,7.947799e-10,1.411701e-08,1.411701e-10,2.696578e-10,5.546809e-09,5.546809e-11
2.341875e+01,8.009400e-10,1.416654e-08,1.416654e-10,2.734642e-10,5.543211e-09,5.543211e-11
2.342088e+01,8.053724e-10,1.421413e-08,1.421413e-10,2.748738e-10,5.521409e-09,5.521409e-11
2.342302e+01,8.075715e-10,1.426031e-08,1.426031e-10,2.739724e-10,5.482017e-09,5.482017e-11
2.342516e+01,8.115972e-10,1.431606e-08,1.431606e-10,2.751208e-10,5.444233e-09,5.444233e-11
2.342730e+01,8.190716e-10,1.438316e-08,1.438316e-10,2.791628e-10,5.408597e-09,5.408597e-11
2.342943e+01,8.264719e-10,1.446385e-08,1.446385e-10,2.818159e-10,5.367628e-09,5.367628e-11
2.343157e+01,8.313758e-10,1.455637e-08,1.455637e-10,2.811663e-10,5.307578e-09,5.307578e-11
2.343371e+01,8.364233e-10,1.467047e-08,1.467047e-10,2.808744e-10,5.254827e-09,5.254827e-11
2.343584e+01,8.446529e-10,1.481051e-08,1.481051e-10,2.837845e-10,5.211134e-09,5.211134e-11
2.343798e+01,8.546471e-10,1.498040e-08,1.498040e-10,2.872755e-10,5.179892e-09,5.179892e-11
2.344012e+01,8.632091e-10,1.517798e-08,1.517798e-10,2.879869e-10,5.140407e-09,5.140407e-11
2.344225e+01,8.701440e-10,1.540372e-08,1.540372e-10,2.874646e-10,5.112020e-09,5.112020e-11
2.344439e+01,8.772064e-10,1.565567e-08,1.565567e-10,2.891310e-10,5.104464e-09,5.104464e-11
2.344653e+01,8.843678e-10,1.593208e-08,1.593208e-10,2.923743e-10,5.119932e-09,5.119932e-11
2.344866e+01,8.904806e-10,1.623012e-08,1.623012e-10,2.941765e-10,5.146213e-09,5.146213e-11
2.345080e+01,8.964133e-10,1.654703e-08,1.654703e-10,2.946541e-10,5.183460e-09,5.183460e-11
2.345294e+01,9.037842e-10,1.687937e-08,1.687937e-10,2.965450e-10,5.245668e-09,5.245668e-11
2.345507e+01,9.114333e-10,1.721729e-08,1.721729e-10,3.002518e-10,5.329271e-09,5.329271e-11
2.345721e+01,9.167361e-10,1.754844e-08,1.754844e-10,3.032483e-10,5.426638e-09,5.426638e-11
2.345935e+01,9.199241e-10,1.786516e-08,1.786516e-10,3.044612e-10,5.527530e-09,5.527530e-11
2.346148e+01,9.239819e-10,1.816396e-08,1.816396e-10,3.057937e-10,5.638719e-09,5.638719e-11
2.346362e+01,9.302403e-10,1.843904e-08,1.843904e-10,3.085728e-10,5.758523e-09,5.758523e-11
2.346576e+01,9.369105e-10,1.868324e-08,1.868324e-10,3.117172e-10,5.881630e-09,5.881630e-11
2.346789e+01,9.419508e-10,1.888657e-08,1.888657e-10,3.140394e-10,6.001203e-09,6.001203e-11
2.347003e+01,9.450836e-10,1.903961e-08,1.903961e-10,3.158246e-10,6.116044e-09,6.116044e-11
2.347217e+01,9.464379e-10,1.913537e-08,1.913537e-10,3.174100e-10,6.223863e-09,6.223863e-11
2.347430e+01,9.452902e-10,1.916980e-08,1.916980e-10,3.180509e-10,6.319698e-09,6.319698e-11
2.347644e+01,9.417871e-10,1.914136e-08,1.914136e-10,3.176281e-10,6.400214e-09,6.400214e-11
2.347858e+01,9.377696e-10,1.905263e-08,1.905263e-10,3.175755e-10,6.466660e-09,6.466660e-11
2.348071e+01,9.340776e-10,1.890506e-08,1.890506e-10,3.182929e-10,6.518234e-09,6.518234e-11
2.348285e+01,9.288280e-10,1.870026e-08,1.870026e-10,3.179636e-10,6.549502e-09,6.549502e-11
2.348499e+01,9.205579e-10,1.843951e-08,1.843951e-10,3.156723e-10,6.556472e-09,6.556472e-11
2.348712e+01,9.111679e-10,1.812842e-08,1.812842e-10,3.132287e-10,6.543268e-09,6.543268e-11
2.348926e+01,9.030944e-10,1.777527e-08,1.777527e-10,3.122064e-10,6.511962e-09,6.511962e-11
2.349140e+01,8.956408e-10,1.739056e-08,1.739056e-10,3.111698e-10,6.462899e-09,6.462899e-11
2.349353e+01,8.865904e-10,1.698201e-08,1.698201e-10,3.080661e-10,6.388060e-09,6.388060e-11
2.349567e+01,8.761897e-10,1.655857e-08,1.655857e-10,3.040473e-10,6.294404e-09,6.294404e-11
2.349781e+01,8.665127e-10,1.612939e-08,1.612939e-10,3.016488e-10,6.187345e-09,6.187345e-11
2.349994e+01,8.572507e-10,1.569974e-08,1.569974e-10,3.002001e-10,6.070429e-09,6.070429e-11
2.350208e+01,8.454554e-10,1.527268e-08,1.527268e-10,2.965840e-10,5.935823e-09,5.935823e-11
2.350422e+01,8.301714e-10,1.485340e-08,1.485340e-10,2.902490e-10,5.782822e-09,5.782822e-11
2.350635e+01,8.146111e-10,1.445567e-08,1.445567e-10,2.844488e-10,5.624677e-09,5.624677e-11
2.350849e+01,8.017791e-10,1.409387e-08,1.409387e-10,2.812530e-10,5.466759e-09,5.466759e-11
2.351063e+01,7.906732e-10,1.378139e-08,1.378139e-10,2.783919e-10,5.313627e-09,5.313627e-11
2.351276e+01,7.790360e-10,1.352156e-08,1.352156e-10,2.734738e-10,5.152763e-09,5.152763e-11
2.351490e+01,7.674423e-10,1.331544e-08,1.331544e-10,2.680753e-10,4.999155e-09,4.999155e-11
2.351704e+01,7.583393e-10,1.316298e-08,1.316298e-10,2.650011e-10,4.856696e-09,4.856696e-11
2.351918e+01,7.522659e-10,1.306846e-08,1.306846e-10,2.638582e-10,4.734812e-09,4.734812e-11
2.352131e+01,7.474307e-10,1.303158e-08,1.303158e-10,2.619077e-10,4.626984e-09,4.626984e-11
2.352345e+01,7.425728e-10,1.304267e-08,1.304267e-10,2.585715e-10,4.531391e-09,4.531391e-11
2.352559e+01,7.382747e-10,1.308682e-08,1.308682e-10,2.562236e-10,4.459754e-09,4.459754e-11
2.352772e+01,7.348796e-10,1.314993e-08,1.314993e-10,2.558232e-10,4.407739e-09,4.407739e-11
2.352986e+01,7.311339e-10,1.322349e-08,1.322349e-10,2.551312e-10,4.376642e-09,4.376642e-11
2.353200e+01,7.262846e-10,1.330110e-08,1.330110e-10,2.524454e-10,4.352410e-09,4.352410e-11
2.353413e+01,7.213215e-10,1.338077e-08,1.338077e-10,2.492102e-10,4.343128e-09,4.343128e-11
2.353627e+01,7.169719e-10,1.345593e-08,1.345593e-10,2.475512e-10,4.343987e-09,4.343987e-11
2.353841e+01,7.126863e-10,1.352925e-08,1.352925e-10,2.470184e-10,4.353964e-09,4.353964e-11
2.354054e+01,7.089877e-10,1.361313e-08,1.361313e-10,2.459215e-10,4.369990e-09,4.369990e-11
2.354268e+01,7.082880e-10,1.371355e-08,1.371355e-10,2.445314e-10,4.391646e-09,4.391646e-11
2.354482e+01,7.119471e-10,1.382563e-08,1.382563e-10,2.444702e-10,4.423790e-09,4.423790e-11
2.354695e+01,7.184566e-10,1.393966e-08,1.393966e-10,2.461079e-10,4.456193e-09,4.456193e-11
2.354909e+01,7.254537e-10,1.405115e-08,1.405115e-10,2.482515e-10,4.490470e-09,4.490470e-11
2.355123e+01,7.328131e-10,1.416597e-08,1.416597e-10,2.500207e-10,4.528161e-09,4.528161e-11
2.355336e+01,7.424674e-10,1.428865e-08,1.428865e-10,2.520990e-10,4.573530e-09,4.573530e-11
2.355550e+01,7.550199e-10,1.440573e-08,1.440573e-10,2.553453e-10,4.620922e-09,4.620922e-11
2.355764e+01,7.679685e-10,1.450056e-08,1.450056e-10,2.590978e-10,4.656900e-09,4.656900e-11
2.355977e+01,7.785006e-10,1.456702e-08,1.456702e-10,2.623017e-10,4.682621e-09,4.682621e-11
2.356191e+01,7.865334e-10,1.460900e-08,1.460900e-10,2.649330e-10,4.705779e-09,4.705779e-11
2.356405e+01,7.933051e-10,1.463390e-08,1.463390e-10,2.673310e-10,4.727543e-09,4.727543e-11
2.356618e+01,7.993008e-10,1.464066e-08,1.464066e-10,2.695472e-10,4.739345e-09,4.739345e-11
2.356832e+01,8.047768e-10,1.462654e-08,1.462654e-10,2.716354e-10,4.733125e-09,4.733125e-11
2.357046e+01,8.102523e-10,1.460316e-08,1.460316e-10,2.737838e-10,4.719217e-09,4.719217e-11
2.357259e+01,8.155878e-10,1.458498e-08,1.458498e-10,2.757581e-10,4.712963e-09,4.712963e-11
2.357473e+01,8.201481e-10,1.457397e-08,1.457397e-10,2.770556e-10,4.714861e-09,4.714861e-11
2.357687e+01,8.242834e-10,1.456399e-08,1.456399e-10,2.781122e-10,4.716032e-09,4.716032e-11
2.357900e+01,8.291007e-10,1.455096e-08,1.455096e-10,2.798603e-10,4.709100e-09,4.709100e-11
2.358114e+01,8.349914e-10,1.454340e-08,1.454340e-10,2.821701e-10,4.704768e-09,4.704768e-11
2.358328e+01,8.410306e-10,1.455137e-08,1.455137e-10,2.840756e-10,4.712427e-09,4.712427e-11
2.358541e+01,8.460655e-10,1.456912e-08,1.456912e-10,2.853287e-10,4.731401e-09,4.731401e-11
2.358755e+01,8.501629e-10,1.457742e-08,1.457742e-10,2.869334e-10,4.749083e-09,4.749083e-11
2.358969e+01,8.539778e-10,1.456562e-08,1.456562e-10,2.894764e-10,4.755151e-09,4.755151e-11
2.359182e+01,8.573008e-10,1.454261e-08,1.454261e-10,2.917042e-10,4.758375e-09,4.758375e-11
2.359396e+01,8.596829e-10,1.452094e-08,1.452094e-10,2.925394e-10,4.763385e-09,4.763385e-11
2.359610e+01,8.619117e-10,1.450087e-08,1.450087e-10,2.932580e-10,4.778323e-09,4.778323e-11
2.359823e+01,8.646264e-10,1.446851e-08,1.446851e-10,2.952372e-10,4.786612e-09,4.786612e-11
2.360037e+01,8.665688e-10,1.441938e-08,1.441938e-10,2.971824e-10,4.781106e-09,4.781106e-11
2.360251e+01,8.667739e-10,1.436463e-08,1.436463e-10,2.971186e-10,4.764326e-09,4.764326e-11
2.360465e+01,8.668602e-10,1.432174e-08,1.432174e-10,2.959420e-10,4.752711e-09,4.752711e-11
2.360678e+01,8.687202e-10,1.429110e-08,1.429110e-10,2.961912e-10,4.752525e-09,4.752525e-11
2.360892e+01,8.710758e-10,1.426141e-08,1.426141e-10,2.975395e-10,4.747377e-09,4.747377e-11
2.361106e+01,8.711239e-10,1.422754e-08,1.422754e-10,2.970754e-10,4.726208e-09,4.726208e-11
2.361319e+01,8.691156e-10,1.420149e-08,1.420149e-10,2.943855e-10,4.695970e-09,4.695970e-11
2.361533e+01,8.682060e-10,1.419493e-08,1.419493e-10,2.925634e-10,4.681876e-09,4.681876e-11
2.361747e+01,8.690764e-10,1.419904e-08,1.419904e-10,2.930875e-10,4.676741e-09,4.676741e-11
2.361960e+01,8.680621e-10,1.419859e-08,1.419859e-10,2.929883e-10,4.665814e-09,4.665814e-11
2.362174e+01,8.630659e-10,1.418533e-08,1.418533e-10,2.897404e-10,4.631764e-09,4.631764e-11
2.362388e+01,8.574202e-10,1.417800e-08,1.417800e-10,2.859433e-10,4.604355e-09,4.604355e-11
2.362601e+01,8.542026e-10,1.418438e-08,1.418438e-10,2.849115e-10,4.595325e-09,4.595325e-11
2.362815e+01,8.506386e-10,1.419731e-08,1.419731e-10,2.846592e-10,4.598230e-09,4.598230e-11
2.363029e+01,8.430321e-10,1.419771e-08,1.419771e-10,2.814115e-10,4.580874e-09,4.580874e-11
2.363242e+01,8.340771e-10,1.419348e-08,1.419348e-10,2.765928e-10,4.556400e-09,4.556400e-11
2.363456e+01,8.293805e-10,1.419638e-08,1.419638e-10,2.748250e-10,4.548849e-09,4.548849e-11
2.363670e+01,8.282840e-10,1.420647e-08,1.420647e-10,2.759516e-10,4.564238e-09,4.564238e-11
2.363883e+01,8.240476e-10,1.420447e-08,1.420447e-10,2.748430e-10,4.572251e-09,4.572251e-11
2.364097e+01,8.140698e-10,1.417184e-08,1.417184e-10,2.701096e-10,4.553969e-09,4.553969e-11
2.364311e+01,8.041985e-10,1.412731e-08,1.412731e-10,2.668584e-10,4.545688e-09,4.545688e-11
2.364524e+01,7.997526e-10,1.408548e-08,1.408548e-10,2.681695e-10,4.558804e-09,4.558804e-11
2.364738e+01,7.976154e-10,1.404586e-08,1.404586e-10,2.697269e-10,4.589588e-09,4.589588e-11
2.364952e+01,7.922850e-10,1.398057e-08,1.398057e-10,2.671113e-10,4.582681e-09,4.582681e-11
2.365165e+01,7.852131e-10,1.389314e-08,1.389314e-10,2.635178e-10,4.575738e-09,4.575738e-11
2.365379e+01,7.815502e-10,1.379214e-08,1.379214e-10,2.642473e-10,4.578378e-09,4.578378e-11
2.365593e+01,7.813622e-10,1.369963e-08,1.369963e-10,2.673818e-10,4.614852e-09,4.614852e-11
2.365806e+01,7.809086e-10,1.360774e-08,1.360774e-10,2.672862e-10,4.624002e-09,4.624002e-11
2.366020e+01,7.801475e-10,1.351037e-08,1.351037e-10,2.646894e-10,4.619528e-09,4.619528e-11
2.366234e+01,7.821810e-10,1.341147e-08,1.341147e-10,2.653137e-10,4.628291e-09,4.628291e-11
2.366447e+01,7.859386e-10,1.331138e-08,1.331138e-10,2.694864e-10,4.659853e-09,4.659853e-11
2.366661e+01,7.861900e-10,1.321586e-08,1.321586e-10,2.710532e-10,4.691235e-09,4.691235e-11
2.366875e+01,7.821389e-10,1.312418e-08,1.312418e-10,2.679153e-10,4.679133e-09,4.679133e-11
2.367088e+01,7.800787e-10,1.305781e-08,1.305781e-10,2.661428e-10,4.694187e-09,4.694187e-11
2.367302e+01,7.839385e-10,1.301487e-08,1.301487e-10,2.698558e-10,4.722606e-09,4.722606e-11
2.367516e+01,7.885572e-10,1.300145e-08,1.300145e-10,2.739494e-10,4.779557e-09,4.779557e-11
2.367729e+01,7.876708e-10,1.299559e-08,1.299559e-10,2.724643e-10,4.783711e-09,4.783711e-11
2.367943e+01,7.836306e-10,1.300785e-08,1.300785e-10,2.684313e-10,4.791703e-09,4.791703e-11
2.368157e+01,7.829697e-10,1.304467e-08,1.304467e-10,2.685596e-10,4.819988e-09,4.819988e-11
2.368370e+01,7.859528e-10,1.310810e-08,1.310810e-10,2.719769e-10,4.871008e-09,4.871008e-11
2.368584e+01,7.874894e-10,1.318976e-08,1.318976e-10,2.722072e-10,4.904393e-09,4.904393e-11
2.368798e+01,7.861626e-10,1.328244e-08,1.328244e-10,2.684092e-10,4.904692e-09,4.904692e-11
2.369011e+01,7.854042e-10,1.338583e-08,1.338583e-10,2.663091e-10,4.929895e-09,4.929895e-11
2.369225e+01,7.863292e-10,1.348357e-08,1.348357e-10,2.680312e-10,4.958210e-09,4.958210e-11
2.369439e+01,7.854850e-10,1.357488e-08,1.357488e-10,2.686915e-10,4.989741e-09,4.989741e-11
2.369653e+01,7.813400e-10,1.365686e-08,1.365686e-10,2.650703e-10,4.980653e-09,4.980653e-11
2.369866e+01,7.776521e-10,1.374293e-08,1.374293e-10,2.610793e-10,4.977131e-09,4.977131e-11
2.370080e+01,7.773352e-10,1.382745e-08,1.382745e-10,2.609401e-10,4.980206e-09,4.980206e-11
2.370294e+01,7.774360e-10,1.390290e-08,1.390290e-10,2.622092e-10,4.985021e-09,4.985021e-11
2.370507e+01,7.739230e-10,1.395600e-08,1.395600e-10,2.602407e-10,4.967812e-09,4.967812e-11
2.370721e+01,7.679976e-10,1.398979e-08,1.398979e-10,2.557244e-10,4.932832e-09,4.932832e-11
2.370935e+01,7.635306e-10,1.401425e-08,1.401425e-10,2.528075e-10,4.903891e-09,4.903891e-11
2.371148e+01,7.611888e-10,1.403231e-08,1.403231e-10,2.522488e-10,4.875024e-09,4.875024e-11
2.371362e+01,7.590960e-10,1.404440e-08,1.404440e-10,2.512555e-10,4.841041e-09,4.841041e-11
2.371576e+01,7.571886e-10,1.405071e-08,1.405071e-10,2.488684e-10,4.794303e-09,4.794303e-11
2.371789e+01,7.569939e-10,1.405307e-08,1.405307e-10,2.469946e-10,4.747269e-09,4.747269e-11
2.372003e+01,7.578225e-10,1.404439e-08,1.404439e-10,2.463420e-10,4.698569e-09,4.698569e-11
2.372217e+01,7.569703e-10,1.402237e-08,1.402237e-10,2.453144e-10,4.643231e-09,4.643231e-11
2.372430e+01,7.541050e-10,1.399410e-08,1.399410e-10,2.432316e-10,4.580621e-09,4.580621e-11
2.372644e+01,7.522712e-10,1.397147e-08,1.397147e-10,2.414354e-10,4.518315e-09,4.518315e-11
2.372858e+01,7.533967e-10,1.395931e-08,1.395931e-10,2.406912e-10,4.461314e-09,4.461314e-11
2.373071e+01,7.554283e-10,1.395334e-08,1.395334e-10,2.400907e-10,4.407510e-09,4.407510e-11
2.373285e+01,7.552107e-10,1.394142e-08,1.394142e-10,2.389856e-10,4.353197e-09,4.353197e-11
2.373499e+01,7.519281e-10,1.391786e-08,1.391786e-10,2.376539e-10,4.300065e-09,4.300065e-11
2.373712e+01,7.469707e-10,1.389159e-08,1.389159e-10,2.359713e-10,4.252190e-09,4.252190e-11
2.373926e+01,7.423861e-10,1.387265e-08,1.387265e-10,2.337323e-10,4.209299e-09,4.209299e-11
2.374140e+01,7.395283e-10,1.386244e-08,1.386244e-10,2.319465e-10,4.174670e-09,4.174670e-11
2.374353e+01,7.375616e-10,1.385732e-08,1.385732e-10,2.315599e-10,4.146785e-09,4.146785e-11
2.374567e+01,7.338371e-10,1.385125e-08,1.385125e-10,2.313638e-10,4.126848e-09,4.126848e-11
2.374781e+01,7.271559e-10,1.384099e-08,1.384099e-10,2.295458e-10,4.105989e-09,4.105989e-11
2.374994e+01,7.197154e-10,1.383035e-08,1.383035e-10,2.269774e-10,4.090218e-09,4.090218e-11
2.375208e+01,7.144152e-10,1.382146e-08,1.382146e-10,2.261454e-10,4.083477e-09,4.083477e-11
2.375422e+01,7.112716e-10,1.381660e-08,1.381660e-10,2.269152e-10,4.084602e-09,4.084602e-11
2.375635e+01,7.084845e-10,1.381557e-08,1.381557e-10,2.267878e-10,4.083733e-09,4.083733e-11
2.375849e+01,7.062807e-10,1.382119e-08,1.382119e-10,2.256603e-10,4.083222e-09,4.083222e-11
2.376063e+01,7.065817e-10,1.383102e-08,1.383102e-10,2.263082e-10,4.098394e-09,4.098394e-11
2.376276e+01,7.086372e-10,1.383903e-08,1.383903e-10,2.290560e-10,4.121847e-09,4.121847e-11
2.376490e+01,7.091712e-10,1.383853e-08,1.383853e-10,2.304978e-10,4.139959e-09,4.139959e-11
2.376704e+01,7.083341e-10,1.383480e-08,1.383480e-10,2.296187e-10,4.143379e-09,4.143379e-11
2.376917e+01,7.106386e-10,1.384177e-08,1.384177e-10,2.303232e-10,4.162858e-09,4.162858e-11
2.377131e+01,7.174612e-10,1.385867e-08,1.385867e-10,2.347697e-10,4.197973e-09,4.197973e-11
2.377345e+01,7.236815e-10,1.387943e-08,1.387943e-10,2.390692e-10,4.238226e-09,4.238226e-11
2.377558e+01,7.252483e-10,1.388954e-08,1.388954e-10,2.396340e-10,4.250279e-09,4.250279e-11
2.377772e+01,7.252979e-10,1.389991e-08,1.389991e-10,2.393829e-10,4.266982e-09,4.266982e-11
2.377986e+01,7.283206e-10,1.391461e-08,1.391461e-10,2.425713e-10,4.297505e-09,4.297505e-11
2.378200e+01,7.323419e-10,1.393886e-08,1.393886e-10,2.469325e-10,4.346197e-09,4.346197e-11
2.378413e+01,7.327067e-10,1.395552e-08,1.395552e-10,2.473938e-10,4.362718e-09,4.362718e-11
2.378627e+01,7.310428e-10,1.396944e-08,1.396944e-10,2.454223e-10,4.367620e-09,4.367620e-11
2.378841e+01,7.332387e-10,1.398941e-08,1.398941e-10,2.469516e-10,4.385442e-09,4.385442e-11
2.379054e+01,7.390839e-10,1.401455e-08,1.401455e-10,2.517196e-10,4.423652e-09,4.423652e-11
2.379268e+01,7.418504e-10,1.403145e-08,1.403145e-10,2.531178e-10,4.439963e-09,4.439963e-11
2.379482e+01,7.394213e-10,1.402994e-08,1.402994e-10,2.496313e-10,4.414029e-09,4.414029e-11
2.379695e+01,7.376916e-10,1.402907e-08,1.402907e-10,2.477974e-10,4.404218e-09,4.404218e-11
2.379909e+01,7.399308e-10,1.402822e-08,1.402822e-10,2.508441e-10,4.411657e-09,4.411657e-11
2.380123e+01,7.406572e-10,1.402518e-08,1.402518e-10,2.527964e-10,4.432841e-09,4.432841e-11
2.380336e+01,7.348120e-10,1.399402e-08,1.399402e-10,2.488076e-10,4.389798e-09,4.389798e-11
2.380550e+01,7.264184e-10,1.394759e-08,1.394759e-10,2.437706e-10,4.361258e-09,4.361258e-11
2.380764e+01,7.220421e-10,1.388806e-08,1.388806e-10,2.440658e-10,4.347803e-09,4.347803e-11
2.380977e+01,7.204764e-10,1.382294e-08,1.382294e-10,2.466926e-10,4.370226e-09,4.370226e-11
2.381191e+01,7.160472e-10,1.373354e-08,1.373354e-10,2.445956e-10,4.332000e-09,4.332000e-11
2.381405e+01,7.090671e-10,1.362163e-08,1.362163e-10,2.390024e-10,4.266098e-09,4.266098e-11
2.381618e+01,7.048651e-10,1.349506e-08,1.349506e-10,2.371159e-10,4.217573e-09,4.217573e-11
2.381832e+01,7.034041e-10,1.335152e-08,1.335152e-10,2.390872e-10,4.184843e-09,4.184843e-11
2.382046e+01,6.985097e-10,1.318469e-08,1.318469e-10,2.374645e-10,4.125477e-09,4.125477e-11
2.382259e+01,6.884485e-10,1.299034e-08,1.299034e-10,2.301951e-10,3.991753e-09,3.991753e-11
2.382473e+01,6.789676e-10,1.279410e-08,1.279410e-10,2.242626e-10,3.887797e-09,3.887797e-11
2.382687e+01,6.735049e-10,1.259805e-08,1.259805e-10,2.238293e-10,3.802430e-09,3.802430e-11
2.382900e+01,6.679834e-10,1.240710e-08,1.240710e-10,2.236721e-10,3.748106e-09,3.748106e-11
2.383114e+01,6.588168e-10,1.220726e-08,1.220726e-10,2.188371e-10,3.635506e-09,3.635506e-11
2.383328e+01,6.493496e-10,1.201688e-08,1.201688e-10,2.131263e-10,3.543948e-09,3.543948e-11
2.383541e+01,6.437003e-10,1.184006e-08,1.184006e-10,2.119888e-10,3.485019e-09,3.485019e-11
2.383755e+01,6.395697e-10,1.168175e-08,1.168175e-10,2.130573e-10,3.460178e-09,3.460178e-11
2.383969e+01,6.326733e-10,1.153227e-08,1.153227e-10,2.106391e-10,3.413010e-09,3.413010e-11
2.384182e+01,6.244421e-10,1.139856e-08,1.139856e-10,2.054950e-10,3.350596e-09,3.350596e-11
2.384396e+01,6.191427e-10,1.128865e-08,1.128865e-10,2.029026e-10,3.318140e-09,3.318140e-11
2.384610e+01,6.160482e-10,1.120091e-08,1.120091e-10,2.032054e-10,3.301538e-09,3.301538e-11
2.384823e+01,6.110504e-10,1.113185e-08,1.113185e-10,2.017731e-10,3.284973e-09,3.284973e-11
2.385037e+01,6.046096e-10,1.108047e-08,1.108047e-10,1.977070e-10,3.245454e-09,3.245454e-11
2.385251e+01,6.014710e-10,1.105551e-08,1.105551e-10,1.952086e-10,3.222619e-09,3.222619e-11
2.385464e+01,6.025310e-10,1.105131e-08,1.105131e-10,1.959009e-10,3.212712e-09,3.212712e-11
2.385678e+01,6.031313e-10,1.106036e-08,1.106036e-10,1.963159e-10,3.210169e-09,3.210169e-11
2.385892e+01,6.004358e-10,1.107009e-08,1.107009e-10,1.942061e-10,3.195892e-09,3.195892e-11
2.386105e+01,5.973600e-10,1.108427e-08,1.108427e-10,1.919553e-10,3.188114e-09,3.188114e-11
2.386319e+01,5.973649e-10,1.110491e-08,1.110491e-10,1.917660e-10,3.191131e-09,3.191131e-11
2.386533e+01,5.997531e-10,1.113463e-08,1.113463e-10,1.921876e-10,3.200702e-09,3.200702e-11
2.386746e+01,6.027809e-10,1.117000e-08,1.117000e-10,1.919185e-10,3.207551e-09,3.207551e-11
2.386960e+01,6.076009e-10,1.121223e-08,1.121223e-10,1.927458e-10,3.223830e-09,3.223830e-11
2.387174e+01,6.157730e-10,1.126035e-08,1.126035e-10,1.959464e-10,3.253238e-09,3.253238e-11
2.387388e+01,6.257821e-10,1.131546e-08,1.131546e-10,1.994912e-10,3.289885e-09,3.289885e-11
2.387601e+01,6.355276e-10,1.137820e-08,1.137820e-10,2.017351e-10,3.322934e-09,3.322934e-11
2.387815e+01,6.456642e-10,1.145260e-08,1.145260e-10,2.045341e-10,3.367147e-09,3.367147e-11
2.388029e+01,6.570909e-10,1.153958e-08,1.153958e-10,2.093864e-10,3.422979e-09,3.422979e-11
2.388242e+01,6.678241e-10,1.163864e-08,1.163864e-10,2.137681e-10,3.484492e-09,3.484492e-11
2.388456e+01,6.756684e-10,1.174824e-08,1.174824e-10,2.151518e-10,3.528916e-09,3.528916e-11
2.388670e+01,6.818646e-10,1.187215e-08,1.187215e-10,2.155409e-10,3.574513e-09,3.574513e-11
2.388883e+01,6.889317e-10,1.201527e-08,1.201527e-10,2.179330e-10,3.625558e-09,3.625558e-11
2.389097e+01,6.966598e-10,1.218150e-08,1.218150e-10,2.210433e-10,3.684337e-09,3.684337e-11
2.389311e+01,7.033536e-10,1.236966e-08,1.236966e-10,2.217957e-10,3.727879e-09,3.727879e-11
2.389524e+01,7.095843e-10,1.257947e-08,1.257947e-10,2.210919e-10,3.768544e-09,3.768544e-11
2.389738e+01,7.172881e-10,1.280815e-08,1.280815e-10,2.223970e-10,3.821178e-09,3.821178e-11
2.389952e+01,7.257707e-10,1.305037e-08,1.305037e-10,2.255375e-10,3.886101e-09,3.886101e-11
2.390165e+01,7.324298e-10,1.329842e-08,1.329842e-10,2.270048e-10,3.949016e-09,3.949016e-11
2.390379e+01,7.373666e-10,1.354685e-08,1.354685e-10,2.262553e-10,4.003804e-09,4.003804e-11
2.390593e+01,7.434061e-10,1.379032e-08,1.379032e-10,2.266801e-10,4.068926e-09,4.068926e-11
2.390806e+01,7.511151e-10,1.402032e-08,1.402032e-10,2.296638e-10,4.139859e-09,4.139859e-11
2.391020e+01,7.575352e-10,1.422605e-08,1.422605e-10,2.323400e-10,4.207540e-09,4.207540e-11
2.391234e+01,7.607274e-10,1.439674e-08,1.439674e-10,2.326885e-10,4.256580e-09,4.256580e-11
2.391447e+01,7.619287e-10,1.452670e-08,1.452670e-10,2.325179e-10,4.297422e-09,4.297422e-11
2.391661e+01,7.623628e-10,1.461259e-08,1.461259e-10,2.334886e-10,4.328661e-09,4.328661e-11
2.391875e+01,7.612766e-10,1.465508e-08,1.465508e-10,2.341644e-10,4.346787e-09,4.346787e-11
2.392088e+01,7.585175e-10,1.465432e-08,1.465432e-10,2.332625e-10,4.342913e-09,4.342913e-11
2.392302e+01,7.560308e-10,1.461541e-08,1.461541e-10,2.323167e-10,4.327088e-09,4.327088e-11
2.392516e+01,7.547072e-10,1.453907e-08,1.453907e-10,2.326302e-10,4.301023e-09,4.301023e-11
2.392729e+01,7.527397e-10,1.442956e-08,1.442956e-10,2.327330e-10,4.264322e-09,4.264322e-11
2.392943e+01,7.494587e-10,1.429515e-08,1.429515e-10,2.315533e-10,4.213424e-09,4.213424e-11
2.393157e+01,7.478925e-10,1.415015e-08,1.415015e-10,2.311775e-10,4.162696e-09,4.162696e-11
2.393370e+01,7.502867e-10,1.400026e-08,1.400026e-10,2.332221e-10,4.115209e-09,4.115209e-11
2.393584e+01,7.538157e-10,1.384729e-08,1.384729e-10,2.353377e-10,4.067624e-09,4.067624e-11
2.393798e+01,7.544948e-10,1.369052e-08,1.369052e-10,2.350039e-10,4.008237e-09,4.008237e-11
2.394011e+01,7.527512e-10,1.353707e-08,1.353707e-10,2.340229e-10,3.955735e-09,3.955735e-11
2.394225e+01,7.516890e-10,1.339477e-08,1.339477e-10,2.352995e-10,3.917896e-09,3.917896e-11
2.394439e+01,7.518970e-10,1.326481e-08,1.326481e-10,2.374884e-10,3.893007e-09,3.893007e-11
2.394652e+01,7.517666e-10,1.314246e-08,1.314246e-10,2.374213e-10,3.854710e-09,3.854710e-11
2.394866e+01,7.515190e-10,1.303225e-08,1.303225e-10,2.361262e-10,3.814478e-09,3.814478e-11
2.395080e+01,7.528596e-10,1.294328e-08,1.294328e-10,2.372745e-10,3.792964e-09,3.792964e-11
2.395293e+01,7.551592e-10,1.287608e-08,1.287608e-10,2.405220e-10,3.792422e-09,3.792422e-11
2.395507e+01,7.556877e-10,1.282382e-08,1.282382e-10,2.416938e-10,3.788700e-09,3.788700e-11
2.395721e+01,7.545047e-10,1.278351e-08,1.278351e-10,2.399580e-10,3.767038e-09,3.767038e-11
2.395935e+01,7.552221e-10,1.276725e-08,1.276725e-10,2.394357e-10,3.757879e-09,3.757879e-11
2.396148e+01,7.594253e-10,1.278865e-08,1.278865e-10,2.422027e-10,3.772806e-09,3.772806e-11
2.396362e+01,7.643630e-10,1.284961e-08,1.284961e-10,2.449330e-10,3.809075e-09,3.809075e-11
2.396576e+01,7.678466e-10,1.293597e-08,1.293597e-10,2.448680e-10,3.834454e-09,3.834454e-11
2.396789e+01,7.715733e-10,1.303923e-08,1.303923e-10,2.443883e-10,3.862736e-09,3.862736e-11
2.397003e+01,7.773874e-10,1.316431e-08,1.316431e-10,2.464606e-10,3.903514e-09,3.903514e-11
2.397217e+01,7.841238e-10,1.332107e-08,1.332107e-10,2.496780e-10,3.968477e-09,3.968477e-11
2.397430e+01,7.904068e-10,1.350349e-08,1.350349e-10,2.514458e-10,4.036871e-09,4.036871e-11
2.397644e+01,7.971818e-10,1.369842e-08,1.369842e-10,2.526381e-10,4.105055e-09,4.105055e-11
2.397858e+01,8.049757e-10,1.389348e-08,1.389348e-10,2.552325e-10,4.169202e-09,4.169202e-11
2.398071e+01,8.113251e-10,1.408753e-08,1.408753e-10,2.580397e-10,4.236815e-09,4.236815e-11
2.398285e+01,8.142353e-10,1.427780e-08,1.427780e-10,2.588907e-10,4.304093e-09,4.304093e-11
2.398499e+01,8.160118e-10,1.446119e-08,1.446119e-10,2.588961e-10,4.372645e-09,4.372645e-11
2.398712e+01,8.200597e-10,1.462570e-08,1.462570e-10,2.603786e-10,4.431596e-09,4.431596e-11
2.398926e+01,8.255706e-10,1.476918e-08,1.476918e-10,2.623948e-10,4.477287e-09,4.477287e-11
2.399140e+01,8.293581e-10,1.489601e-08,1.489601e-10,2.626081e-10,4.509801e-09,4.509801e-11
2.399353e+01,8.312153e-10,1.501035e-08,1.501035e-10,2.619327e-10,4.545457e-09,4.545457e-11
2.399567e+01,8.326934e-10,1.509642e-08,1.509642e-10,2.625619e-10,4.578505e-09,4.578505e-11
2.399781e+01,8.323821e-10,1.513766e-08,1.513766e-10,2.628997e-10,4.594700e-09,4.594700e-11
2.399994e+01,8.277121e-10,1.513463e-08,1.513463e-10,2.597501e-10,4.577070e-09,4.577070e-11
2.400208e+01,8.205935e-10,1.510916e-08,1.510916e-10,2.547314e-10,4.552139e-09,4.552139e-11
2.400422e+01,8.157252e-10,1.507855e-08,1.507855e-10,2.527062e-10,4.545246e-09,4.545246e-11
2.400635e+01,8.132015e-10,1.503168e-08,1.503168e-10,2.535825e-10,4.547786e-09,4.547786e-11
2.400849e+01,8.082521e-10,1.494922e-08,1.494922e-10,2.520010e-10,4.522589e-09,4.522589e-11
2.401063e+01,7.996540e-10,1.482354e-08,1.482354e-10,2.467108e-10,4.454544e-09,4.454544e-11
2.401276e+01,7.928805e-10,1.468208e-08,1.468208e-10,2.434915e-10,4.406593e-09,4.406593e-11
2.401490e+01,7.912951e-10,1.453871e-08,1.453871e-10,2.454785e-10,4.382927e-09,4.382927e-11
2.401704e+01,7.897358e-10,1.438809e-08,1.438809e-10,2.472129e-10,4.370180e-09,4.370180e-11
2.401917e+01,7.821871e-10,1.420572e-08,1.420572e-10,2.433963e-10,4.293842e-09,4.293842e-11
2.402131e+01,7.711311e-10,1.400839e-08,1.400839e-10,2.377415e-10,4.216101e-09,4.216101e-11
2.402345e+01,7.627502e-10,1.381202e-08,1.381202e-10,2.364338e-10,4.162845e-09,4.162845e-11
2.402558e+01,7.566232e-10,1.361608e-08,1.361608e-10,2.374564e-10,4.143336e-09,4.143336e-11
2.402772e+01,7.477453e-10,1.340457e-08,1.340457e-10,2.342637e-10,4.081102e-09,4.081102e-11
2.402986e+01,7.363430e-10,1.318254e-08,1.318254e-10,2.272818e-10,3.972520e-09,3.972520e-11
2.403199e+01,7.284866e-10,1.298411e-08,1.298411e-10,2.236329e-10,3.889255e-09,3.889255e-11
2.403413e+01,7.267869e-10,1.283186e-08,1.283186e-10,2.255764e-10,3.850356e-09,3.850356e-11
2.403627e+01,7.265819e-10,1.271342e-08,1.271342e-10,2.270479e-10,3.835982e-09,3.835982e-11
2.403840e+01,7.234333e-10,1.258206e-08,1.258206e-10,2.238349e-10,3.762448e-09,3.762448e-11
2.404054e+01,7.192173e-10,1.243289e-08,1.243289e-10,2.200274e-10,3.685938e-09,3.685938e-11
2.404268e+01,7.176135e-10,1.228941e-08,1.228941e-10,2.205022e-10,3.626966e-09,3.626966e-11
2.404481e+01,7.176914e-10,1.218607e-08,1.218607e-10,2.229625e-10,3.619352e-09,3.619352e-11
2.404695e+01,7.167389e-10,1.211757e-08,1.211757e-10,2.227052e-10,3.604502e-09,3.604502e-11
2.404909e+01,7.159778e-10,1.206651e-08,1.206651e-10,2.207932e-10,3.581610e-09,3.581610e-11
2.405123e+01,7.182301e-10,1.201760e-08,1.201760e-10,2.216344e-10,3.563976e-09,3.563976e-11
2.405336e+01,7.225975e-10,1.197868e-08,1.197868e-10,2.253999e-10,3.568692e-09,3.568692e-11
2.405550e+01,7.259319e-10,1.196784e-08,1.196784e-10,2.283353e-10,3.599578e-09,3.599578e-11
2.405764e+01,7.281812e-10,1.199437e-08,1.199437e-10,2.291713e-10,3.632431e-09,3.632431e-11
2.405977e+01,7.322118e-10,1.206076e-08,1.206076e-10,2.305349e-10,3.674991e-09,3.674991e-11
2.406191e+01,7.389149e-10,1.216864e-08,1.216864e-10,2.341782e-10,3.725295e-09,3.725295e-11
2.406405e+01,7.457368e-10,1.232479e-08,1.232479e-10,2.384138e-10,3.803122e-09,3.803122e-11
2.406618e+01,7.506918e-10,1.251699e-08,1.251699e-10,2.412518e-10,3.895916e-09,3.895916e-11
2.406832e+01,7.555993e-10,1.273015e-08,1.273015e-10,2.433976e-10,3.990092e-09,3.990092e-11
2.407046e+01,7.633871e-10,1.295993e-08,1.295993e-10,2.465482e-10,4.074709e-09,4.074709e-11
2.407259e+01,7.742388e-10,1.322363e-08,1.322363e-10,2.509921e-10,4.160697e-09,4.160697e-11
2.407473e+01,7.862602e-10,1.353426e-08,1.353426e-10,2.561080e-10,4.268224e-09,4.268224e-11
2.407687e+01,7.981106e-10,1.387556e-08,1.387556e-10,2.613312e-10,4.394806e-09,4.394806e-11
2.407900e+01,8.094166e-10,1.420849e-08,1.420849e-10,2.659458e-10,4.515875e-09,4.515875e-11
2.408114e+01,8.202078e-10,1.450583e-08,1.450583e-10,2.696395e-10,4.614932e-09,4.614932e-11
2.408328e+01,8.309246e-10,1.478123e-08,1.478123e-10,2.734532e-10,4.710024e-09,4.710024e-11
2.408541e+01,8.413882e-10,1.506195e-08,1.506195e-10,2.781936e-10,4.825894e-09,4.825894e-11
2.408755e+01,8.504433e-10,1.534732e-08,1.534732e-10,2.826761e-10,4.956886e-09,4.956886e-11
2.408969e+01,8.578133e-10,1.561386e-08,1.561386e-10,2.857223e-10,5.078138e-09,5.078138e-11
2.409182e+01,8.649352e-10,1.584039e-08,1.584039e-10,2.884806e-10,5.182016e-09,5.182016e-11
2.409396e+01,8.728520e-10,1.602418e-08,1.602418e-10,2.925892e-10,5.281021e-09,5.281021e-11
2.409610e+01,8.805374e-10,1.617904e-08,1.617904e-10,2.972579e-10,5.388797e-09,5.388797e-11
2.409823e+01,8.865267e-10,1.631479e-08,1.631479e-10,3.004286e-10,5.494529e-09,5.494529e-11
2.410037e+01,8.910878e-10,1.642859e-08,1.642859e-10,3.022467e-10,5.588357e-09,5.588357e-11
2.410251e+01,8.957658e-10,1.651950e-08,1.651950e-10,3.048716e-10,5.670442e-09,5.670442e-11
2.410464e+01,9.007561e-10,1.659296e-08,1.659296e-10,3.085377e-10,5.755798e-09,5.755798e-11
2.410678e+01,9.044306e-10,1.663691e-08,1.663691e-10,3.108703e-10,5.839652e-09,5.839652e-11
2.410892e+01,9.064173e-10,1.664021e-08,1.664021e-10,3.111477e-10,5.909685e-09,5.909685e-11
2.411105e+01,9.083962e-10,1.660383e-08,1.660383e-10,3.117608e-10,5.960498e-09,5.960498e-11
2.411319e+01,9.106999e-10,1.655116e-08,1.655116e-10,3.138216e-10,5.999621e-09,5.999621e-11
2.411533e+01,9.114306e-10,1.650699e-08,1.650699e-10,3.150273e-10,6.039560e-09,6.039560e-11
2.411746e+01,9.105874e-10,1.646975e-08,1.646975e-10,3.142687e-10,6.075478e-09,6.075478e-11
2.411960e+01,9.104822e-10,1.640971e-08,1.640971e-10,3.139432e-10,6.102296e-09,6.102296e-11
2.412174e+01,9.103724e-10,1.629195e-08,1.629195e-10,3.148550e-10,6.095241e-09,6.095241e-11
2.412387e+01,9.060377e-10,1.612750e-08,1.612750e-10,3.137433e-10,6.058924e-09,6.058924e-11
2.412601e+01,8.967694e-10,1.595327e-08,1.595327e-10,3.090133e-10,5.999042e-09,5.999042e-11
2.412815e+01,8.882410e-10,1.581002e-08,1.581002e-10,3.045508e-10,5.950360e-09,5.950360e-11
2.413028e+01,8.847170e-10,1.568793e-08,1.568793e-10,3.037901e-10,5.900464e-09,5.900464e-11
2.413242e+01,8.820770e-10,1.555784e-08,1.555784e-10,3.034065e-10,5.837031e-09,5.837031e-11
2.413456e+01,8.736787e-10,1.538781e-08,1.538781e-10,2.983851e-10,5.730574e-09,5.730574e-11
2.413670e+01,8.608526e-10,1.519212e-08,1.519212e-10,2.909677e-10,5.617037e-09,5.617037e-11
2.413883e+01,8.512037e-10,1.500709e-08,1.500709e-10,2.876531e-10,5.525200e-09,5.525200e-11
2.414097e+01,8.469109e-10,1.485043e-08,1.485043e-10,2.883986e-10,5.453408e-09,5.453408e-11
2.414311e+01,8.427181e-10,1.471827e-08,1.471827e-10,2.867816e-10,5.363429e-09,5.363429e-11
2.414524e+01,8.363365e-10,1.460448e-08,1.460448e-10,2.814695e-10,5.245271e-09,5.245271e-11
2.414738e+01,8.320451e-10,1.451635e-08,1.451635e-10,2.788438e-10,5.167830e-09,5.167830e-11
2.414952e+01,8.312957e-10,1.441719e-08,1.441719e-10,2.813168e-10,5.115000e-09,5.115000e-11
2.415165e+01,8.280099e-10,1.428518e-08,1.428518e-10,2.819550e-10,5.064231e-09,5.064231e-11
2.415379e+01,8.182102e-10,1.412092e-08,1.412092e-10,2.758946e-10,4.939723e-09,4.939723e-11
2.415593e+01,8.077439e-10,1.398778e-08,1.398778e-10,2.691114e-10,4.839346e-09,4.839346e-11
2.415806e+01,8.041432e-10,1.391757e-08,1.391757e-10,2.690877e-10,4.794425e-09,4.794425e-11
2.416020e+01,8.050827e-10,1.389422e-08,1.389422e-10,2.726026e-10,4.808787e-09,4.808787e-11
2.416234e+01,8.023379e-10,1.384881e-08,1.384881e-10,2.711128e-10,4.772715e-09,4.772715e-11
2.416447e+01,7.950609e-10,1.375488e-08,1.375488e-10,2.650295e-10,4.688869e-09,4.688869e-11
2.416661e+01,7.905263e-10,1.365971e-08,1.365971e-10,2.628609e-10,4.644646e-09,4.644646e-11
2.416875e+01,7.918452e-10,1.361035e-08,1.361035e-10,2.668652e-10,4.660652e-09,4.660652e-11
2.417088e+01,7.939805e-10,1.360976e-08,1.360976e-10,2.697723e-10,4.702255e-09,4.702255e-11
2.417302e+01,7.935506e-10,1.361963e-08,1.361963e-10,2.674784e-10,4.682012e-09,4.682012e-11
2.417516e+01,7.937956e-10,1.364161e-08,1.364161e-10,2.654699e-10,4.681937e-09,4.681937e-11
2.417729e+01,7.965273e-10,1.366505e-08,1.366505e-10,2.684801e-10,4.707429e-09,4.707429e-11
2.417943e+01,7.967391e-10,1.368358e-08,1.368358e-10,2.718887e-10,4.768721e-09,4.768721e-11
2.418157e+01,7.904836e-10,1.368281e-08,1.368281e-10,2.697225e-10,4.782433e-09,4.782433e-11
2.418370e+01,7.828840e-10,1.368541e-08,1.368541e-10,2.650512e-10,4.777673e-09,4.777673e-11
2.418584e+01,7.820939e-10,1.371701e-08,1.371701e-10,2.651205e-10,4.788258e-09,4.788258e-11
2.418798e+01,7.878686e-10,1.379912e-08,1.379912e-10,2.699189e-10,4.833523e-09,4.833523e-11
2.419011e+01,7.924055e-10,1.391473e-08,1.391473e-10,2.728030e-10,4.886926e-09,4.886926e-11
2.419225e+01,7.918441e-10,1.402107e-08,1.402107e-10,2.711075e-10,4.905801e-09,4.905801e-11
2.419439e+01,7.901537e-10,1.410490e-08,1.410490e-10,2.691114e-10,4.912551e-09,4.912551e-11
2.419652e+01,7.912762e-10,1.418483e-08,1.418483e-10,2.699819e-10,4.914049e-09,4.914049e-11
2.419866e+01,7.940549e-10,1.429331e-08,1.429331e-10,2.713301e-10,4.936970e-09,4.936970e-11
2.420080e+01,7.963996e-10,1.442649e-08,1.442649e-10,2.704934e-10,4.956036e-09,4.956036e-11
2.420293e+01,7.991430e-10,1.456412e-08,1.456412e-10,2.689886e-10,4.969526e-09,4.969526e-11
2.420507e+01,8.032883e-10,1.468113e-08,1.468113e-10,2.692166e-10,4.968098e-09,4.968098e-11
2.420721e+01,8.072877e-10,1.477758e-08,1.477758e-10,2.703959e-10,4.963872e-09,4.963872e-11
2.420934e+01,8.092730e-10,1.485859e-08,1.485859e-10,2.704571e-10,4.964329e-09,4.964329e-11
2.421148e+01,8.098000e-10,1.492732e-08,1.492732e-10,2.695374e-10,4.966709e-09,4.966709e-11
2.421362e+01,8.105484e-10,1.497787e-08,1.497787e-10,2.690676e-10,4.960519e-09,4.960519e-11
2.421575e+01,8.114870e-10,1.500838e-08,1.500838e-10,2.691843e-10,4.938917e-09,4.938917e-11
2.421789e+01,8.116982e-10,1.503601e-08,1.503601e-10,2.692868e-10,4.919138e-09,4.919138e-11
2.422003e+01,8.118067e-10,1.507332e-08,1.507332e-10,2.695822e-10,4.914292e-09,4.914292e-11
2.422216e+01,8.131393e-10,1.511342e-08,1.511342e-10,2.702934e-10,4.917012e-09,4.917012e-11
2.422430e+01,8.153910e-10,1.514115e-08,1.514115e-10,2.706978e-10,4.906377e-09,4.906377e-11
2.422644e+01,8.174124e-10,1.516057e-08,1.516057e-10,2.704691e-10,4.881035e-09,4.881035e-11
2.422858e+01,8.196750e-10,1.519261e-08,1.519261e-10,2.707054e-10,4.861853e-09,4.861853e-11
2.423071e+01,8.234664e-10,1.524768e-08,1.524768e-10,2.720459e-10,4.859103e-09,4.859103e-11
2.423285e+01,8.284447e-10,1.531217e-08,1.531217e-10,2.732621e-10,4.857622e-09,4.857622e-11
2.423499e+01,8.325673e-10,1.536373e-08,1.536373e-10,2.730978e-10,4.836829e-09,4.836829e-11
2.423712e+01,8.337605e-10,1.539511e-08,1.539511e-10,2.719220e-10,4.799171e-09,4.799171e-11
2.423926e+01,8.312446e-10,1.541667e-08,1.541667e-10,2.704698e-10,4.762962e-09,4.762962e-11
2.424140e+01,8.258465e-10,1.544065e-08,1.544065e-10,2.683377e-10,4.734807e-09,4.734807e-11
2.424353e+01,8.196123e-10,1.547011e-08,1.547011e-10,2.650979e-10,4.704183e-09,4.704183e-11
2.424567e+01,8.145165e-10,1.550322e-08,1.550322e-10,2.617869e-10,4.663544e-09,4.663544e-11
2.424781e+01,8.110046e-10,1.554655e-08,1.554655e-10,2.595964e-10,4.621625e-09,4.621625e-11
2.424994e+01,8.082337e-10,1.560850e-08,1.560850e-10,2.580277e-10,4.593520e-09,4.593520e-11
2.425208e+01,8.060131e-10,1.568775e-08,1.568775e-10,2.561047e-10,4.578226e-09,4.578226e-11
2.425422e+01,8.054697e-10,1.577354e-08,1.577354e-10,2.543489e-10,4.568251e-09,4.568251e-11
2.425635e+01,8.064950e-10,1.585573e-08,1.585573e-10,2.534310e-10,4.553563e-09,4.553563e-11
2.425849e+01,8.063160e-10,1.593528e-08,1.593528e-10,2.521635e-10,4.539418e-09,4.539418e-11
2.426063e+01,8.029431e-10,1.601117e-08,1.601117e-10,2.493959e-10,4.529174e-09,4.529174e-11
2.426276e+01,7.981122e-10,1.607979e-08,1.607979e-10,2.465211e-10,4.528929e-09,4.528929e-11
2.426490e+01,7.941683e-10,1.612746e-08,1.612746e-10,2.452370e-10,4.529087e-09,4.529087e-11
2.426704e+01,7.898697e-10,1.614438e-08,1.614438e-10,2.441559e-10,4.521862e-09,4.521862e-11
2.426917e+01,7.824149e-10,1.612942e-08,1.612942e-10,2.409450e-10,4.500686e-09,4.500686e-11
2.427131e+01,7.723925e-10,1.609228e-08,1.609228e-10,2.367760e-10,4.481007e-09,4.481007e-11
2.427345e+01,7.632570e-10,1.604022e-08,1.604022e-10,2.348175e-10,4.470614e-09,4.470614e-11
2.427558e+01,7.563314e-10,1.597758e-08,1.597758e-10,2.347607e-10,4.465684e-09,4.465684e-11
2.427772e+01,7.498677e-10,1.590617e-08,1.590617e-10,2.331095e-10,4.449453e-09,4.449453e-11
2.427986e+01,7.437301e-10,1.582703e-08,1.582703e-10,2.295080e-10,4.420623e-09,4.420623e-11
2.428199e+01,7.410132e-10,1.574990e-08,1.574990e-10,2.280850e-10,4.407607e-09,4.407607e-11
2.428413e+01,7.425366e-10,1.567120e-08,1.567120e-10,2.304215e-10,4.406172e-09,4.406172e-11
2.428627e+01,7.441875e-10,1.558958e-08,1.558958e-10,2.321690e-10,4.409563e-09,4.409563e-11
2.428840e+01,7.435139e-10,1.550278e-08,1.550278e-10,2.302501e-10,4.381924e-09,4.381924e-11
2.429054e+01,7.445749e-10,1.542407e-08,1.542407e-10,2.286681e-10,4.366159e-09,4.366159e-11
2.429268e+01,7.515111e-10,1.535431e-08,1.535431e-10,2.321389e-10,4.367833e-09,4.367833e-11
2.429481e+01,7.608326e-10,1.528811e-08,1.528811e-10,2.378019e-10,4.392705e-09,4.392705e-11
2.429695e+01,7.657281e-10,1.521056e-08,1.521056e-10,2.394665e-10,4.390980e-09,4.390980e-11
2.429909e+01,7.657352e-10,1.512244e-08,1.512244e-10,2.376144e-10,4.372948e-09,4.372948e-11
2.430122e+01,7.665814e-10,1.504026e-08,1.504026e-10,2.383916e-10,4.377019e-09,4.377019e-11
2.430336e+01,7.710387e-10,1.497154e-08,1.497154e-10,2.432665e-10,4.403074e-09,4.403074e-11
2.430550e+01,7.754080e-10,1.491743e-08,1.491743e-10,2.466792e-10,4.435679e-09,4.435679e-11
2.430763e+01,7.768710e-10,1.486870e-08,1.486870e-10,2.456191e-10,4.431967e-09,4.431967e-11
2.430977e+01,7.787295e-10,1.483213e-08,1.483213e-10,2.447707e-10,4.448062e-09,4.448062e-11
2.431191e+01,7.846431e-10,1.480442e-08,1.480442e-10,2.485350e-10,4.478417e-09,4.478417e-11
2.431405e+01,7.922394e-10,1.478590e-08,1.478590e-10,2.536463e-10,4.529751e-09,4.529751e-11
2.431618e+01,7.973082e-10,1.476739e-08,1.476739e-10,2.548779e-10,4.552231e-09,4.552231e-11
2.431832e+01,8.008955e-10,1.475240e-08,1.475240e-10,2.538592e-10,4.570512e-09,4.570512e-11
2.432046e+01,8.065593e-10,1.474042e-08,1.474042e-10,2.559605e-10,4.606085e-09,4.606085e-11
2.432259e+01,8.132978e-10,1.472516e-08,1.472516e-10,2.610761e-10,4.655446e-09,4.655446e-11
2.432473e+01,8.167378e-10,1.469589e-08,1.469589e-10,2.640217e-10,4.698237e-09,4.698237e-11
2.432687e+01,8.162305e-10,1.464881e-08,1.464881e-10,2.632584e-10,4.714983e-09,4.714983e-11
2.432900e+01,8.158545e-10,1.459565e-08,1.459565e-10,2.630665e-10,4.741905e-09,4.741905e-11
2.433114e+01,8.179166e-10,1.454184e-08,1.454184e-10,2.661547e-10,4.774095e-09,4.774095e-11
2.433328e+01,8.199657e-10,1.448991e-08,1.448991e-10,2.695811e-10,4.811604e-09,4.811604e-11
2.433541e+01,8.196343e-10,1.443117e-08,1.443117e-10,2.701441e-10,4.829115e-09,4.829115e-11
2.433755e+01,8.185001e-10,1.436425e-08,1.436425e-10,2.693730e-10,4.840454e-09,4.840454e-11
2.433969e+01,8.185349e-10,1.428601e-08,1.428601e-10,2.701317e-10,4.849281e-09,4.849281e-11
2.434182e+01,8.181551e-10,1.420285e-08,1.420285e-10,2.716706e-10,4.855256e-09,4.855256e-11
2.434396e+01,8.153645e-10,1.412189e-08,1.412189e-10,2.716104e-10,4.851845e-09,4.851845e-11
2.434610e+01,8.118368e-10,1.405274e-08,1.405274e-10,2.703895e-10,4.841312e-09,4.841312e-11
2.434823e+01,8.101963e-10,1.399715e-08,1.399715e-10,2.702022e-10,4.832713e-09,4.832713e-11
2.435037e+01,8.093060e-10,1.394735e-08,1.394735e-10,2.709875e-10,4.823811e-09,4.823811e-11
2.435251e+01,8.059223e-10,1.389253e-08,1.389253e-10,2.707866e-10,4.808785e-09,4.808785e-11
2.435464e+01,7.999582e-10,1.383293e-08,1.383293e-10,2.693625e-10,4.786766e-09,4.786766e-11
2.435678e+01,7.946702e-10,1.378330e-08,1.378330e-10,2.683997e-10,4.767536e-09,4.767536e-11
2.435892e+01,7.919701e-10,1.375556e-08,1.375556e-10,2.684131e-10,4.755553e-09,4.755553e-11
2.436105e+01,7.905763e-10,1.375222e-08,1.375222e-10,2.682679e-10,4.748609e-09,4.748609e-11
2.436319e+01,7.891629e-10,1.376370e-08,1.376370e-10,2.677886e-10,4.744957e-09,4.744957e-11
2.436533e+01,7.883075e-10,1.377480e-08,1.377480e-10,2.680752e-10,4.744777e-09,4.744777e-11
2.436746e+01,7.882969e-10,1.377254e-08,1.377254e-10,2.689118e-10,4.745482e-09,4.745482e-11
2.436960e+01,7.879765e-10,1.376205e-08,1.376205e-10,2.687076e-10,4.744414e-09,4.744414e-11
2.437174e+01,7.873577e-10,1.375854e-08,1.375854e-10,2.676247e-10,4.745632e-09,4.745632e-11
2.437387e+01,7.887354e-10,1.377555e-08,1.377555e-10,2.679721e-10,4.759687e-09,4.759687e-11
2.437601e+01,7.932819e-10,1.381499e-08,1.381499e-10,2.704569e-10,4.787748e-09,4.787748e-11
2.437815e+01,7.986638e-10,1.386814e-08,1.386814e-10,2.726290e-10,4.824488e-09,4.824488e-11
2.438028e+01,8.020590e-10,1.391726e-08,1.391726e-10,2.725989e-10,4.855073e-09,4.855073e-11
2.438242e+01,8.040870e-10,1.395823e-08,1.395823e-10,2.720837e-10,4.886853e-09,4.886853e-11
2.438456e+01,8.075874e-10,1.400812e-08,1.400812e-10,2.736166e-10,4.925713e-09,4.925713e-11
2.438669e+01,8.136934e-10,1.408822e-08,1.408822e-10,2.765452e-10,4.977339e-09,4.977339e-11
2.438883e+01,8.215897e-10,1.420686e-08,1.420686e-10,2.786302e-10,5.030169e-09,5.030169e-11
2.439097e+01,8.311874e-10,1.436270e-08,1.436270e-10,2.803533e-10,5.085855e-09,5.085855e-11
2.439310e+01,8.429977e-10,1.454442e-08,1.454442e-10,2.841499e-10,5.149484e-09,5.149484e-11
2.439524e+01,8.553700e-10,1.473317e-08,1.473317e-10,2.897180e-10,5.213981e-09,5.213981e-11
2.439738e+01,8.653749e-10,1.492440e-08,1.492440e-10,2.938940e-10,5.272921e-09,5.272921e-11
2.439952e+01,8.731752e-10,1.513196e-08,1.513196e-10,2.957744e-10,5.321384e-09,5.321384e-11
2.440165e+01,8.824948e-10,1.537158e-08,1.537158e-10,2.984665e-10,5.377633e-09,5.377633e-11
2.440379e+01,8.955595e-10,1.564412e-08,1.564412e-10,3.043136e-10,5.442196e-09,5.442196e-11
2.440593e+01,9.097820e-10,1.594178e-08,1.594178e-10,3.111763e-10,5.513172e-09,5.513172e-11
2.440806e+01,9.212725e-10,1.624565e-08,1.624565e-10,3.156378e-10,5.573808e-09,5.573808e-11
2.441020e+01,9.297266e-10,1.654011e-08,1.654011e-10,3.178764e-10,5.622871e-09,5.622871e-11
2.441234e+01,9.377353e-10,1.682474e-08,1.682474e-10,3.207261e-10,5.668615e-09,5.668615e-11
2.441447e+01,9.464573e-10,1.710943e-08,1.710943e-10,3.248724e-10,5.714482e-09,5.714482e-11
2.441661e+01,9.546756e-10,1.739492e-08,1.739492e-10,3.280540e-10,5.756945e-09,5.756945e-11
2.441875e+01,9.620285e-10,1.767344e-08,1.767344e-10,3.292730e-10,5.788779e-09,5.788779e-11
2.442088e+01,9.696176e-10,1.793510e-08,1.793510e-10,3.304357e-10,5.819047e-09,5.819047e-11
2.442302e+01,9.768058e-10,1.816234e-08,1.816234e-10,3.327543e-10,5.846198e-09,5.846198e-11
2.442516e+01,9.805953e-10,1.833854e-08,1.833854e-10,3.344382e-10,5.864945e-09,5.864945e-11
2.442729e+01,9.796823e-10,1.845810e-08,1.845810e-10,3.336409e-10,5.867191e-09,5.867191e-11
2.442943e+01,9.767787e-10,1.852759e-08,1.852759e-10,3.315763e-10,5.858587e-09,5.858587e-11
2.443157e+01,9.749201e-10,1.854910e-08,1.854910e-10,3.306133e-10,5.845560e-09,5.845560e-11
2.443370e+01,9.733594e-10,1.852011e-08,1.852011e-10,3.306966e-10,5.827544e-09,5.827544e-11
2.443584e+01,9.689004e-10,1.843311e-08,1.843311e-10,3.297113e-10,5.797730e-09,5.797730e-11
2.443798e+01,9.602757e-10,1.827960e-08,1.827960e-10,3.266905e-10,5.749358e-09,5.749358e-11
2.444011e+01,9.490912e-10,1.805831e-08,1.805831e-10,3.227042e-10,5.683438e-09,5.683438e-11
2.444225e+01,9.369440e-10,1.778066e-08,1.778066e-10,3.187143e-10,5.604579e-09,5.604579e-11
2.444439e+01,9.240814e-10,1.746191e-08,1.746191e-10,3.144162e-10,5.514730e-09,5.514730e-11
2.444652e+01,9.108660e-10,1.711055e-08,1.711055e-10,3.096227e-10,5.412183e-09,5.412183e-11
2.444866e+01,8.984608e-10,1.673246e-08,1.673246e-10,3.051090e-10,5.297820e-09,5.297820e-11
2.445080e+01,8.870286e-10,1.633152e-08,1.633152e-10,3.011299e-10,5.173429e-09,5.173429e-11
2.445293e+01,8.749357e-10,1.591283e-08,1.591283e-10,2.966618e-10,5.040796e-09,5.040796e-11
2.445507e+01,8.611096e-10,1.548308e-08,1.548308e-10,2.910782e-10,4.900093e-09,4.900093e-11
2.445721e+01,8.470601e-10,1.505467e-08,1.505467e-10,2.852917e-10,4.756924e-09,4.756924e-11
2.445934e+01,8.351521e-10,1.463984e-08,1.463984e-10,2.802870e-10,4.613695e-09,4.613695e-11
2.446148e+01,8.253095e-10,1.424937e-08,1.424937e-10,2.754609e-10,4.474843e-09,4.474843e-11
2.446362e+01,8.152187e-10,1.388921e-08,1.388921e-10,2.697791e-10,4.342568e-09,4.342568e-11
2.446575e+01,8.034580e-10,1.356028e-08,1.356028e-10,2.636557e-10,4.223325e-09,4.223325e-11
2.446789e+01,7.907360e-10,1.326208e-08,1.326208e-10,2.581187e-10,4.117303e-09,4.117303e-11
2.447003e+01,7.783091e-10,1.299392e-08,1.299392e-10,2.530455e-10,4.021959e-09,4.021959e-11
2.447216e+01,7.667437e-10,1.276229e-08,1.276229e-10,2.476694e-10,3.939044e-09,3.939044e-11
2.447430e+01,7.561487e-10,1.257520e-08,1.257520e-10,2.423105e-10,3.874034e-09,3.874034e-11
2.447644e+01,7.463131e-10,1.243158e-08,1.243158e-10,2.381998e-10,3.833571e-09,3.833571e-11
2.447857e+01,7.368890e-10,1.232217e-08,1.232217e-10,2.355100e-10,3.810385e-09,3.810385e-11
2.448071e+01,7.279483e-10,1.224332e-08,1.224332e-10,2.330110e-10,3.799122e-09,3.799122e-11
2.448285e+01,7.201378e-10,1.219589e-08,1.219589e-10,2.300569e-10,3.798951e-09,3.798951e-11
2.448498e+01,7.141379e-10,1.217973e-08,1.217973e-10,2.274861e-10,3.816767e-09,3.816767e-11
2.448712e+01,7.100902e-10,1.219142e-08,1.219142e-10,2.262014e-10,3.851586e-09,3.851586e-11
2.448926e+01,7.076398e-10,1.222281e-08,1.222281e-10,2.258263e-10,3.893351e-09,3.893351e-11
2.449140e+01,7.065026e-10,1.226956e-08,1.226956e-10,2.254094e-10,3.937662e-09,3.937662e-11
2.449353e+01,7.068887e-10,1.233437e-08,1.233437e-10,2.249775e-10,3.988614e-09,3.988614e-11
2.449567e+01,7.087148e-10,1.241514e-08,1.241514e-10,2.251681e-10,4.050544e-09,4.050544e-11
2.449781e+01,7.111083e-10,1.250051e-08,1.250051e-10,2.260089e-10,4.115982e-09,4.115982e-11
2.449994e+01,7.134572e-10,1.257873e-08,1.257873e-10,2.270801e-10,4.174098e-09,4.174098e-11
2.450208e+01,7.159057e-10,1.264919e-08,1.264919e-10,2.279708e-10,4.225066e-09,4.225066e-11
2.450422e+01,7.185185e-10,1.271916e-08,1.271916e-10,2.284470e-10,4.273203e-09,4.273203e-11
2.450635e+01,7.211745e-10,1.279103e-08,1.279103e-10,2.288538e-10,4.322071e-09,4.322071e-11
2.450849e+01,7.244608e-10,1.286002e-08,1.286002e-10,2.300284e-10,4.366736e-09,4.366736e-11
2.451063e+01,7.288454e-10,1.291845e-08,1.291845e-10,2.321340e-10,4.397974e-09,4.397974e-11
2.451276e+01,7.333221e-10,1.296911e-08,1.296911e-10,2.338630e-10,4.418951e-09,4.418951e-11
2.451490e+01,7.367980e-10,1.301822e-08,1.301822e-10,2.340849e-10,4.428047e-09,4.428047e-11
2.451704e+01,7.402933e-10,1.307048e-08,1.307048e-10,2.341356e-10,4.437225e-09,4.437225e-11
2.451917e+01,7.458712e-10,1.312251e-08,1.312251e-10,2.362468e-10,4.443038e-09,4.443038e-11
2.452131e+01,7.530635e-10,1.317065e-08,1.317065e-10,2.396941e-10,4.441711e-09,4.441711e-11
2.452345e+01,7.587777e-10,1.321970e-08,1.321970e-10,2.412970e-10,4.427467e-09,4.427467e-11
2.452558e+01,7.617407e-10,1.327483e-08,1.327483e-10,2.403587e-10,4.400466e-09,4.400466e-11
2.452772e+01,7.645025e-10,1.334103e-08,1.334103e-10,2.403748e-10,4.388598e-09,4.388598e-11
2.452986e+01,7.687836e-10,1.340802e-08,1.340802e-10,2.434231e-10,4.381481e-09,4.381481e-11
2.453199e+01,7.715243e-10,1.347270e-08,1.347270e-10,2.458343e-10,4.379177e-09,4.379177e-11
2.453413e+01,7.697418e-10,1.353509e-08,1.353509e-10,2.438997e-10,4.344379e-09,4.344379e-11
2.453627e+01,7.664977e-10,1.361687e-08,1.361687e-10,2.405880e-10,4.320616e-09,4.320616e-11
2.453840e+01,7.670848e-10,1.372754e-08,1.372754e-10,2.412754e-10,4.323413e-09,4.323413e-11
2.454054e+01,7.709465e-10,1.386412e-08,1.386412e-10,2.449125e-10,4.351340e-09,4.351340e-11
2.454268e+01,7.728532e-10,1.401479e-08,1.401479e-10,2.452998e-10,4.364040e-09,4.364040e-11
2.454481e+01,7.720605e-10,1.417898e-08,1.417898e-10,2.414527e-10,4.345627e-09,4.345627e-11
2.454695e+01,7.742928e-10,1.437324e-08,1.437324e-10,2.398781e-10,4.366276e-09,4.366276e-11
2.454909e+01,7.828799e-10,1.459402e-08,1.459402e-10,2.439709e-10,4.414730e-09,4.414730e-11
2.455122e+01,7.932546e-10,1.483080e-08,1.483080e-10,2.481765e-10,4.483550e-09,4.483550e-11
2.455336e+01,8.004610e-10,1.506086e-08,1.506086e-10,2.471942e-10,4.495838e-09,4.495838e-11
2.455550e+01,8.070578e-10,1.529651e-08,1.529651e-10,2.449276e-10,4.520177e-09,4.520177e-11
2.455763e+01,8.172701e-10,1.553295e-08,1.553295e-10,2.477793e-10,4.571281e-09,4.571281e-11
2.455977e+01,8.280108e-10,1.576156e-08,1.576156e-10,2.533257e-10,4.653325e-09,4.653325e-11
2.456191e+01,8.333992e-10,1.595626e-08,1.595626e-10,2.542210e-10,4.696556e-09,4.696556e-11
2.456404e+01,8.350997e-10,1.612320e-08,1.612320e-10,2.509097e-10,4.704866e-09,4.704866e-11
2.456618e+01,8.396977e-10,1.628561e-08,1.628561e-10,2.507561e-10,4.740994e-09,4.740994e-11
2.456832e+01,8.476689e-10,1.645226e-08,1.645226e-10,2.555242e-10,4.798390e-09,4.798390e-11
2.457045e+01,8.531128e-10,1.661733e-08,1.661733e-10,2.587835e-10,4.858720e-09,4.858720e-11
2.457259e+01,8.546326e-10,1.676954e-08,1.676954e-10,2.571409e-10,4.867652e-09,4.867652e-11
2.457473e+01,8.590487e-10,1.692984e-08,1.692984e-10,2.562608e-10,4.891305e-09,4.891305e-11
2.457687e+01,8.708052e-10,1.710204e-08,1.710204e-10,2.611177e-10,4.929548e-09,4.929548e-11
2.457900e+01,8.840993e-10,1.728589e-08,1.728589e-10,2.672056e-10,4.986929e-09,4.986929e-11
2.458114e+01,8.912827e-10,1.745395e-08,1.745395e-10,2.681304e-10,5.002374e-09,5.002374e-11
2.458328e+01,8.941548e-10,1.760933e-08,1.760933e-10,2.660919e-10,5.007596e-09,5.007596e-11
2.458541e+01,8.991522e-10,1.775184e-08,1.775184e-10,2.672222e-10,5.015853e-09,5.015853e-11
2.458755e+01,9.052487e-10,1.788260e-08,1.788260e-10,2.706003e-10,5.037740e-09,5.037740e-11
2.458969e+01,9.060008e-10,1.798399e-08,1.798399e-10,2.702980e-10,5.036820e-09,5.036820e-11
2.459182e+01,9.008444e-10,1.804931e-08,1.804931e-10,2.662700e-10,5.012807e-09,5.012807e-11
2.459396e+01,8.953197e-10,1.808224e-08,1.808224e-10,2.641631e-10,4.992522e-09,4.992522e-11
2.459610e+01,8.909806e-10,1.807832e-08,1.807832e-10,2.648282e-10,4.973475e-09,4.973475e-11
2.459823e+01,8.834107e-10,1.803524e-08,1.803524e-10,2.630660e-10,4.942458e-09,4.942458e-11
2.460037e+01,8.709546e-10,1.795297e-08,1.795297e-10,2.572541e-10,4.879528e-09,4.879528e-11
2.460251e+01,8.584167e-10,1.785012e-08,1.785012e-10,2.523716e-10,4.826354e-09,4.826354e-11
2.460464e+01,8.497845e-10,1.772691e-08,1.772691e-10,2.514331e-10,4.777053e-09,4.777053e-11
2.460678e+01,8.424252e-10,1.758645e-08,1.758645e-10,2.503020e-10,4.736048e-09,4.736048e-11
2.460892e+01,8.327148e-10,1.740748e-08,1.740748e-10,2.452975e-10,4.655944e-09,4.655944e-11
2.461105e+01,8.226491e-10,1.718034e-08,1.718034e-10,2.399783e-10,4.574619e-09,4.574619e-11
2.461319e+01,8.153170e-10,1.689946e-08,1.689946e-10,2.385562e-10,4.487352e-09,4.487352e-11
2.461533e+01,8.082764e-10,1.657815e-08,1.657815e-10,2.381941e-10,4.407597e-09,4.407597e-11
2.461746e+01,7.979590e-10,1.623030e-08,1.623030e-10,2.342709e-10,4.299089e-09,4.299089e-11
2.461960e+01,7.869612e-10,1.587521e-08,1.587521e-10,2.289640e-10,4.190099e-09,4.190099e-11
2.462174e+01,7.796028e-10,1.551581e-08,1.551581e-10,2.274838e-10,4.104440e-09,4.104440e-11
2.462387e+01,7.732365e-10,1.512201e-08,1.512201e-10,2.283521e-10,4.026882e-09,4.026882e-11
2.462601e+01,7.610510e-10,1.466287e-08,1.466287e-10,2.252586e-10,3.917490e-09,3.917490e-11
2.462815e+01,7.424882e-10,1.415185e-08,1.415185e-10,2.176767e-10,3.764243e-09,3.764243e-11
2.463028e+01,7.250616e-10,1.365917e-08,1.365917e-10,2.119061e-10,3.638673e-09,3.638673e-11
2.463242e+01,7.150711e-10,1.324056e-08,1.324056e-10,2.113046e-10,3.547414e-09,3.547414e-11
2.463456e+01,7.110980e-10,1.291990e-08,1.291990e-10,2.121163e-10,3.495024e-09,3.495024e-11
2.463669e+01,7.080838e-10,1.267259e-08,1.267259e-10,2.104312e-10,3.434801e-09,3.434801e-11
2.463883e+01,7.037411e-10,1.243465e-08,1.243465e-10,2.078468e-10,3.377667e-09,3.377667e-11
2.464097e+01,6.981363e-10,1.215153e-08,1.215153e-10,2.070551e-10,3.307087e-09,3.307087e-11
2.464310e+01,6.909687e-10,1.184937e-08,1.184937e-10,2.065859e-10,3.232077e-09,3.232077e-11
2.464524e+01,6.831016e-10,1.159952e-08,1.159952e-10,2.041462e-10,3.161575e-09,3.161575e-11
2.464738e+01,6.774353e-10,1.145538e-08,1.145538e-10,2.011595e-10,3.116821e-09,3.116821e-11
2.464951e+01,6.749970e-10,1.142239e-08,1.142239e-10,2.001680e-10,3.116775e-09,3.116775e-11
2.465165e+01,6.727916e-10,1.143682e-08,1.143682e-10,2.005482e-10,3.139307e-09,3.139307e-11
2.465379e+01,6.679654e-10,1.139345e-08,1.139345e-10,1.999378e-10,3.138093e-09,3.138093e-11
2.465592e+01,6.615991e-10,1.124710e-08,1.124710e-10,1.981279e-10,3.090617e-09,3.090617e-11
2.465806e+01,6.568362e-10,1.106649e-08,1.106649e-10,1.967131e-10,3.031105e-09,3.031105e-11
2.466020e+01,6.555474e-10,1.095668e-08,1.095668e-10,1.963935e-10,2.997814e-09,2.997814e-11
2.466233e+01,6.580318e-10,1.096987e-08,1.096987e-10,1.972958e-10,3.006878e-09,3.006878e-11
2.466447e+01,6.638196e-10,1.108604e-08,1.108604e-10,1.998843e-10,3.055698e-09,3.055698e-11
2.466661e+01,6.706947e-10,1.121413e-08,1.121413e-10,2.030619e-10,3.114308e-09,3.114308e-11
2.466875e+01,6.750396e-10,1.124380e-08,1.124380e-10,2.040177e-10,3.124463e-09,3.124463e-11
2.467088e+01,6.760164e-10,1.115989e-08,1.115989e-10,2.024083e-10,3.079551e-09,3.079551e-11
2.467302e+01,6.777297e-10,1.106398e-08,1.106398e-10,2.020193e-10,3.037716e-09,3.037716e-11
2.467516e+01,6.840070e-10,1.106279e-08,1.106279e-10,2.052504e-10,3.041009e-09,3.041009e-11
2.467729e+01,6.931099e-10,1.119529e-08,1.119529e-10,2.089638e-10,3.096541e-09,3.096541e-11
2.467943e+01,7.012854e-10,1.141360e-08,1.141360e-10,2.099185e-10,3.149502e-09,3.149502e-11
2.468157e+01,7.082345e-10,1.161772e-08,1.161772e-10,2.105594e-10,3.216451e-09,3.216451e-11
2.468370e+01,7.146404e-10,1.171142e-08,1.171142e-10,2.141603e-10,3.258316e-09,3.258316e-11
2.468584e+01,7.179028e-10,1.171071e-08,1.171071e-10,2.178622e-10,3.298969e-09,3.298969e-11
2.468798e+01,7.161987e-10,1.170594e-08,1.170594e-10,2.169723e-10,3.298764e-09,3.298764e-11
2.469011e+01,7.142819e-10,1.179458e-08,1.179458e-10,2.140604e-10,3.319669e-09,3.319669e-11
2.469225e+01,7.186020e-10,1.200476e-08,1.200476e-10,2.162132e-10,3.411719e-09,3.411719e-11
2.469439e+01,7.273390e-10,1.228640e-08,1.228640e-10,2.231878e-10,3.563555e-09,3.563555e-11
2.469652e+01,7.319253e-10,1.252992e-08,1.252992e-10,2.268318e-10,3.687525e-09,3.687525e-11
2.469866e+01,7.297941e-10,1.266605e-08,1.266605e-10,2.244052e-10,3.711039e-09,3.711039e-11
2.470080e+01,7.283001e-10,1.274594e-08,1.274594e-10,2.232954e-10,3.752224e-09,3.752224e-11
2.470293e+01,7.327378e-10,1.285110e-08,1.285110e-10,2.284253e-10,3.825254e-09,3.825254e-11
2.470507e+01,7.383976e-10,1.303255e-08,1.303255e-10,2.339565e-10,3.946724e-09,3.946724e-11
2.470721e+01,7.399021e-10,1.325955e-08,1.325955e-10,2.338029e-10,4.006349e-09,4.006349e-11
2.470934e+01,7.405926e-10,1.349702e-08,1.349702e-10,2.323346e-10,4.085769e-09,4.085769e-11
2.471148e+01,7.451555e-10,1.366815e-08,1.366815e-10,2.361702e-10,4.166611e-09,4.166611e-11
2.471362e+01,7.498977e-10,1.374039e-08,1.374039e-10,2.420139e-10,4.247980e-09,4.247980e-11
2.471575e+01,7.490675e-10,1.372084e-08,1.372084e-10,2.424554e-10,4.253468e-09,4.253468e-11
2.471789e+01,7.460747e-10,1.368708e-08,1.368708e-10,2.393760e-10,4.232924e-09,4.232924e-11
2.472003e+01,7.490178e-10,1.369155e-08,1.369155e-10,2.411412e-10,4.253963e-09,4.253963e-11
2.472216e+01,7.572871e-10,1.373255e-08,1.373255e-10,2.481848e-10,4.312938e-09,4.312938e-11
2.472430e+01,7.622343e-10,1.375098e-08,1.375098e-10,2.521280e-10,4.351880e-09,4.351880e-11
2.472644e+01,7.611159e-10,1.368917e-08,1.368917e-10,2.502131e-10,4.314572e-09,4.314572e-11
2.472857e+01,7.607261e-10,1.356577e-08,1.356577e-10,2.496701e-10,4.286426e-09,4.286426e-11
2.473071e+01,7.647320e-10,1.341814e-08,1.341814e-10,2.543784e-10,4.269451e-09,4.269451e-11
2.473285e+01,7.675437e-10,1.329604e-08,1.329604e-10,2.581263e-10,4.272513e-09,4.272513e-11
2.473498e+01,7.655283e-10,1.320263e-08,1.320263e-10,2.564650e-10,4.224252e-09,4.224252e-11
2.473712e+01,7.645748e-10,1.316634e-08,1.316634e-10,2.551938e-10,4.215317e-09,4.215317e-11
2.473926e+01,7.697986e-10,1.315571e-08,1.315571e-10,2.598854e-10,4.232178e-09,4.232178e-11
2.474139e+01,7.758214e-10,1.314231e-08,1.314231e-10,2.655062e-10,4.275587e-09,4.275587e-11
2.474353e+01,7.756660e-10,1.309674e-08,1.309674e-10,2.652445e-10,4.250381e-09,4.250381e-11
2.474567e+01,7.729848e-10,1.307214e-08,1.307214e-10,2.627713e-10,4.233058e-09,4.233058e-11
2.474780e+01,7.763412e-10,1.311860e-08,1.311860e-10,2.659678e-10,4.259891e-09,4.259891e-11
2.474994e+01,7.853043e-10,1.325072e-08,1.325072e-10,2.732169e-10,4.344876e-09,4.344876e-11
2.475208e+01,7.918391e-10,1.343687e-08,1.343687e-10,2.763592e-10,4.408184e-09,4.408184e-11
2.475422e+01,7.940176e-10,1.364342e-08,1.364342e-10,2.750246e-10,4.443150e-09,4.443150e-11
2.475635e+01,7.980701e-10,1.386899e-08,1.386899e-10,2.769135e-10,4.511908e-09,4.511908e-11
2.475849e+01,8.063724e-10,1.410807e-08,1.410807e-10,2.837096e-10,4.604712e-09,4.604712e-11
2.476063e+01,8.134502e-10,1.437039e-08,1.437039e-10,2.880001e-10,4.697540e-09,4.697540e-11
2.476276e+01,8.167216e-10,1.465070e-08,1.465070e-10,2.867152e-10,4.733464e-09,4.733464e-11
2.476490e+01,8.219144e-10,1.496531e-08,1.496531e-10,2.868143e-10,4.804063e-09,4.804063e-11
2.476704e+01,8.332161e-10,1.529455e-08,1.529455e-10,2.930068e-10,4.892585e-09,4.892585e-11
2.476917e+01,8.460970e-10,1.561869e-08,1.561869e-10,2.995406e-10,4.997975e-09,4.997975e-11
2.477131e+01,8.551280e-10,1.591141e-08,1.591141e-10,3.003759e-10,5.043521e-09,5.043521e-11
2.477345e+01,8.626529e-10,1.618331e-08,1.618331e-10,2.994316e-10,5.092559e-09,5.092559e-11
2.477558e+01,8.734908e-10,1.643929e-08,1.643929e-10,3.031784e-10,5.158896e-09,5.158896e-11
2.477772e+01,8.859105e-10,1.667866e-08,1.667866e-10,3.093987e-10,5.245178e-09,5.245178e-11
2.477986e+01,8.949424e-10,1.688703e-08,1.688703e-10,3.116682e-10,5.308254e-09,5.308254e-11
2.478199e+01,9.012572e-10,1.705780e-08,1.705780e-10,3.106882e-10,5.355407e-09,5.355407e-11
2.478413e+01,9.093705e-10,1.718843e-08,1.718843e-10,3.124678e-10,5.414477e-09,5.414477e-11
2.478627e+01,9.188036e-10,1.727457e-08,1.727457e-10,3.173858e-10,5.476269e-09,5.476269e-11
2.478840e+01,9.248970e-10,1.731204e-08,1.731204e-10,3.199672e-10,5.524658e-09,5.524658e-11
2.479054e+01,9.274869e-10,1.730085e-08,1.730085e-10,3.188954e-10,5.544799e-09,5.544799e-11
2.479268e+01,9.310667e-10,1.724601e-08,1.724601e-10,3.186837e-10,5.561907e-09,5.561907e-11
2.479481e+01,9.363093e-10,1.714458e-08,1.714458e-10,3.209411e-10,5.569949e-09,5.569949e-11
2.479695e+01,9.384275e-10,1.699388e-08,1.699388e-10,3.216587e-10,5.562549e-09,5.562549e-11
2.479909e+01,9.351395e-10,1.679339e-08,1.679339e-10,3.187998e-10,5.528023e-09,5.528023e-11
2.480122e+01,9.299374e-10,1.655525e-08,1.655525e-10,3.156974e-10,5.485261e-09,5.485261e-11
2.480336e+01,9.256938e-10,1.628910e-08,1.628910e-10,3.144645e-10,5.436953e-09,5.436953e-11
2.480550e+01,9.205381e-10,1.600162e-08,1.600162e-10,3.124418e-10,5.379770e-09,5.379770e-11
2.480763e+01,9.126844e-10,1.569091e-08,1.569091e-10,3.080703e-10,5.304288e-09,5.304288e-11
2.480977e+01,9.043526e-10,1.536157e-08,1.536157e-10,3.042523e-10,5.223545e-09,5.223545e-11
2.481191e+01,8.973184e-10,1.501702e-08,1.501702e-10,3.026282e-10,5.138352e-09,5.138352e-11
2.481404e+01,8.892515e-10,1.466838e-08,1.466838e-10,2.999904e-10,5.046498e-09,5.046498e-11
2.481618e+01,8.783849e-10,1.432099e-08,1.432099e-10,2.942174e-10,4.932823e-09,4.932823e-11
2.481832e+01,8.674755e-10,1.398551e-08,1.398551e-10,2.887095e-10,4.818601e-09,4.818601e-11
2.482045e+01,8.585048e-10,1.366033e-08,1.366033e-10,2.861117e-10,4.703724e-09,4.703724e-11
2.482259e+01,8.477133e-10,1.334192e-08,1.334192e-10,2.826521e-10,4.589938e-09,4.589938e-11
2.482473e+01,8.312800e-10,1.302308e-08,1.302308e-10,2.744594e-10,4.443713e-09,4.443713e-11
2.482686e+01,8.123485e-10,1.271816e-08,1.271816e-10,2.649529e-10,4.300478e-09,4.300478e-11
2.482900e+01,7.969501e-10,1.244042e-08,1.244042e-10,2.596933e-10,4.171978e-09,4.171978e-11
2.483114e+01,7.853637e-10,1.219687e-08,1.219687e-10,2.572067e-10,4.073625e-09,4.073625e-11
2.483327e+01,7.734426e-10,1.198005e-08,1.198005e-10,2.519774e-10,3.956837e-09,3.956837e-11
2.483541e+01,7.609188e-10,1.178995e-08,1.178995e-10,2.446564e-10,3.836599e-09,3.836599e-11
2.483755e+01,7.517472e-10,1.163151e-08,1.163151e-10,2.410953e-10,3.748867e-09,3.748867e-11
2.483968e+01,7.462129e-10,1.149784e-08,1.149784e-10,2.416491e-10,3.693266e-09,3.693266e-11
2.484182e+01,7.395589e-10,1.137757e-08,1.137757e-10,2.401157e-10,3.640415e-09,3.640415e-11
2.484396e+01,7.302350e-10,1.126299e-08,1.126299e-10,2.343812e-10,3.553093e-09,3.553093e-11
2.484610e+01,7.228442e-10,1.116948e-08,1.116948e-10,2.300504e-10,3.499808e-09,3.499808e-11
2.484823e+01,7.205169e-10,1.110148e-08,1.110148e-10,2.308670e-10,3.473151e-09,3.473151e-11
2.485037e+01,7.202428e-10,1.106000e-08,1.106000e-10,2.326266e-10,3.474488e-09,3.474488e-11
2.485251e+01,7.186640e-10,1.102868e-08,1.102868e-10,2.308787e-10,3.437879e-09,3.437879e-11
2.485464e+01,7.173849e-10,1.100969e-08,1.100969e-10,2.283146e-10,3.412322e-09,3.412322e-11
2.485678e+01,7.187835e-10,1.100289e-08,1.100289e-10,2.292862e-10,3.405719e-09,3.405719e-11
2.485892e+01,7.208743e-10,1.101515e-08,1.101515e-10,2.321643e-10,3.425387e-09,3.425387e-11
2.486105e+01,7.206231e-10,1.104106e-08,1.104106e-10,2.325958e-10,3.436105e-09,3.436105e-11
2.486319e+01,7.196008e-10,1.108565e-08,1.108565e-10,2.311587e-10,3.447087e-09,3.447087e-11
2.486533e+01,7.215739e-10,1.115653e-08,1.115653e-10,2.319180e-10,3.483672e-09,3.483672e-11
2.486746e+01,7.263519e-10,1.126297e-08,1.126297e-10,2.350973e-10,3.547035e-09,3.547035e-11
2.486960e+01,7.312909e-10,1.140428e-08,1.140428e-10,2.375216e-10,3.629151e-09,3.629151e-11
2.487174e+01,7.372341e-10,1.157466e-08,1.157466e-10,2.390876e-10,3.725004e-09,3.725004e-11
2.487387e+01,7.474001e-10,1.177013e-08,1.177013e-10,2.426286e-10,3.845531e-09,3.845531e-11
2.487601e+01,7.613279e-10,1.198684e-08,1.198684e-10,2.482512e-10,3.981240e-09,3.981240e-11
2.487815e+01,7.755114e-10,1.222093e-08,1.222093e-10,2.533567e-10,4.120177e-09,4.120177e-11
2.488028e+01,7.891314e-10,1.246426e-08,1.246426e-10,2.577935e-10,4.256345e-09,4.256345e-11
2.488242e+01,8.037147e-10,1.270319e-08,1.270319e-10,2.637235e-10,4.392011e-09,4.392011e-11
2.488456e+01,8.177846e-10,1.291307e-08,1.291307e-10,2.702863e-10,4.515747e-09,4.515747e-11
2.488669e+01,8.270729e-10,1.307690e-08,1.307690e-10,2.739335e-10,4.609931e-09,4.609931e-11
2.488883e+01,8.309241e-10,1.320072e-08,1.320072e-10,2.747419e-10,4.680351e-09,4.680351e-11
2.489097e+01,8.340392e-10,1.331083e-08,1.331083e-10,2.768431e-10,4.749450e-09,4.749450e-11
2.489310e+01,8.403747e-10,1.342669e-08,1.342669e-10,2.817210e-10,4.824659e-09,4.824659e-11
2.489524e+01,8.490306e-10,1.355619e-08,1.355619e-10,2.861048e-10,4.895097e-09,4.895097e-11
2.489738e+01,8.581377e-10,1.369859e-08,1.369859e-10,2.882528e-10,4.950886e-09,4.950886e-11
2.489951e+01,8.686713e-10,1.385143e-08,1.385143e-10,2.913962e-10,5.012837e-09,5.012837e-11
2.490165e+01,8.808568e-10,1.400106e-08,1.400106e-10,2.974497e-10,5.079875e-09,5.079875e-11
2.490379e+01,8.913555e-10,1.414404e-08,1.414404e-10,3.025827e-10,5.147445e-09,5.147445e-11
2.490592e+01,8.985129e-10,1.428829e-08,1.428829e-10,3.036869e-10,5.188619e-09,5.188619e-11
2.490806e+01,9.064525e-10,1.445304e-08,1.445304e-10,3.042729e-10,5.229444e-09,5.229444e-11
2.491020e+01,9.190828e-10,1.464514e-08,1.464514e-10,3.087507e-10,5.273823e-09,5.273823e-11
2.491233e+01,9.333315e-10,1.485446e-08,1.485446e-10,3.147441e-10,5.327309e-09,5.327309e-11
2.491447e+01,9.433134e-10,1.504027e-08,1.504027e-10,3.169335e-10,5.350148e-09,5.350148e-11
2.491661e+01,9.483983e-10,1.517293e-08,1.517293e-10,3.158294e-10,5.344844e-09,5.344844e-11
2.491874e+01,9.523993e-10,1.525797e-08,1.525797e-10,3.161559e-10,5.322000e-09,5.322000e-11
2.492088e+01,9.565543e-10,1.533384e-08,1.533384e-10,3.182483e-10,5.296801e-09,5.296801e-11
2.492302e+01,9.587684e-10,1.543104e-08,1.543104e-10,3.181221e-10,5.262168e-09,5.262168e-11
2.492515e+01,9.593826e-10,1.556586e-08,1.556586e-10,3.153588e-10,5.219189e-09,5.219189e-11
2.492729e+01,9.616180e-10,1.573266e-08,1.573266e-10,3.140312e-10,5.188483e-09,5.188483e-11
2.492943e+01,9.654902e-10,1.590233e-08,1.590233e-10,3.151655e-10,5.160467e-09,5.160467e-11
2.493157e+01,9.671476e-10,1.605344e-08,1.605344e-10,3.147216e-10,5.130347e-09,5.130347e-11
2.493370e+01,9.662172e-10,1.619529e-08,1.619529e-10,3.111858e-10,5.087242e-09,5.087242e-11
2.493584e+01,9.677674e-10,1.636195e-08,1.636195e-10,3.088268e-10,5.066626e-09,5.066626e-11
2.493798e+01,9.742325e-10,1.656377e-08,1.656377e-10,3.103048e-10,5.064712e-09,5.064712e-11
2.494011e+01,9.809929e-10,1.679218e-08,1.679218e-10,3.119839e-10,5.081829e-09,5.081829e-11
2.494225e+01,9.830142e-10,1.700615e-08,1.700615e-10,3.102271e-10,5.087387e-09,5.087387e-11
2.494439e+01,9.811496e-10,1.716581e-08,1.716581e-10,3.073123e-10,5.092562e-09,5.092562e-11
2.494652e+01,9.780564e-10,1.724255e-08,1.724255e-10,3.065128e-10,5.087250e-09,5.087250e-11
2.494866e+01,9.723919e-10,1.725318e-08,1.725318e-10,3.055748e-10,5.075139e-09,5.075139e-11
2.495080e+01,9.623917e-10,1.722958e-08,1.722958e-10,3.010649e-10,5.040660e-09,5.040660e-11
2.495293e+01,9.519110e-10,1.721071e-08,1.721071e-10,2.957278e-10,5.015453e-09,5.015453e-11
2.495507e+01,9.461714e-10,1.720540e-08,1.720540e-10,2.944549e-10,5.012800e-09,5.012800e-11
2.495721e+01,9.427861e-10,1.718178e-08,1.718178e-10,2.953489e-10,5.017890e-09,5.017890e-11
2.495934e+01,9.345686e-10,1.709413e-08,1.709413e-10,2.923037e-10,4.986563e-09,4.986563e-11
2.496148e+01,9.211934e-10,1.693628e-08,1.693628e-10,2.854214e-10,4.919330e-09,4.919330e-11
2.496362e+01,9.103648e-10,1.675613e-08,1.675613e-10,2.812293e-10,4.863462e-09,4.863462e-11
2.496575e+01,9.061856e-10,1.659423e-08,1.659423e-10,2.819223e-10,4.831620e-09,4.831620e-11
2.496789e+01,9.036220e-10,1.646560e-08,1.646560e-10,2.820138e-10,4.814447e-09,4.814447e-11
2.497003e+01,8.971941e-10,1.634370e-08,1.634370e-10,2.779303e-10,4.768601e-09,4.768601e-11
2.497216e+01,8.887417e-10,1.620709e-08,1.620709e-10,2.738392e-10,4.732835e-09,4.732835e-11
2.497430e+01,8.825365e-10,1.603312e-08,1.603312e-10,2.740444e-10,4.702145e-09,4.702145e-11
2.497644e+01,8.773161e-10,1.582912e-08,1.582912e-10,2.752579e-10,4.686786e-09,4.686786e-11
2.497857e+01,8.687645e-10,1.561744e-08,1.561744e-10,2.721109e-10,4.638262e-09,4.638262e-11
2.498071e+01,8.576388e-10,1.543678e-08,1.543678e-10,2.665319e-10,4.593147e-09,4.593147e-11
2.498285e+01,8.491656e-10,1.531322e-08,1.531322e-10,2.647076e-10,4.582611e-09,4.582611e-11
2.498498e+01,8.449210e-10,1.524135e-08,1.524135e-10,2.668960e-10,4.609491e-09,4.609491e-11
2.498712e+01,8.412544e-10,1.518968e-08,1.518968e-10,2.674844e-10,4.635131e-09,4.635131e-11
2.498926e+01,8.363781e-10,1.512625e-08,1.512625e-10,2.645744e-10,4.626571e-09,4.626571e-11
2.499139e+01,8.332776e-10,1.506151e-08,1.506151e-10,2.626783e-10,4.626633e-09,4.626633e-11
2.499353e+01,8.341086e-10,1.501791e-08,1.501791e-10,2.648446e-10,4.638783e-09,4.638783e-11
2.499567e+01,8.365222e-10,1.501693e-08,1.501693e-10,2.679100e-10,4.678226e-09,4.678226e-11
2.499780e+01,8.376117e-10,1.505200e-08,1.505200e-10,2.680238e-10,4.706590e-09,4.706590e-11
2.499994e+01,8.382628e-10,1.510371e-08,1.510371e-10,2.666062e-10,4.736852e-09,4.736852e-11
2.500208e+01,8.408211e-10,1.514797e-08,1.514797e-10,2.674112e-10,4.770460e-09,4.770460e-11
2.500421e+01,8.445047e-10,1.517676e-08,1.517676e-10,2.703278e-10,4.809111e-09,4.809111e-11
2.500635e+01,8.463029e-10,1.519528e-08,1.519528e-10,2.719379e-10,4.845620e-09,4.845620e-11
2.500849e+01,8.458649e-10,1.521474e-08,1.521474e-10,2.712563e-10,4.870618e-09,4.870618e-11
2.501062e+01,8.463848e-10,1.524722e-08,1.524722e-10,2.711278e-10,4.905377e-09,4.905377e-11
2.501276e+01,8.499515e-10,1.529024e-08,1.529024e-10,2.735962e-10,4.946102e-09,4.946102e-11
2.501490e+01,8.548898e-10,1.533813e-08,1.533813e-10,2.771229e-10,4.994150e-09,4.994150e-11
2.501703e+01,8.584178e-10,1.538358e-08,1.538358e-10,2.791978e-10,5.037633e-09,5.037633e-11
2.501917e+01,8.599774e-10,1.542543e-08,1.542543e-10,2.795938e-10,5.076474e-09,5.076474e-11
2.502131e+01,8.611401e-10,1.546590e-08,1.546590e-10,2.800846e-10,5.116084e-09,5.116084e-11
2.502345e+01,8.630828e-10,1.550557e-08,1.550557e-10,2.817703e-10,5.155094e-09,5.155094e-11
2.502558e+01,8.651184e-10,1.553999e-08,1.553999e-10,2.836040e-10,5.195776e-09,5.195776e-11
2.502772e+01,8.658184e-10,1.556099e-08,1.556099e-10,2.838689e-10,5.226241e-09,5.226241e-11
2.502986e+01,8.652431e-10,1.556862e-08,1.556862e-10,2.827561e-10,5.248598e-09,5.248598e-11
2.503199e+01,8.648370e-10,1.557140e-08,1.557140e-10,2.822680e-10,5.270958e-09,5.270958e-11
2.503413e+01,8.651735e-10,1.558015e-08,1.558015e-10,2.832797e-10,5.295271e-09,5.295271e-11
2.503627e+01,8.651910e-10,1.559499e-08,1.559499e-10,2.841534e-10,5.320321e-09,5.320321e-11
2.503840e+01,8.636386e-10,1.560011e-08,1.560011e-10,2.830553e-10,5.330852e-09,5.330852e-11
2.504054e+01,8.605581e-10,1.557701e-08,1.557701e-10,2.806430e-10,5.329496e-09,5.329496e-11
2.504268e+01,8.568138e-10,1.551943e-08,1.551943e-10,2.790479e-10,5.316870e-09,5.316870e-11
2.504481e+01,8.527189e-10,1.544635e-08,1.544635e-10,2.785261e-10,5.300598e-09,5.300598e-11
2.504695e+01,8.482076e-10,1.538377e-08,1.538377e-10,2.771770e-10,5.281119e-09,5.281119e-11
2.504909e+01,8.444521e-10,1.534707e-08,1.534707e-10,2.746030e-10,5.255308e-09,5.255308e-11
2.505122e+01,8.434349e-10,1.532923e-08,1.532923e-10,2.732241e-10,5.234048e-09,5.234048e-11
2.505336e+01,8.446070e-10,1.530188e-08,1.530188e-10,2.742388e-10,5.208846e-09,5.208846e-11
2.505550e+01,8.445830e-10,1.523779e-08,1.523779e-10,2.750857e-10,5.172644e-09,5.172644e-11
2.505763e+01,8.418426e-10,1.513527e-08,1.513527e-10,2.734160e-10,5.109687e-09,5.109687e-11
2.505977e+01,8.392081e-10,1.503049e-08,1.503049e-10,2.711205e-10,5.043261e-09,5.043261e-11
2.506191e+01,8.396665e-10,1.495831e-08,1.495831e-10,2.713065e-10,4.989407e-09,4.989407e-11
2.506404e+01,8.419453e-10,1.493348e-08,1.493348e-10,2.731966e-10,4.952231e-09,4.952231e-11
2.506618e+01,8.428545e-10,1.493685e-08,1.493685e-10,2.735709e-10,4.915648e-09,4.915648e-11
2.506832e+01,8.422754e-10,1.493212e-08,1.493212e-10,2.721085e-10,4.867518e-09,4.867518e-11
2.507045e+01,8.427309e-10,1.489009e-08,1.489009e-10,2.716182e-10,4.812810e-09,4.812810e-11
2.507259e+01,8.445748e-10,1.482031e-08,1.482031e-10,2.729516e-10,4.753927e-09,4.753927e-11
2.507473e+01,8.454349e-10,1.476514e-08,1.476514e-10,2.735260e-10,4.700403e-09,4.700403e-11
2.507686e+01,8.453910e-10,1.475847e-08,1.475847e-10,2.722736e-10,4.650003e-09,4.650003e-11
2.507900e+01,8.482666e-10,1.481456e-08,1.481456e-10,2.720813e-10,4.623725e-09,4.623725e-11
2.508114e+01,8.552779e-10,1.490675e-08,1.490675e-10,2.747914e-10,4.617267e-09,4.617267e-11
2.508327e+01,8.614082e-10,1.498813e-08,1.498813e-10,2.773932e-10,4.615390e-09,4.615390e-11
2.508541e+01,8.617432e-10,1.502121e-08,1.502121e-10,2.765645e-10,4.587568e-09,4.587568e-11
2.508755e+01,8.586306e-10,1.503187e-08,1.503187e-10,2.742316e-10,4.554735e-09,4.554735e-11
2.508968e+01,8.586068e-10,1.507016e-08,1.507016e-10,2.746449e-10,4.541422e-09,4.541422e-11
2.509182e+01,8.637631e-10,1.516416e-08,1.516416e-10,2.778174e-10,4.556542e-09,4.556542e-11
2.509396e+01,8.700980e-10,1.530605e-08,1.530605e-10,2.801397e-10,4.581194e-09,4.581194e-11
2.509609e+01,8.739758e-10,1.546092e-08,1.546092e-10,2.805091e-10,4.604542e-09,4.604542e-11
2.509823e+01,8.759693e-10,1.558863e-08,1.558863e-10,2.813930e-10,4.627824e-09,4.627824e-11
2.510037e+01,8.771397e-10,1.566875e-08,1.566875e-10,2.834968e-10,4.641450e-09,4.641450e-11
2.510250e+01,8.759119e-10,1.572921e-08,1.572921e-10,2.838398e-10,4.648325e-09,4.648325e-11
2.510464e+01,8.717408e-10,1.580059e-08,1.580059e-10,2.810182e-10,4.640248e-09,4.640248e-11
2.510678e+01,8.680934e-10,1.590121e-08,1.590121e-10,2.783745e-10,4.645492e-09,4.645492e-11
2.510892e+01,8.678374e-10,1.602004e-08,1.602004e-10,2.788961e-10,4.662200e-09,4.662200e-11
2.511105e+01,8.681428e-10,1.612431e-08,1.612431e-10,2.801361e-10,4.684860e-09,4.684860e-11
2.511319e+01,8.638789e-10,1.617111e-08,1.617111e-10,2.779258e-10,4.674831e-09,4.674831e-11
2.511533e+01,8.548669e-10,1.615276e-08,1.615276e-10,2.730201e-10,4.639360e-09,4.639360e-11
2.511746e+01,8.460356e-10,1.610301e-08,1.610301e-10,2.699224e-10,4.608028e-09,4.608028e-11
2.511960e+01,8.406804e-10,1.604700e-08,1.604700e-10,2.699532e-10,4.589043e-09,4.589043e-11
2.512174e+01,8.367951e-10,1.598889e-08,1.598889e-10,2.697094e-10,4.576109e-09,4.576109e-11
2.512387e+01,8.310792e-10,1.591150e-08,1.591150e-10,2.669225e-10,4.544430e-09,4.544430e-11
2.512601e+01,8.234989e-10,1.579198e-08,1.579198e-10,2.637886e-10,4.512815e-09,4.512815e-11
2.512815e+01,8.153934e-10,1.560544e-08,1.560544e-10,2.626564e-10,4.469622e-09,4.469622e-11
2.513028e+01,8.060157e-10,1.535899e-08,1.535899e-10,2.617677e-10,4.420679e-09,4.420679e-11
2.513242e+01,7.943215e-10,1.507885e-08,1.507885e-10,2.582574e-10,4.351578e-09,4.351578e-11
2.513456e+01,7.825539e-10,1.478523e-08,1.478523e-10,2.533859e-10,4.273158e-09,4.273158e-11
2.513669e+01,7.742529e-10,1.448655e-08,1.448655e-10,2.510892e-10,4.208181e-09,4.208181e-11
2.513883e+01,7.688840e-10,1.417496e-08,1.417496e-10,2.518606e-10,4.151738e-09,4.151738e-11
2.514097e+01,7.618279e-10,1.383291e-08,1.383291e-10,2.517265e-10,4.096013e-09,4.096013e-11
2.514310e+01,7.503456e-10,1.344808e-08,1.344808e-10,2.481192e-10,4.011675e-09,4.011675e-11
2.514524e+01,7.372775e-10,1.304474e-08,1.304474e-10,2.437657e-10,3.931598e-09,3.931598e-11
2.514738e+01,7.271145e-10,1.265378e-08,1.265378e-10,2.425680e-10,3.870293e-09,3.870293e-11
2.514951e+01,7.201253e-10,1.229170e-08,1.229170e-10,2.438424e-10,3.833451e-09,3.833451e-11
2.515165e+01,7.129972e-10,1.195903e-08,1.195903e-10,2.437680e-10,3.802132e-09,3.802132e-11
2.515379e+01,7.041018e-10,1.165091e-08,1.165091e-10,2.413852e-10,3.766668e-09,3.766668e-11
2.515592e+01,6.951102e-10,1.136322e-08,1.136322e-10,2.397140e-10,3.752136e-09,3.752136e-11
2.515806e+01,6.873879e-10,1.109775e-08,1.109775e-10,2.406013e-10,3.753536e-09,3.753536e-11
2.516020e+01,6.799384e-10,1.087419e-08,1.087419e-10,2.417246e-10,3.776917e-09,3.776917e-11
2.516233e+01,6.719680e-10,1.070485e-08,1.070485e-10,2.404677e-10,3.794964e-09,3.794964e-11
2.516447e+01,6.652689e-10,1.059593e-08,1.059593e-10,2.384384e-10,3.825368e-09,3.825368e-11
2.516661e+01,6.621691e-10,1.054311e-08,1.054311e-10,2.392817e-10,3.882244e-09,3.882244e-11
2.516874e+01,6.618574e-10,1.053696e-08,1.053696e-10,2.429216e-10,3.959531e-09,3.959531e-11
2.517088e+01,6.612999e-10,1.056090e-08,1.056090e-10,2.454703e-10,4.040483e-09,4.040483e-11
2.517302e+01,6.599022e-10,1.060905e-08,1.060905e-10,2.452617e-10,4.105197e-09,4.105197e-11
2.517515e+01,6.603810e-10,1.069135e-08,1.069135e-10,2.454081e-10,4.184014e-09,4.184014e-11
2.517729e+01,6.641167e-10,1.080313e-08,1.080313e-10,2.487224e-10,4.278301e-09,4.278301e-11
2.517943e+01,6.686890e-10,1.093155e-08,1.093155e-10,2.532840e-10,4.384868e-09,4.384868e-11
2.518156e+01,6.717252e-10,1.106256e-08,1.106256e-10,2.556641e-10,4.480075e-09,4.480075e-11
2.518370e+01,6.745484e-10,1.119506e-08,1.119506e-10,2.562789e-10,4.566731e-09,4.566731e-11
2.518584e+01,6.798901e-10,1.133155e-08,1.133155e-10,2.584819e-10,4.661504e-09,4.661504e-11
2.518797e+01,6.876988e-10,1.147696e-08,1.147696e-10,2.632919e-10,4.764186e-09,4.764186e-11
2.519011e+01,6.957571e-10,1.163145e-08,1.163145e-10,2.681823e-10,4.868270e-09,4.868270e-11
2.519225e+01,7.038476e-10,1.179349e-08,1.179349e-10,2.714770e-10,4.958556e-09,4.958556e-11
2.519438e+01,7.145328e-10,1.196952e-08,1.196952e-10,2.749421e-10,5.046046e-09,5.046046e-11
2.519652e+01,7.290122e-10,1.216464e-08,1.216464e-10,2.805436e-10,5.136052e-09,5.136052e-11
2.519866e+01,7.447488e-10,1.237982e-08,1.237982e-10,2.870504e-10,5.226506e-09,5.226506e-11
2.520080e+01,7.588497e-10,1.260936e-08,1.260936e-10,2.919260e-10,5.305331e-09,5.305331e-11
2.520293e+01,7.717326e-10,1.285390e-08,1.285390e-10,2.949984e-10,5.367903e-09,5.367903e-11
2.520507e+01,7.856073e-10,1.311813e-08,1.311813e-10,2.981127e-10,5.421064e-09,5.421064e-11
2.520721e+01,8.007781e-10,1.340457e-08,1.340457e-10,3.020768e-10,5.469468e-09,5.469468e-11
2.520934e+01,8.154554e-10,1.370671e-08,1.370671e-10,3.059349e-10,5.511507e-09,5.511507e-11
2.521148e+01,8.284051e-10,1.401339e-08,1.401339e-10,3.088505e-10,5.541422e-09,5.541422e-11
2.521362e+01,8.401241e-10,1.431842e-08,1.431842e-10,3.111249e-10,5.558603e-09,5.558603e-11
2.521575e+01,8.514159e-10,1.462340e-08,1.462340e-10,3.133129e-10,5.568986e-09,5.568986e-11
2.521789e+01,8.620501e-10,1.493077e-08,1.493077e-10,3.154410e-10,5.578768e-09,5.578768e-11
2.522003e+01,8.716161e-10,1.523504e-08,1.523504e-10,3.173448e-10,5.588625e-09,5.588625e-11
2.522216e+01,8.805590e-10,1.552530e-08,1.552530e-10,3.189596e-10,5.593741e-09,5.593741e-11
2.522430e+01,8.896295e-10,1.579256e-08,1.579256e-10,3.200794e-10,5.590076e-09,5.590076e-11
2.522644e+01,8.991085e-10,1.603555e-08,1.603555e-10,3.206086e-10,5.580453e-09,5.580453e-11
2.522857e+01,9.089837e-10,1.625439e-08,1.625439e-10,3.211306e-10,5.569857e-09,5.569857e-11
2.523071e+01,9.189207e-10,1.644392e-08,1.644392e-10,3.221557e-10,5.556951e-09,5.556951e-11
2.523285e+01,9.277780e-10,1.659446e-08,1.659446e-10,3.229258e-10,5.533311e-09,5.533311e-11
2.523498e+01,9.344022e-10,1.669969e-08,1.669969e-10,3.222926e-10,5.494215e-09,5.494215e-11
2.523712e+01,9.386833e-10,1.676002e-08,1.676002e-10,3.205236e-10,5.446725e-09,5.446725e-11
2.523926e+01,9.410589e-10,1.677578e-08,1.677578e-10,3.189502e-10,5.399957e-09,5.399957e-11
2.524139e+01,9.414065e-10,1.674332e-08,1.674332e-10,3.178076e-10,5.351467e-09,5.351467e-11
2.524353e+01,9.391127e-10,1.666014e-08,1.666014e-10,3.158021e-10,5.291390e-09,5.291390e-11
2.524567e+01,9.342510e-10,1.653434e-08,1.653434e-10,3.122912e-10,5.217589e-09,5.217589e-11
2.524780e+01,9.280842e-10,1.638325e-08,1.638325e-10,3.084972e-10,5.142704e-09,5.142704e-11
2.524994e+01,9.221077e-10,1.622022e-08,1.622022e-10,3.057653e-10,5.075206e-09,5.075206e-11
2.525208e+01,9.166426e-10,1.604681e-08,1.604681e-10,3.036503e-10,5.009501e-09,5.009501e-11
2.525421e+01,9.111061e-10,1.586082e-08,1.586082e-10,3.008277e-10,4.934307e-09,4.934307e-11
2.525635e+01,9.054143e-10,1.566957e-08,1.566957e-10,2.972484e-10,4.852732e-09,4.852732e-11
2.525849e+01,8.999065e-10,1.548843e-08,1.548843e-10,2.940407e-10,4.780195e-09,4.780195e-11
2.526062e+01,8.944308e-10,1.532725e-08,1.532725e-10,2.916316e-10,4.723451e-09,4.723451e-11
2.526276e+01,8.885830e-10,1.518342e-08,1.518342e-10,2.892806e-10,4.674129e-09,4.674129e-11
2.526490e+01,8.825250e-10,1.505023e-08,1.505023e-10,2.863917e-10,4.621858e-09,4.621858e-11
2.526703e+01,8.766211e-10,1.492949e-08,1.492949e-10,2.832681e-10,4.572835e-09,4.572835e-11
2.526917e+01,8.706606e-10,1.482764e-08,1.482764e-10,2.805357e-10,4.541076e-09,4.541076e-11
2.527131e+01,8.641613e-10,1.474387e-08,1.474387e-10,2.783760e-10,4.529235e-09,4.529235e-11
2.527344e+01,8.571813e-10,1.467066e-08,1.467066e-10,2.765147e-10,4.525431e-09,4.525431e-11
2.527558e+01,8.504706e-10,1.460647e-08,1.460647e-10,2.746679e-10,4.520291e-09,4.520291e-11
2.527772e+01,8.447551e-10,1.456452e-08,1.456452e-10,2.727990e-10,4.521785e-09,4.521785e-11
2.527985e+01,8.403356e-10,1.455877e-08,1.455877e-10,2.713494e-10,4.543099e-09,4.543099e-11
2.528199e+01,8.373504e-10,1.458746e-08,1.458746e-10,2.709748e-10,4.585279e-09,4.585279e-11
2.528413e+01,8.358271e-10,1.463346e-08,1.463346e-10,2.714891e-10,4.632015e-09,4.632015e-11
2.528627e+01,8.353940e-10,1.468321e-08,1.468321e-10,2.717266e-10,4.671623e-09,4.671623e-11
2.528840e+01,8.356444e-10,1.474077e-08,1.474077e-10,2.711651e-10,4.710332e-09,4.710332e-11
2.529054e+01,8.369338e-10,1.481580e-08,1.481580e-10,2.709786e-10,4.764209e-09,4.764209e-11
2.529268e+01,8.398971e-10,1.490576e-08,1.490576e-10,2.724538e-10,4.832944e-09,4.832944e-11
2.529481e+01,8.443628e-10,1.499521e-08,1.499521e-10,2.749543e-10,4.900114e-09,4.900114e-11
2.529695e+01,8.493206e-10,1.507341e-08,1.507341e-10,2.767873e-10,4.955838e-09,4.955838e-11
2.529909e+01,8.537342e-10,1.513957e-08,1.513957e-10,2.776697e-10,5.007999e-09,5.007999e-11
2.530122e+01,8.571226e-10,1.519241e-08,1.519241e-10,2.788955e-10,5.069355e-09,5.069355e-11
2.530336e+01,8.596482e-10,1.522769e-08,1.522769e-10,2.811408e-10,5.133598e-09,5.133598e-11
2.530550e+01,8.620033e-10,1.524765e-08,1.524765e-10,2.833576e-10,5.188222e-09,5.188222e-11
2.530763e+01,8.651407e-10,1.526919e-08,1.526919e-10,2.845070e-10,5.231136e-09,5.231136e-11
2.530977e+01,8.699596e-10,1.531550e-08,1.531550e-10,2.855008e-10,5.280295e-09,5.280295e-11
2.531191e+01,8.762954e-10,1.539299e-08,1.539299e-10,2.878033e-10,5.347702e-09,5.347702e-11
2.531404e+01,8.824277e-10,1.547902e-08,1.547902e-10,2.908401e-10,5.418233e-09,5.418233e-11
2.531618e+01,8.867796e-10,1.554526e-08,1.554526e-10,2.926892e-10,5.470289e-09,5.470289e-11
2.531832e+01,8.896054e-10,1.559541e-08,1.559541e-10,2.927642e-10,5.504389e-09,5.504389e-11
2.532045e+01,8.922820e-10,1.566031e-08,1.566031e-10,2.924195e-10,5.542808e-09,5.542808e-11
2.532259e+01,8.955783e-10,1.575957e-08,1.575957e-10,2.931284e-10,5.597070e-09,5.597070e-11
2.532473e+01,8.991962e-10,1.588433e-08,1.588433e-10,2.948543e-10,5.655071e-09,5.655071e-11
2.532686e+01,9.018514e-10,1.601300e-08,1.601300e-10,2.961013e-10,5.701281e-09,5.701281e-11
2.532900e+01,9.019262e-10,1.612656e-08,1.612656e-10,2.954616e-10,5.731338e-09,5.731338e-11
2.533114e+01,8.992683e-10,1.621603e-08,1.621603e-10,2.933497e-10,5.754068e-09,5.754068e-11
2.533327e+01,8.955348e-10,1.629021e-08,1.629021e-10,2.915996e-10,5.777751e-09,5.777751e-11
2.533541e+01,8.922055e-10,1.636073e-08,1.636073e-10,2.909233e-10,5.794121e-09,5.794121e-11
2.533755e+01,8.892563e-10,1.643493e-08,1.643493e-10,2.899649e-10,5.797084e-09,5.797084e-11
2.533968e+01,8.864038e-10,1.652280e-08,1.652280e-10,2.876802e-10,5.790384e-09,5.790384e-11
2.534182e+01,8.842427e-10,1.661922e-08,1.661922e-10,2.852833e-10,5.790799e-09,5.790799e-11
2.534396e+01,8.830460e-10,1.668326e-08,1.668326e-10,2.845193e-10,5.789495e-09,5.789495e-11
2.534609e+01,8.811092e-10,1.667309e-08,1.667309e-10,2.844878e-10,5.761071e-09,5.761071e-11
2.534823e+01,8.759211e-10,1.659651e-08,1.659651e-10,2.822044e-10,5.698760e-09,5.698760e-11
2.535037e+01,8.682327e-10,1.649759e-08,1.649759e-10,2.774373e-10,5.618432e-09,5.618432e-11
2.535250e+01,8.626396e-10,1.641536e-08,1.641536e-10,2.742329e-10,5.560325e-09,5.560325e-11
2.535464e+01,8.616426e-10,1.634743e-08,1.634743e-10,2.751588e-10,5.518925e-09,5.518925e-11
2.535678e+01,8.613642e-10,1.625570e-08,1.625570e-10,2.767582e-10,5.470321e-09,5.470321e-11
2.535891e+01,8.565415e-10,1.609870e-08,1.609870e-10,2.743857e-10,5.376235e-09,5.376235e-11
2.536105e+01,8.480059e-10,1.588943e-08,1.588943e-10,2.695282e-10,5.265844e-09,5.265844e-11
2.536319e+01,8.412621e-10,1.568366e-08,1.568366e-10,2.675911e-10,5.184225e-09,5.184225e-11
2.536532e+01,8.390556e-10,1.552101e-08,1.552101e-10,2.695095e-10,5.132476e-09,5.132476e-11
2.536746e+01,8.391874e-10,1.540559e-08,1.540559e-10,2.708027e-10,5.083162e-09,5.083162e-11
2.536960e+01,8.395176e-10,1.533402e-08,1.533402e-10,2.692699e-10,5.016281e-09,5.016281e-11
2.537173e+01,8.409211e-10,1.530092e-08,1.530092e-10,2.684200e-10,4.981019e-09,4.981019e-11
2.537387e+01,8.435482e-10,1.527485e-08,1.527485e-10,2.710429e-10,4.973742e-09,4.973742e-11
2.537601e+01,8.443010e-10,1.523983e-08,1.523983e-10,2.738884e-10,4.978007e-09,4.978007e-11
2.537815e+01,8.416085e-10,1.521072e-08,1.521072e-10,2.728919e-10,4.951394e-09,4.951394e-11
2.538028e+01,8.396342e-10,1.523402e-08,1.523402e-10,2.704108e-10,4.925601e-09,4.925601e-11
2.538242e+01,8.429290e-10,1.534197e-08,1.534197e-10,2.717848e-10,4.947454e-09,4.947454e-11
2.538456e+01,8.491917e-10,1.552046e-08,1.552046e-10,2.766413e-10,5.018635e-09,5.018635e-11
2.538669e+01,8.521580e-10,1.569968e-08,1.569968e-10,2.793672e-10,5.086772e-09,5.086772e-11
2.538883e+01,8.503724e-10,1.582132e-08,1.582132e-10,2.778335e-10,5.103698e-09,5.103698e-11
2.539097e+01,8.486630e-10,1.590641e-08,1.590641e-10,2.762412e-10,5.108903e-09,5.108903e-11
2.539310e+01,8.509613e-10,1.601301e-08,1.601301e-10,2.781737e-10,5.141434e-09,5.141434e-11
2.539524e+01,8.559132e-10,1.616453e-08,1.616453e-10,2.816910e-10,5.209259e-09,5.209259e-11
2.539738e+01,8.608048e-10,1.633165e-08,1.633165e-10,2.835859e-10,5.268930e-09,5.268930e-11
2.539951e+01,8.660744e-10,1.648002e-08,1.648002e-10,2.845327e-10,5.307152e-09,5.307152e-11
2.540165e+01,8.727594e-10,1.658330e-08,1.658330e-10,2.867945e-10,5.331837e-09,5.331837e-11
2.540379e+01,8.784241e-10,1.663804e-08,1.663804e-10,2.895860e-10,5.358657e-09,5.358657e-11
2.540592e+01,8.800636e-10,1.665406e-08,1.665406e-10,2.904294e-10,5.381454e-09,5.381454e-11
2.540806e+01,8.791859e-10,1.664422e-08,1.664422e-10,2.895377e-10,5.386447e-09,5.386447e-11
2.541020e+01,8.800768e-10,1.662056e-08,1.662056e-10,2.893752e-10,5.374427e-09,5.374427e-11
2.541233e+01,8.839186e-10,1.660055e-08,1.660055e-10,2.906847e-10,5.368082e-09,5.368082e-11
2.541447e+01,8.877140e-10,1.658467e-08,1.658467e-10,2.918479e-10,5.380393e-09,5.380393e-11
2.541661e+01,8.883905e-10,1.653873e-08,1.653873e-10,2.917237e-10,5.393864e-09,5.393864e-11
2.541874e+01,8.858540e-10,1.643399e-08,1.643399e-10,2.908519e-10,5.386193e-09,5.386193e-11
2.542088e+01,8.823045e-10,1.628677e-08,1.628677e-10,2.899855e-10,5.360854e-09,5.360854e-11
2.542302e+01,8.796587e-10,1.614637e-08,1.614637e-10,2.892404e-10,5.348591e-09,5.348591e-11
2.542515e+01,8.783046e-10,1.604035e-08,1.604035e-10,2.889152e-10,5.366899e-09,5.366899e-11
2.542729e+01,8.775226e-10,1.595509e-08,1.595509e-10,2.894405e-10,5.403660e-09,5.403660e-11
2.542943e+01,8.758447e-10,1.585232e-08,1.585232e-10,2.900649e-10,5.425716e-09,5.425716e-11
2.543156e+01,8.717153e-10,1.571087e-08,1.571087e-10,2.892459e-10,5.422027e-09,5.422027e-11
2.543370e+01,8.651303e-10,1.554555e-08,1.554555e-10,2.868790e-10,5.408421e-09,5.408421e-11
2.543584e+01,8.579914e-10,1.537905e-08,1.537905e-10,2.845156e-10,5.398433e-09,5.398433e-11
2.543797e+01,8.518358e-10,1.521291e-08,1.521291e-10,2.828942e-10,5.377501e-09,5.377501e-11
2.544011e+01,8.465790e-10,1.503561e-08,1.503561e-10,2.811198e-10,5.324669e-09,5.324669e-11
2.544225e+01,8.416991e-10,1.485250e-08,1.485250e-10,2.786272e-10,5.248529e-09,5.248529e-11
2.544438e+01,8.368375e-10,1.467965e-08,1.467965e-10,2.760439e-10,5.176530e-09,5.176530e-11
2.544652e+01,8.315193e-10,1.451527e-08,1.451527e-10,2.738603e-10,5.118487e-09,5.118487e-11
2.544866e+01,8.256950e-10,1.434275e-08,1.434275e-10,2.717567e-10,5.057287e-09,5.057287e-11
2.545079e+01,8.201692e-10,1.415815e-08,1.415815e-10,2.695019e-10,4.978831e-09,4.978831e-11
2.545293e+01,8.156013e-10,1.398735e-08,1.398735e-10,2.674425e-10,4.901789e-09,4.901789e-11
2.545507e+01,8.119285e-10,1.386005e-08,1.386005e-10,2.659724e-10,4.853562e-09,4.853562e-11
2.545720e+01,8.091805e-10,1.377674e-08,1.377674e-10,2.653188e-10,4.837672e-09,4.837672e-11
2.545934e+01,8.077323e-10,1.370969e-08,1.370969e-10,2.656687e-10,4.830512e-09,4.830512e-11
2.546148e+01,8.072570e-10,1.363606e-08,1.363606e-10,2.666382e-10,4.814122e-09,4.814122e-11
2.546362e+01,8.061532e-10,1.356728e-08,1.356728e-10,2.669259e-10,4.801957e-09,4.801957e-11
2.546575e+01,8.033294e-10,1.352221e-08,1.352221e-10,2.658402e-10,4.808021e-09,4.808021e-11
2.546789e+01,8.002663e-10,1.350460e-08,1.350460e-10,2.649379e-10,4.840587e-09,4.840587e-11
2.547003e+01,7.991554e-10,1.349464e-08,1.349464e-10,2.659797e-10,4.877397e-09,4.877397e-11
2.547216e+01,7.990008e-10,1.348120e-08,1.348120e-10,2.674380e-10,4.910199e-09,4.910199e-11
2.547430e+01,7.968240e-10,1.347132e-08,1.347132e-10,2.663550e-10,4.934562e-09,4.934562e-11
2.547644e+01,7.931452e-10,1.347877e-08,1.347877e-10,2.637650e-10,4.970028e-09,4.970028e-11
2.547857e+01,7.918873e-10,1.350517e-08,1.350517e-10,2.639058e-10,5.028316e-09,5.028316e-11
2.548071e+01,7.938795e-10,1.353260e-08,1.353260e-10,2.671881e-10,5.090164e-09,5.090164e-11
2.548285e+01,7.950099e-10,1.355311e-08,1.355311e-10,2.687722e-10,5.140861e-09,5.140861e-11
2.548498e+01,7.927817e-10,1.356714e-08,1.356714e-10,2.663393e-10,5.160912e-09,5.160912e-11
2.548712e+01,7.905150e-10,1.359142e-08,1.359142e-10,2.644241e-10,5.199061e-09,5.199061e-11
2.548926e+01,7.917624e-10,1.361748e-08,1.361748e-10,2.670753e-10,5.245310e-09,5.245310e-11
2.549139e+01,7.940547e-10,1.363478e-08,1.363478e-10,2.705813e-10,5.296205e-09,5.296205e-11
2.549353e+01,7.929875e-10,1.362917e-08,1.362917e-10,2.692275e-10,5.294528e-09,5.294528e-11
2.549567e+01,7.903402e-10,1.361751e-08,1.361751e-10,2.653056e-10,5.275772e-09,5.275772e-11
2.549780e+01,7.916997e-10,1.361206e-08,1.361206e-10,2.659707e-10,5.274795e-09,5.274795e-11
2.549994e+01,7.968920e-10,1.360695e-08,1.360695e-10,2.712010e-10,5.288438e-09,5.288438e-11
2.550208e+01,8.001170e-10,1.358475e-08,1.358475e-10,2.735253e-10,5.278475e-09,5.278475e-11
2.550421e+01,7.999423e-10,1.354128e-08,1.354128e-10,2.706604e-10,5.210304e-09,5.210304e-11
2.550635e+01,8.015738e-10,1.350630e-08,1.350630e-10,2.693981e-10,5.164430e-09,5.164430e-11
2.550849e+01,8.072660e-10,1.348253e-08,1.348253e-10,2.738923e-10,5.135500e-09,5.135500e-11
2.551062e+01,8.119549e-10,1.346727e-08,1.346727e-10,2.784340e-10,5.125269e-09,5.125269e-11
2.551276e+01,8.120032e-10,1.344072e-08,1.344072e-10,2.770745e-10,5.057236e-09,5.057236e-11
2.551490e+01,8.121362e-10,1.342321e-08,1.342321e-10,2.737196e-10,4.989955e-09,4.989955e-11
2.551703e+01,8.182699e-10,1.342476e-08,1.342476e-10,2.754545e-10,4.945227e-09,4.945227e-11
2.551917e+01,8.276354e-10,1.345356e-08,1.345356e-10,2.805828e-10,4.930975e-09,4.930975e-11
2.552131e+01,8.332875e-10,1.349229e-08,1.349229e-10,2.818702e-10,4.897296e-09,4.897296e-11
2.552344e+01,8.359115e-10,1.354851e-08,1.354851e-10,2.790489e-10,4.842086e-09,4.842086e-11
2.552558e+01,8.427336e-10,1.364281e-08,1.364281e-10,2.790807e-10,4.820139e-09,4.820139e-11
2.552772e+01,8.551206e-10,1.377485e-08,1.377485e-10,2.840687e-10,4.825447e-09,4.825447e-11
2.552985e+01,8.659424e-10,1.393239e-08,1.393239e-10,2.878281e-10,4.845806e-09,4.845806e-11
2.553199e+01,8.706888e-10,1.409667e-08,1.409667e-10,2.866035e-10,4.839812e-09,4.839812e-11
2.553413e+01,8.731640e-10,1.428102e-08,1.428102e-10,2.847666e-10,4.854577e-09,4.854577e-11
2.553626e+01,8.778887e-10,1.449124e-08,1.449124e-10,2.865659e-10,4.888998e-09,4.888998e-11
2.553840e+01,8.835434e-10,1.473449e-08,1.473449e-10,2.894280e-10,4.946836e-09,4.946836e-11
2.554054e+01,8.872572e-10,1.499691e-08,1.499691e-10,2.895987e-10,4.995120e-09,4.995120e-11
2.554267e+01,8.901840e-10,1.527986e-08,1.527986e-10,2.888739e-10,5.053908e-09,5.053908e-11
2.554481e+01,8.942944e-10,1.556972e-08,1.556972e-10,2.905813e-10,5.123217e-09,5.123217e-11
2.554695e+01,8.974561e-10,1.585520e-08,1.585520e-10,2.930237e-10,5.198463e-09,5.198463e-11
2.554908e+01,8.969205e-10,1.612941e-08,1.612941e-10,2.927020e-10,5.258576e-09,5.258576e-11
2.555122e+01,8.953915e-10,1.639840e-08,1.639840e-10,2.909560e-10,5.310328e-09,5.310328e-11
2.555336e+01,8.978282e-10,1.666808e-08,1.666808e-10,2.915502e-10,5.362149e-09,5.362149e-11
2.555550e+01,9.035936e-10,1.693397e-08,1.693397e-10,2.938570e-10,5.411218e-09,5.411218e-11
2.555763e+01,9.076619e-10,1.718337e-08,1.718337e-10,2.940523e-10,5.444052e-09,5.444052e-11
2.555977e+01,9.084089e-10,1.739735e-08,1.739735e-10,2.918524e-10,5.455460e-09,5.455460e-11
2.556191e+01,9.086632e-10,1.756459e-08,1.756459e-10,2.905124e-10,5.454107e-09,5.454107e-11
2.556404e+01,9.097598e-10,1.768367e-08,1.768367e-10,2.904827e-10,5.442072e-09,5.442072e-11
2.556618e+01,9.099216e-10,1.776635e-08,1.776635e-10,2.888971e-10,5.419411e-09,5.419411e-11
2.556832e+01,9.087409e-10,1.782200e-08,1.782200e-10,2.855779e-10,5.386022e-09,5.386022e-11
2.557045e+01,9.085650e-10,1.785723e-08,1.785723e-10,2.839056e-10,5.358189e-09,5.358189e-11
2.557259e+01,9.102563e-10,1.786688e-08,1.786688e-10,2.848707e-10,5.333624e-09,5.333624e-11
2.557473e+01,9.111422e-10,1.783351e-08,1.783351e-10,2.851215e-10,5.302837e-09,5.302837e-11
2.557686e+01,9.091434e-10,1.774205e-08,1.774205e-10,2.827250e-10,5.250235e-09,5.250235e-11
2.557900e+01,9.059676e-10,1.760141e-08,1.760141e-10,2.803942e-10,5.190306e-09,5.190306e-11
2.558114e+01,9.041021e-10,1.743386e-08,1.743386e-10,2.804780e-10,5.130347e-09,5.130347e-11
2.558327e+01,9.036197e-10,1.725694e-08,1.725694e-10,2.812720e-10,5.074423e-09,5.074423e-11
2.558541e+01,9.038598e-10,1.707589e-08,1.707589e-10,2.809116e-10,5.015888e-09,5.015888e-11
2.558755e+01,9.048251e-10,1.688085e-08,1.688085e-10,2.806049e-10,4.959125e-09,4.959125e-11
2.558968e+01,9.048433e-10,1.664542e-08,1.664542e-10,2.814000e-10,4.896420e-09,4.896420e-11
2.559182e+01,9.006380e-10,1.635402e-08,1.635402e-10,2.813720e-10,4.821422e-09,4.821422e-11
2.559396e+01,8.921021e-10,1.602696e-08,1.602696e-10,2.789960e-10,4.734720e-09,4.734720e-11
2.559609e+01,8.837243e-10,1.570620e-08,1.570620e-10,2.764717e-10,4.654820e-09,4.654820e-11
2.559823e+01,8.788846e-10,1.542319e-08,1.542319e-10,2.762449e-10,4.594118e-09,4.594118e-11
2.560037e+01,8.755363e-10,1.518956e-08,1.518956e-10,2.768433e-10,4.553941e-09,4.553941e-11
2.560250e+01,8.700294e-10,1.498680e-08,1.498680e-10,2.758056e-10,4.520019e-09,4.520019e-11
2.560464e+01,8.626138e-10,1.478079e-08,1.478079e-10,2.740906e-10,4.485681e-09,4.485681e-11
2.560678e+01,8.559201e-10,1.455886e-08,1.455886e-10,2.737634e-10,4.448649e-09,4.448649e-11
2.560891e+01,8.502541e-10,1.435496e-08,1.435496e-10,2.736400e-10,4.419211e-09,4.419211e-11
2.561105e+01,8.450417e-10,1.420759e-08,1.420759e-10,2.718908e-10,4.393611e-09,4.393611e-11
2.561319e+01,8.429126e-10,1.414104e-08,1.414104e-10,2.709553e-10,4.393738e-09,4.393738e-11
2.561532e+01,8.464347e-10,1.414525e-08,1.414525e-10,2.739814e-10,4.419884e-09,4.419884e-11
2.561746e+01,8.520765e-10,1.417702e-08,1.417702e-10,2.782265e-10,4.463114e-09,4.463114e-11
2.561960e+01,8.536389e-10,1.417367e-08,1.417367e-10,2.785893e-10,4.471333e-09,4.471333e-11
2.562173e+01,8.510905e-10,1.412723e-08,1.412723e-10,2.761499e-10,4.459609e-09,4.459609e-11
2.562387e+01,8.498689e-10,1.408310e-08,1.408310e-10,2.764332e-10,4.456777e-09,4.456777e-11
2.562601e+01,8.519586e-10,1.408279e-08,1.408279e-10,2.799597e-10,4.483515e-09,4.483515e-11
2.562814e+01,8.536950e-10,1.413285e-08,1.413285e-10,2.814274e-10,4.509476e-09,4.509476e-11
2.563028e+01,8.529180e-10,1.420797e-08,1.420797e-10,2.792097e-10,4.510707e-09,4.510707e-11
2.563242e+01,8.523629e-10,1.426854e-08,1.426854e-10,2.784286e-10,4.524907e-09,4.524907e-11
2.563455e+01,8.533738e-10,1.426798e-08,1.426798e-10,2.815226e-10,4.531603e-09,4.531603e-11
2.563669e+01,8.520401e-10,1.421582e-08,1.421582e-10,2.831326e-10,4.533027e-09,4.533027e-11
2.563883e+01,8.461447e-10,1.414725e-08,1.414725e-10,2.793221e-10,4.472752e-09,4.472752e-11
2.564097e+01,8.409675e-10,1.411340e-08,1.411340e-10,2.753049e-10,4.436936e-09,4.436936e-11
2.564310e+01,8.416950e-10,1.412018e-08,1.412018e-10,2.771575e-10,4.430112e-09,4.430112e-11
2.564524e+01,8.441392e-10,1.414423e-08,1.414423e-10,2.810842e-10,4.457817e-09,4.457817e-11
2.564738e+01,8.406371e-10,1.412450e-08,1.412450e-10,2.795046e-10,4.430163e-09,4.430163e-11
2.564951e+01,8.316064e-10,1.404003e-08,1.404003e-10,2.737148e-10,4.367021e-09,4.367021e-11
2.565165e+01,8.235538e-10,1.392077e-08,1.392077e-10,2.710528e-10,4.320336e-09,4.320336e-11
2.565379e+01,8.184929e-10,1.381430e-08,1.381430e-10,2.723649e-10,4.300427e-09,4.300427e-11
2.565592e+01,8.132623e-10,1.374225e-08,1.374225e-10,2.717859e-10,4.285310e-09,4.285310e-11
2.565806e+01,8.075973e-10,1.370280e-08,1.370280e-10,2.679150e-10,4.244282e-09,4.244282e-11
2.566020e+01,8.048463e-10,1.368369e-08,1.368369e-10,2.661055e-10,4.237534e-09,4.237534e-11
2.566233e+01,8.045364e-10,1.364501e-08,1.364501e-10,2.683558e-10,4.238718e-09,4.238718e-11
2.566447e+01,8.013872e-10,1.357031e-08,1.357031e-10,2.693045e-10,4.239803e-09,4.239803e-11
2.566661e+01,7.939707e-10,1.347360e-08,1.347360e-10,2.656825e-10,4.202056e-09,4.202056e-11
2.566874e+01,7.880109e-10,1.340069e-08,1.340069e-10,2.621782e-10,4.183901e-09,4.183901e-11
2.567088e+01,7.874747e-10,1.336384e-08,1.336384e-10,2.632024e-10,4.189257e-09,4.189257e-11
2.567302e+01,7.883173e-10,1.335370e-08,1.335370e-10,2.654664e-10,4.214164e-09,4.214164e-11
2.567515e+01,7.857534e-10,1.333425e-08,1.333425e-10,2.643571e-10,4.216422e-09,4.216422e-11
2.567729e+01,7.821874e-10,1.329187e-08,1.329187e-10,2.621117e-10,4.212477e-09,4.212477e-11
2.567943e+01,7.819513e-10,1.322763e-08,1.322763e-10,2.630225e-10,4.210674e-09,4.210674e-11
2.568156e+01,7.832377e-10,1.316234e-08,1.316234e-10,2.651888e-10,4.215901e-09,4.215901e-11
2.568370e+01,7.820747e-10,1.310423e-08,1.310423e-10,2.644600e-10,4.204816e-09,4.204816e-11
2.568584e+01,7.802613e-10,1.306325e-08,1.306325e-10,2.626080e-10,4.193915e-09,4.193915e-11
2.568797e+01,7.821238e-10,1.303697e-08,1.303697e-10,2.639594e-10,4.192733e-09,4.192733e-11
2.569011e+01,7.861542e-10,1.301474e-08,1.301474e-10,2.669841e-10,4.201132e-09,4.201132e-11
2.569225e+01,7.873723e-10,1.298305e-08,1.298305e-10,2.667954e-10,4.186384e-09,4.186384e-11
2.569438e+01,7.864987e-10,1.294915e-08,1.294915e-10,2.642935e-10,4.160020e-09,4.160020e-11
2.569652e+01,7.891654e-10,1.293395e-08,1.293395e-10,2.649736e-10,4.144762e-09,4.144762e-11
2.569866e+01,7.960773e-10,1.294917e-08,1.294917e-10,2.689040e-10,4.153548e-09,4.153548e-11
2.570079e+01,8.015429e-10,1.299097e-08,1.299097e-10,2.703022e-10,4.154569e-09,4.154569e-11
2.570293e+01,8.028676e-10,1.304827e-08,1.304827e-10,2.679501e-10,4.137447e-09,4.137447e-11
2.570507e+01,8.038675e-10,1.312674e-08,1.312674e-10,2.674313e-10,4.142930e-09,4.142930e-11
2.570720e+01,8.069743e-10,1.323137e-08,1.323137e-10,2.709271e-10,4.175226e-09,4.175226e-11
2.570934e+01,8.089489e-10,1.337237e-08,1.337237e-10,2.730832e-10,4.225219e-09,4.225219e-11
2.571148e+01,8.078351e-10,1.354566e-08,1.354566e-10,2.707793e-10,4.242066e-09,4.242066e-11
2.571361e+01,8.076584e-10,1.376167e-08,1.376167e-10,2.692484e-10,4.294400e-09,4.294400e-11
2.571575e+01,8.117618e-10,1.401229e-08,1.401229e-10,2.729916e-10,4.372801e-09,4.372801e-11
2.571789e+01,8.168375e-10,1.429633e-08,1.429633e-10,2.776322e-10,4.489047e-09,4.489047e-11
2.572002e+01,8.190427e-10,1.459781e-08,1.459781e-10,2.776569e-10,4.565816e-09,4.565816e-11
2.572216e+01,8.214539e-10,1.492140e-08,1.492140e-10,2.762309e-10,4.659034e-09,4.659034e-11
2.572430e+01,8.287197e-10,1.525688e-08,1.525688e-10,2.794460e-10,4.773917e-09,4.773917e-11
2.572643e+01,8.380233e-10,1.559608e-08,1.559608e-10,2.852065e-10,4.913280e-09,4.913280e-11
2.572857e+01,8.428567e-10,1.591974e-08,1.591974e-10,2.865683e-10,5.023628e-09,5.023628e-11
2.573071e+01,8.436258e-10,1.622393e-08,1.622393e-10,2.838777e-10,5.111298e-09,5.111298e-11
2.573285e+01,8.463000e-10,1.650709e-08,1.650709e-10,2.839807e-10,5.220000e-09,5.220000e-11
2.573498e+01,8.515912e-10,1.675715e-08,1.675715e-10,2.879273e-10,5.329441e-09,5.329441e-11
2.573712e+01,8.542578e-10,1.696531e-08,1.696531e-10,2.894367e-10,5.423603e-09,5.423603e-11
2.573926e+01,8.532160e-10,1.712889e-08,1.712889e-10,2.864676e-10,5.476908e-09,5.476908e-11
2.574139e+01,8.537209e-10,1.726138e-08,1.726138e-10,2.848639e-10,5.548093e-09,5.548093e-11
2.574353e+01,8.573820e-10,1.734955e-08,1.734955e-10,2.876235e-10,5.619472e-09,5.619472e-11
2.574567e+01,8.584076e-10,1.738216e-08,1.738216e-10,2.892969e-10,5.679531e-09,5.679531e-11
2.574780e+01,8.535530e-10,1.734910e-08,1.734910e-10,2.858287e-10,5.690109e-09,5.690109e-11
2.574994e+01,8.482524e-10,1.727513e-08,1.727513e-10,2.819858e-10,5.701041e-09,5.701041e-11
2.575208e+01,8.477923e-10,1.716476e-08,1.716476e-10,2.829837e-10,5.717929e-09,5.717929e-11
2.575421e+01,8.483330e-10,1.701098e-08,1.701098e-10,2.853886e-10,5.730826e-09,5.730826e-11
2.575635e+01,8.433492e-10,1.679462e-08,1.679462e-10,2.833081e-10,5.695022e-09,5.695022e-11
2.575849e+01,8.341817e-10,1.653028e-08,1.653028e-10,2.785660e-10,5.633101e-09,5.633101e-11
2.576062e+01,8.268065e-10,1.624227e-08,1.624227e-10,2.769923e-10,5.574314e-09,5.574314e-11
2.576276e+01,8.212398e-10,1.593907e-08,1.593907e-10,2.778028e-10,5.522590e-09,5.522590e-11
2.576490e+01,8.119716e-10,1.560866e-08,1.560866e-10,2.750848e-10,5.440460e-09,5.440460e-11
2.576703e+01,7.982211e-10,1.524618e-08,1.524618e-10,2.685081e-10,5.316955e-09,5.316955e-11
2.576917e+01,7.855710e-10,1.487899e-08,1.487899e-10,2.638662e-10,5.189638e-09,5.189638e-11
2.577131e+01,7.765356e-10,1.452690e-08,1.452690e-10,2.628129e-10,5.076074e-09,5.076074e-11
2.577344e+01,7.669505e-10,1.419124e-08,1.419124e-10,2.602297e-10,4.964441e-09,4.964441e-11
2.577558e+01,7.541079e-10,1.385000e-08,1.385000e-10,2.535947e-10,4.814062e-09,4.814062e-11
2.577772e+01,7.418401e-10,1.351097e-08,1.351097e-10,2.474688e-10,4.654123e-09,4.654123e-11
2.577985e+01,7.337623e-10,1.319556e-08,1.319556e-10,2.453198e-10,4.503241e-09,4.503241e-11
2.578199e+01,7.272869e-10,1.292370e-08,1.292370e-10,2.437140e-10,4.384100e-09,4.384100e-11
2.578413e+01,7.184174e-10,1.267997e-08,1.267997e-10,2.387634e-10,4.253288e-09,4.253288e-11
2.578626e+01,7.083327e-10,1.244699e-08,1.244699e-10,2.327806e-10,4.115633e-09,4.115633e-11
2.578840e+01,7.009443e-10,1.222699e-08,1.222699e-10,2.298985e-10,3.975030e-09,3.975030e-11
2.579054e+01,6.966911e-10,1.204863e-08,1.204863e-10,2.291398e-10,3.870171e-09,3.870171e-11
2.579267e+01,6.929024e-10,1.192366e-08,1.192366e-10,2.268622e-10,3.792437e-09,3.792437e-11
2.579481e+01,6.885978e-10,1.182803e-08,1.182803e-10,2.232888e-10,3.727529e-09,3.727529e-11
2.579695e+01,6.852554e-10,1.173078e-08,1.173078e-10,2.215175e-10,3.655498e-09,3.655498e-11
2.579908e+01,6.833302e-10,1.163716e-08,1.163716e-10,2.217458e-10,3.583580e-09,3.583580e-11
2.580122e+01,6.815822e-10,1.157910e-08,1.157910e-10,2.213629e-10,3.546964e-09,3.546964e-11
2.580336e+01,6.796651e-10,1.156398e-08,1.156398e-10,2.198556e-10,3.549880e-09,3.549880e-11
2.580549e+01,6.781677e-10,1.155943e-08,1.155943e-10,2.191637e-10,3.567699e-09,3.567699e-11
2.580763e+01,6.764752e-10,1.153165e-08,1.153165e-10,2.195850e-10,3.554326e-09,3.554326e-11
2.580977e+01,6.738262e-10,1.149721e-08,1.149721e-10,2.196097e-10,3.528471e-09,3.528471e-11
2.581190e+01,6.719278e-10,1.149976e-08,1.149976e-10,2.195371e-10,3.537036e-09,3.537036e-11
2.581404e+01,6.729236e-10,1.154762e-08,1.154762e-10,2.210691e-10,3.593629e-09,3.593629e-11
2.581618e+01,6.757084e-10,1.160076e-08,1.160076e-10,2.237385e-10,3.646909e-09,3.646909e-11
2.581832e+01,6.776049e-10,1.162698e-08,1.162698e-10,2.254876e-10,3.655560e-09,3.655560e-11
2.582045e+01,6.789192e-10,1.165051e-08,1.165051e-10,2.265647e-10,3.654601e-09,3.654601e-11
2.582259e+01,6.822878e-10,1.171584e-08,1.171584e-10,2.291696e-10,3.706605e-09,3.706605e-11
2.582473e+01,6.878496e-10,1.182474e-08,1.182474e-10,2.330589e-10,3.813776e-09,3.813776e-11
2.582686e+01,6.930494e-10,1.193262e-08,1.193262e-10,2.356871e-10,3.914777e-09,3.914777e-11
2.582900e+01,6.975894e-10,1.201442e-08,1.201442e-10,2.372184e-10,3.984262e-09,3.984262e-11
2.583114e+01,7.046462e-10,1.210030e-08,1.210030e-10,2.408442e-10,4.064245e-09,4.064245e-11
2.583327e+01,7.153005e-10,1.223050e-08,1.223050e-10,2.470597e-10,4.204428e-09,4.204428e-11
2.583541e+01,7.259894e-10,1.239538e-08,1.239538e-10,2.522860e-10,4.375554e-09,4.375554e-11
2.583755e+01,7.341217e-10,1.254867e-08,1.254867e-10,2.550020e-10,4.526771e-09,4.526771e-11
2.583968e+01,7.417985e-10,1.267075e-08,1.267075e-10,2.584246e-10,4.648032e-09,4.648032e-11
2.584182e+01,7.510388e-10,1.278576e-08,1.278576e-10,2.642464e-10,4.770694e-09,4.770694e-11
2.584396e+01,7.595797e-10,1.292133e-08,1.292133e-10,2.688806e-10,4.914593e-09,4.914593e-11
2.584609e+01,7.652439e-10,1.305883e-08,1.305883e-10,2.697548e-10,5.040223e-09,5.040223e-11
2.584823e+01,7.701751e-10,1.317109e-08,1.317109e-10,2.702018e-10,5.150394e-09,5.150394e-11
2.585037e+01,7.769025e-10,1.324495e-08,1.324495e-10,2.737967e-10,5.229147e-09,5.229147e-11
2.585250e+01,7.836992e-10,1.330959e-08,1.330959e-10,2.779010e-10,5.314208e-09,5.314208e-11
2.585464e+01,7.878777e-10,1.337698e-08,1.337698e-10,2.781359e-10,5.374644e-09,5.374644e-11
2.585678e+01,7.916220e-10,1.344441e-08,1.344441e-10,2.766807e-10,5.431522e-09,5.431522e-11
2.585891e+01,7.990736e-10,1.348841e-08,1.348841e-10,2.791091e-10,5.475130e-09,5.475130e-11
2.586105e+01,8.086162e-10,1.350575e-08,1.350575e-10,2.844374e-10,5.504434e-09,5.504434e-11
2.586319e+01,8.142298e-10,1.350864e-08,1.350864e-10,2.861780e-10,5.506751e-09,5.506751e-11
2.586532e+01,8.151242e-10,1.350962e-08,1.350962e-10,2.832107e-10,5.476297e-09,5.476297e-11
2.586746e+01,8.172953e-10,1.351472e-08,1.351472e-10,2.817031e-10,5.456701e-09,5.456701e-11
2.586960e+01,8.235565e-10,1.350867e-08,1.350867e-10,2.844064e-10,5.419500e-09,5.419500e-11
2.587173e+01,8.297771e-10,1.350151e-08,1.350151e-10,2.860944e-10,5.369232e-09,5.369232e-11
2.587387e+01,8.335627e-10,1.350478e-08,1.350478e-10,2.833186e-10,5.272427e-09,5.272427e-11
2.587601e+01,8.393755e-10,1.355149e-08,1.355149e-10,2.809477e-10,5.198799e-09,5.198799e-11
2.587814e+01,8.508766e-10,1.363431e-08,1.363431e-10,2.838369e-10,5.140340e-09,5.140340e-11
2.588028e+01,8.640129e-10,1.374390e-08,1.374390e-10,2.884295e-10,5.090646e-09,5.090646e-11
2.588242e+01,8.731352e-10,1.387121e-08,1.387121e-10,2.887573e-10,5.011540e-09,5.011540e-11
2.588455e+01,8.797900e-10,1.404603e-08,1.404603e-10,2.865665e-10,4.941490e-09,4.941490e-11
2.588669e+01,8.895560e-10,1.427930e-08,1.427930e-10,2.882776e-10,4.917192e-09,4.917192e-11
2.588883e+01,9.020721e-10,1.455607e-08,1.455607e-10,2.936942e-10,4.918380e-09,4.918380e-11
2.589096e+01,9.116817e-10,1.485668e-08,1.485668e-10,2.963954e-10,4.912551e-09,4.912551e-11
2.589310e+01,9.178150e-10,1.517841e-08,1.517841e-10,2.950786e-10,4.889457e-09,4.889457e-11
2.589524e+01,9.260467e-10,1.554065e-08,1.554065e-10,2.954436e-10,4.904909e-09,4.904909e-11
2.589737e+01,9.376509e-10,1.593189e-08,1.593189e-10,2.997335e-10,4.946703e-09,4.946703e-11
2.589951e+01,9.466958e-10,1.633445e-08,1.633445e-10,3.026435e-10,4.997864e-09,4.997864e-11
2.590165e+01,9.505847e-10,1.673088e-08,1.673088e-10,3.007588e-10,5.017799e-09,5.017799e-11
2.590378e+01,9.553131e-10,1.713810e-08,1.713810e-10,2.987233e-10,5.054480e-09,5.054480e-11
2.590592e+01,9.659087e-10,1.755008e-08,1.755008e-10,3.011881e-10,5.115670e-09,5.115670e-11
2.590806e+01,9.778047e-10,1.794550e-08,1.794550e-10,3.048014e-10,5.194847e-09,5.194847e-11
2.591020e+01,9.830484e-10,1.828639e-08,1.828639e-10,3.038060e-10,5.241802e-09,5.241802e-11
2.591233e+01,9.819669e-10,1.856524e-08,1.856524e-10,2.995182e-10,5.267730e-09,5.267730e-11
2.591447e+01,9.821052e-10,1.879467e-08,1.879467e-10,2.980676e-10,5.296553e-09,5.296553e-11
2.591661e+01,9.863432e-10,1.897520e-08,1.897520e-10,3.002500e-10,5.335666e-09,5.335666e-11
2.591874e+01,9.891541e-10,1.909056e-08,1.909056e-10,3.005568e-10,5.357810e-09,5.357810e-11
2.592088e+01,9.861622e-10,1.912086e-08,1.912086e-10,2.968688e-10,5.340966e-09,5.340966e-11
2.592302e+01,9.800462e-10,1.906862e-08,1.906862e-10,2.934977e-10,5.309069e-09,5.309069e-11
2.592515e+01,9.739586e-10,1.894131e-08,1.894131e-10,2.928715e-10,5.266393e-09,5.266393e-11
2.592729e+01,9.662733e-10,1.875517e-08,1.875517e-10,2.914660e-10,5.218652e-09,5.218652e-11
2.592943e+01,9.552744e-10,1.851301e-08,1.851301e-10,2.864792e-10,5.135748e-09,5.135748e-11
2.593156e+01,9.435837e-10,1.822533e-08,1.822533e-10,2.809111e-10,5.042472e-09,5.042472e-11
2.593370e+01,9.343117e-10,1.789681e-08,1.789681e-10,2.784891e-10,4.940895e-09,4.940895e-11
2.593584e+01,9.262268e-10,1.753197e-08,1.753197e-10,2.775198e-10,4.843994e-09,4.843994e-11
2.593797e+01,9.159309e-10,1.713020e-08,1.713020e-10,2.740063e-10,4.725604e-09,4.725604e-11
2.594011e+01,9.032835e-10,1.669674e-08,1.669674e-10,2.683034e-10,4.591066e-09,4.591066e-11
2.594225e+01,8.915088e-10,1.624474e-08,1.624474e-10,2.643505e-10,4.458460e-09,4.458460e-11
2.594438e+01,8.814141e-10,1.578242e-08,1.578242e-10,2.630369e-10,4.331577e-09,4.331577e-11
2.594652e+01,8.694518e-10,1.531458e-08,1.531458e-10,2.606069e-10,4.211716e-09,4.211716e-11
2.594866e+01,8.533837e-10,1.483538e-08,1.483538e-10,2.548642e-10,4.072662e-09,4.072662e-11
2.595079e+01,8.359772e-10,1.435240e-08,1.435240e-10,2.487531e-10,3.942270e-09,3.942270e-11
2.595293e+01,8.205553e-10,1.388280e-08,1.388280e-10,2.452909e-10,3.819942e-09,3.819942e-11
2.595507e+01,8.065606e-10,1.345565e-08,1.345565e-10,2.430366e-10,3.721403e-09,3.721403e-11
2.595720e+01,7.921511e-10,1.308825e-08,1.308825e-10,2.392596e-10,3.631436e-09,3.631436e-11
2.595934e+01,7.779358e-10,1.278119e-08,1.278119e-10,2.344163e-10,3.552081e-09,3.552081e-11
2.596148e+01,7.661117e-10,1.251921e-08,1.251921e-10,2.311677e-10,3.492130e-09,3.492130e-11
2.596361e+01,7.572834e-10,1.228783e-08,1.228783e-10,2.302548e-10,3.440137e-09,3.440137e-11
2.596575e+01,7.496653e-10,1.209754e-08,1.209754e-10,2.295515e-10,3.406405e-09,3.406405e-11
2.596789e+01,7.415775e-10,1.196394e-08,1.196394e-10,2.273913e-10,3.379896e-09,3.379896e-11
2.597002e+01,7.335979e-10,1.189411e-08,1.189411e-10,2.249243e-10,3.378106e-09,3.378106e-11
2.597216e+01,7.272417e-10,1.187427e-08,1.187427e-10,2.242079e-10,3.400453e-09,3.400453e-11
2.597430e+01,7.221826e-10,1.187351e-08,1.187351e-10,2.250208e-10,3.436386e-09,3.436386e-11
2.597643e+01,7.166577e-10,1.186462e-08,1.186462e-10,2.252019e-10,3.475278e-09,3.475278e-11
2.597857e+01,7.098780e-10,1.184731e-08,1.184731e-10,2.238386e-10,3.507249e-09,3.507249e-11
2.598071e+01,7.028206e-10,1.184823e-08,1.184823e-10,2.224173e-10,3.554791e-09,3.554791e-11
2.598284e+01,6.974560e-10,1.189655e-08,1.189655e-10,2.227288e-10,3.621861e-09,3.621861e-11
2.598498e+01,6.952936e-10,1.200759e-08,1.200759e-10,2.247291e-10,3.712167e-09,3.712167e-11
2.598712e+01,6.962120e-10,1.216363e-08,1.216363e-10,2.267795e-10,3.814385e-09,3.814385e-11
2.598925e+01,6.988707e-10,1.232180e-08,1.232180e-10,2.278733e-10,3.906126e-09,3.906126e-11
2.599139e+01,7.023594e-10,1.244829e-08,1.244829e-10,2.291103e-10,3.985107e-09,3.985107e-11
2.599353e+01,7.065196e-10,1.254733e-08,1.254733e-10,2.318247e-10,4.048354e-09,4.048354e-11
2.599567e+01,7.112840e-10,1.265786e-08,1.265786e-10,2.351822e-10,4.111723e-09,4.111723e-11
2.599780e+01,7.170839e-10,1.281078e-08,1.281078e-10,2.375632e-10,4.173297e-09,4.173297e-11
2.599994e+01,7.247484e-10,1.300587e-08,1.300587e-10,2.393643e-10,4.239102e-09,4.239102e-11
2.600208e+01,7.339571e-10,1.320997e-08,1.320997e-10,2.423992e-10,4.315049e-09,4.315049e-11
2.600421e+01,7.424722e-10,1.337770e-08,1.337770e-10,2.466541e-10,4.385172e-09,4.385172e-11
2.600635e+01,7.480557e-10,1.349529e-08,1.349529e-10,2.497747e-10,4.447639e-09,4.447639e-11
2.600849e+01,7.514056e-10,1.359438e-08,1.359438e-10,2.506837e-10,4.500283e-09,4.500283e-11
2.601062e+01,7.563616e-10,1.372468e-08,1.372468e-10,2.517793e-10,4.570340e-09,4.570340e-11
2.601276e+01,7.659449e-10,1.390849e-08,1.390849e-10,2.558495e-10,4.662947e-09,4.662947e-11
2.601490e+01,7.784367e-10,1.413465e-08,1.413465e-10,2.618668e-10,4.773036e-09,4.773036e-11
2.601703e+01,7.896163e-10,1.436180e-08,1.436180e-10,2.662640e-10,4.878687e-09,4.878687e-11
2.601917e+01,7.982922e-10,1.454936e-08,1.454936e-10,2.682381e-10,4.962310e-09,4.962310e-11
2.602131e+01,8.066714e-10,1.469367e-08,1.469367e-10,2.706542e-10,5.037192e-09,5.037192e-11
2.602344e+01,8.159358e-10,1.482976e-08,1.482976e-10,2.750056e-10,5.109902e-09,5.109902e-11
2.602558e+01,8.249511e-10,1.499969e-08,1.499969e-10,2.790515e-10,5.189285e-09,5.189285e-11
2.602772e+01,8.335738e-10,1.521971e-08,1.521971e-10,2.809839e-10,5.265931e-09,5.265931e-11
2.602985e+01,8.437716e-10,1.548152e-08,1.548152e-10,2.826547e-10,5.351879e-09,5.351879e-11
2.603199e+01,8.558460e-10,1.574543e-08,1.574543e-10,2.862717e-10,5.441285e-09,5.441285e-11
2.603413e+01,8.658451e-10,1.597443e-08,1.597443e-10,2.901418e-10,5.521680e-09,5.521680e-11
2.603626e+01,8.699189e-10,1.616653e-08,1.616653e-10,2.909612e-10,5.584122e-09,5.584122e-11
2.603840e+01,8.704835e-10,1.636405e-08,1.636405e-10,2.893863e-10,5.639704e-09,5.639704e-11
2.604054e+01,8.740735e-10,1.660861e-08,1.660861e-10,2.895613e-10,5.709960e-09,5.709960e-11
2.604267e+01,8.828588e-10,1.691027e-08,1.691027e-10,2.929878e-10,5.796863e-09,5.796863e-11
2.604481e+01,8.924318e-10,1.724657e-08,1.724657e-10,2.965452e-10,5.891963e-09,5.891963e-11
2.604695e+01,8.987904e-10,1.757142e-08,1.757142e-10,2.976485e-10,5.973426e-09,5.973426e-11
2.604908e+01,9.031686e-10,1.785623e-08,1.785623e-10,2.980101e-10,6.042951e-09,6.042951e-11
2.605122e+01,9.083261e-10,1.810840e-08,1.810840e-10,3.000505e-10,6.105610e-09,6.105610e-11
2.605336e+01,9.138903e-10,1.836298e-08,1.836298e-10,3.025275e-10,6.170678e-09,6.170678e-11
2.605549e+01,9.181851e-10,1.863711e-08,1.863711e-10,3.031017e-10,6.232094e-09,6.232094e-11
2.605763e+01,9.219775e-10,1.893007e-08,1.893007e-10,3.028318e-10,6.296378e-09,6.296378e-11
2.605977e+01,9.265623e-10,1.921626e-08,1.921626e-10,3.041764e-10,6.362430e-09,6.362430e-11
2.606190e+01,9.295500e-10,1.945810e-08,1.945810e-10,3.060918e-10,6.419362e-09,6.419362e-11
2.606404e+01,9.271615e-10,1.963178e-08,1.963178e-10,3.053161e-10,6.449842e-09,6.449842e-11
2.606618e+01,9.208697e-10,1.975121e-08,1.975121e-10,3.021906e-10,6.458391e-09,6.458391e-11
2.606831e+01,9.168607e-10,1.985233e-08,1.985233e-10,3.007888e-10,6.464006e-09,6.464006e-11
2.607045e+01,9.178456e-10,1.995273e-08,1.995273e-10,3.025789e-10,6.472161e-09,6.472161e-11
2.607259e+01,9.199886e-10,2.004891e-08,2.004891e-10,3.042776e-10,6.477960e-09,6.477960e-11
2.607472e+01,9.192608e-10,2.011747e-08,2.011747e-10,3.033992e-10,6.464848e-09,6.464848e-11
2.607686e+01,9.165131e-10,2.013435e-08,2.013435e-10,3.019482e-10,6.439471e-09,6.439471e-11
2.607900e+01,9.139021e-10,2.008457e-08,2.008457e-10,3.021167e-10,6.396513e-09,6.396513e-11
2.608113e+01,9.101757e-10,1.998615e-08,1.998615e-10,3.017702e-10,6.344486e-09,6.344486e-11
2.608327e+01,9.033094e-10,1.986347e-08,1.986347e-10,2.981167e-10,6.272400e-09,6.272400e-11
2.608541e+01,8.955375e-10,1.973301e-08,1.973301e-10,2.934029e-10,6.198698e-09,6.198698e-11
2.608755e+01,8.909699e-10,1.959702e-08,1.959702e-10,2.918842e-10,6.132154e-09,6.132154e-11
2.608968e+01,8.887645e-10,1.944260e-08,1.944260e-10,2.925481e-10,6.071585e-09,6.071585e-11
2.609182e+01,8.838956e-10,1.924803e-08,1.924803e-10,2.904837e-10,5.996160e-09,5.996160e-11
2.609396e+01,8.748898e-10,1.900808e-08,1.900808e-10,2.850210e-10,5.899501e-09,5.899501e-11
2.609609e+01,8.657030e-10,1.874733e-08,1.874733e-10,2.808614e-10,5.813064e-09,5.813064e-11
2.609823e+01,8.591882e-10,1.848902e-08,1.848902e-10,2.802941e-10,5.741676e-09,5.741676e-11
2.610037e+01,8.536646e-10,1.824466e-08,1.824466e-10,2.797972e-10,5.687484e-09,5.687484e-11
2.610250e+01,8.474211e-10,1.801202e-08,1.801202e-10,2.765360e-10,5.626352e-09,5.626352e-11
2.610464e+01,8.419362e-10,1.778881e-08,1.778881e-10,2.731854e-10,5.580884e-09,5.580884e-11
2.610678e+01,8.383126e-10,1.756433e-08,1.756433e-10,2.729851e-10,5.549719e-09,5.549719e-11
2.610891e+01,8.340926e-10,1.733899e-08,1.733899e-10,2.738333e-10,5.532915e-09,5.532915e-11
2.611105e+01,8.271563e-10,1.712404e-08,1.712404e-10,2.718006e-10,5.513273e-09,5.513273e-11
2.611319e+01,8.204656e-10,1.693748e-08,1.693748e-10,2.681918e-10,5.499356e-09,5.499356e-11
2.611532e+01,8.184505e-10,1.678784e-08,1.678784e-10,2.676841e-10,5.507349e-09,5.507349e-11
2.611746e+01,8.199679e-10,1.667293e-08,1.667293e-10,2.705205e-10,5.534049e-09,5.534049e-11
2.611960e+01,8.197088e-10,1.657773e-08,1.657773e-10,2.722469e-10,5.565558e-09,5.565558e-11
2.612173e+01,8.161440e-10,1.648694e-08,1.648694e-10,2.711301e-10,5.585492e-09,5.585492e-11
2.612387e+01,8.128779e-10,1.640153e-08,1.640153e-10,2.703414e-10,5.606253e-09,5.606253e-11
2.612601e+01,8.121628e-10,1.633259e-08,1.633259e-10,2.720301e-10,5.632328e-09,5.632328e-11
2.612814e+01,8.123086e-10,1.628599e-08,1.628599e-10,2.742157e-10,5.664213e-09,5.664213e-11
2.613028e+01,8.122078e-10,1.625401e-08,1.625401e-10,2.751120e-10,5.689972e-09,5.689972e-11
2.613242e+01,8.136544e-10,1.622771e-08,1.622771e-10,2.761710e-10,5.710533e-09,5.710533e-11
2.613455e+01,8.173708e-10,1.619829e-08,1.619829e-10,2.786439e-10,5.725264e-09,5.725264e-11
2.613669e+01,8.205733e-10,1.616344e-08,1.616344e-10,2.807874e-10,5.736385e-09,5.736385e-11
2.613883e+01,8.209464e-10,1.611989e-08,1.611989e-10,2.810195e-10,5.740219e-09,5.740219e-11
2.614096e+01,8.202153e-10,1.606634e-08,1.606634e-10,2.809155e-10,5.740432e-09,5.740432e-11
2.614310e+01,8.208511e-10,1.599536e-08,1.599536e-10,2.821823e-10,5.732023e-09,5.732023e-11
2.614524e+01,8.217880e-10,1.590791e-08,1.590791e-10,2.833015e-10,5.715703e-09,5.715703e-11
2.614737e+01,8.209985e-10,1.580594e-08,1.580594e-10,2.826288e-10,5.689330e-09,5.689330e-11
2.614951e+01,8.197936e-10,1.569291e-08,1.569291e-10,2.821517e-10,5.667007e-09,5.667007e-11
2.615165e+01,8.203486e-10,1.555997e-08,1.555997e-10,2.840730e-10,5.643152e-09,5.643152e-11
2.615378e+01,8.210907e-10,1.540033e-08,1.540033e-10,2.861603e-10,5.610963e-09,5.610963e-11
2.615592e+01,8.192830e-10,1.521823e-08,1.521823e-10,2.852260e-10,5.556080e-09,5.556080e-11
2.615806e+01,8.164876e-10,1.503171e-08,1.503171e-10,2.832134e-10,5.502638e-09,5.502638e-11
2.616019e+01,8.164692e-10,1.485122e-08,1.485122e-10,2.844397e-10,5.464367e-09,5.464367e-11
2.616233e+01,8.184416e-10,1.466796e-08,1.466796e-10,2.878867e-10,5.433980e-09,5.433980e-11
2.616447e+01,8.174984e-10,1.447071e-08,1.447071e-10,2.882193e-10,5.381449e-09,5.381449e-11
2.616660e+01,8.125304e-10,1.426612e-08,1.426612e-10,2.847473e-10,5.304371e-09,5.304371e-11
2.616874e+01,8.084758e-10,1.408269e-08,1.408269e-10,2.830364e-10,5.249655e-09,5.249655e-11
2.617088e+01,8.085317e-10,1.392744e-08,1.392744e-10,2.857019e-10,5.217029e-09,5.217029e-11
2.617302e+01,8.092480e-10,1.378946e-08,1.378946e-10,2.878304e-10,5.190780e-09,5.190780e-11
2.617515e+01,8.068839e-10,1.365208e-08,1.365208e-10,2.852366e-10,5.120265e-09,5.120265e-11
2.617729e+01,8.039456e-10,1.353544e-08,1.353544e-10,2.816036e-10,5.054052e-09,5.054052e-11
2.617943e+01,8.046538e-10,1.346070e-08,1.346070e-10,2.821836e-10,5.015283e-09,5.015283e-11
2.618156e+01,8.078135e-10,1.343048e-08,1.343048e-10,2.849614e-10,5.010548e-09,5.010548e-11
2.618370e+01,8.093528e-10,1.342037e-08,1.342037e-10,2.842652e-10,4.986779e-09,4.986779e-11
2.618584e+01,8.095491e-10,1.342240e-08,1.342240e-10,2.804035e-10,4.938875e-09,4.938875e-11
2.618797e+01,8.125525e-10,1.345614e-08,1.345614e-10,2.790630e-10,4.911098e-09,4.911098e-11
2.619011e+01,8.193941e-10,1.353827e-08,1.353827e-10,2.819013e-10,4.918775e-09,4.918775e-11
2.619225e+01,8.263836e-10,1.365870e-08,1.365870e-10,2.842835e-10,4.949294e-09,4.949294e-11
2.619438e+01,8.311583e-10,1.378674e-08,1.378674e-10,2.832412e-10,4.955031e-09,4.955031e-11
2.619652e+01,8.361219e-10,1.391438e-08,1.391438e-10,2.818714e-10,4.953072e-09,4.953072e-11
2.619866e+01,8.439137e-10,1.405351e-08,1.405351e-10,2.835640e-10,4.956688e-09,4.956688e-11
2.620079e+01,8.530882e-10,1.421802e-08,1.421802e-10,2.866072e-10,4.981663e-09,4.981663e-11
2.620293e+01,8.610586e-10,1.439467e-08,1.439467e-10,2.877358e-10,5.003417e-09,5.003417e-11
2.620507e+01,8.681385e-10,1.456306e-08,1.456306e-10,2.873415e-10,5.007881e-09,5.007881e-11
2.620720e+01,8.758841e-10,1.471534e-08,1.471534e-10,2.877401e-10,4.995615e-09,4.995615e-11
2.620934e+01,8.839174e-10,1.486707e-08,1.486707e-10,2.890156e-10,4.985371e-09,4.985371e-11
2.621148e+01,8.910796e-10,1.503085e-08,1.503085e-10,2.897381e-10,4.989277e-09,4.989277e-11
2.621361e+01,8.978516e-10,1.520105e-08,1.520105e-10,2.899015e-10,5.000315e-09,5.000315e-11
2.621575e+01,9.052982e-10,1.536198e-08,1.536198e-10,2.904832e-10,5.003661e-09,5.003661e-11
2.621789e+01,9.130278e-10,1.551139e-08,1.551139e-10,2.913846e-10,4.996599e-09,4.996599e-11
2.622002e+01,9.199657e-10,1.566150e-08,1.566150e-10,2.920813e-10,4.995121e-09,4.995121e-11
2.622216e+01,9.262031e-10,1.581642e-08,1.581642e-10,2.931641e-10,5.009350e-09,5.009350e-11
2.622430e+01,9.322363e-10,1.596334e-08,1.596334e-10,2.950068e-10,5.028438e-09,5.028438e-11
2.622643e+01,9.374102e-10,1.608719e-08,1.608719e-10,2.963419e-10,5.032216e-09,5.032216e-11
2.622857e+01,9.411918e-10,1.619021e-08,1.619021e-10,2.964322e-10,5.019445e-09,5.019445e-11
2.623071e+01,9.447141e-10,1.628751e-08,1.628751e-10,2.969547e-10,5.010761e-09,5.010761e-11
2.623284e+01,9.488113e-10,1.638408e-08,1.638408e-10,2.991683e-10,5.014053e-09,5.014053e-11
2.623498e+01,9.517198e-10,1.646536e-08,1.646536e-10,3.009636e-10,5.014166e-09,5.014166e-11
2.623712e+01,9.512827e-10,1.651451e-08,1.651451e-10,2.999062e-10,4.989002e-09,4.989002e-11
2.623925e+01,9.480308e-10,1.653467e-08,1.653467e-10,2.973736e-10,4.951074e-09,4.951074e-11
2.624139e+01,9.437853e-10,1.654131e-08,1.654131e-10,2.961595e-10,4.920942e-09,4.920942e-11
2.624353e+01,9.388346e-10,1.654274e-08,1.654274e-10,2.957263e-10,4.904558e-09,4.904558e-11
2.624566e+01,9.328216e-10,1.653386e-08,1.653386e-10,2.935271e-10,4.880097e-09,4.880097e-11
2.624780e+01,9.270982e-10,1.650803e-08,1.650803e-10,2.899081e-10,4.840789e-09,4.840789e-11
2.624994e+01,9.231830e-10,1.646449e-08,1.646449e-10,2.876869e-10,4.797097e-09,4.797097e-11
2.625207e+01,9.195958e-10,1.640533e-08,1.640533e-10,2.869817e-10,4.759927e-09,4.759927e-11
2.625421e+01,9.134285e-10,1.632559e-08,1.632559e-10,2.847302e-10,4.719430e-09,4.719430e-11
2.625635e+01,9.053065e-10,1.622263e-08,1.622263e-10,2.802288e-10,4.664781e-09,4.664781e-11
2.625848e+01,8.992067e-10,1.609955e-08,1.609955e-10,2.766743e-10,4.604410e-09,4.604410e-11
2.626062e+01,8.962404e-10,1.596397e-08,1.596397e-10,2.755871e-10,4.548958e-09,4.548958e-11
2.626276e+01,8.928408e-10,1.581286e-08,1.581286e-10,2.741948e-10,4.499669e-09,4.499669e-11
2.626490e+01,8.864838e-10,1.562987e-08,1.562987e-10,2.705894e-10,4.440457e-09,4.440457e-11
2.626703e+01,8.786764e-10,1.539932e-08,1.539932e-10,2.670556e-10,4.374935e-09,4.374935e-11
2.626917e+01,8.704311e-10,1.512136e-08,1.512136e-10,2.652555e-10,4.302220e-09,4.302220e-11
2.627131e+01,8.598980e-10,1.481482e-08,1.481482e-10,2.628296e-10,4.230973e-09,4.230973e-11
2.627344e+01,8.470826e-10,1.449329e-08,1.449329e-10,2.583636e-10,4.151018e-09,4.151018e-11
2.627558e+01,8.357565e-10,1.417366e-08,1.417366e-10,2.548897e-10,4.085912e-09,4.085912e-11
2.627772e+01,8.274639e-10,1.385198e-08,1.385198e-10,2.545010e-10,4.026769e-09,4.026769e-11
2.627985e+01,8.179315e-10,1.352409e-08,1.352409e-10,2.537487e-10,3.972374e-09,3.972374e-11
2.628199e+01,8.038246e-10,1.318060e-08,1.318060e-10,2.492036e-10,3.885916e-09,3.885916e-11
2.628413e+01,7.895565e-10,1.285048e-08,1.285048e-10,2.441958e-10,3.809485e-09,3.809485e-11
2.628626e+01,7.817491e-10,1.255754e-08,1.255754e-10,2.439457e-10,3.754835e-09,3.754835e-11
2.628840e+01,7.791980e-10,1.231653e-08,1.231653e-10,2.464376e-10,3.734060e-09,3.734060e-11
2.629054e+01,7.749691e-10,1.211468e-08,1.211468e-10,2.454423e-10,3.688746e-09,3.688746e-11
2.629267e+01,7.675313e-10,1.193978e-08,1.193978e-10,2.413026e-10,3.632965e-09,3.632965e-11
2.629481e+01,7.616881e-10,1.178185e-08,1.178185e-10,2.403384e-10,3.609516e-09,3.609516e-11
2.629695e+01,7.581156e-10,1.162141e-08,1.162141e-10,2.431361e-10,3.616878e-09,3.616878e-11
2.629908e+01,7.509068e-10,1.145797e-08,1.145797e-10,2.425494e-10,3.617829e-09,3.617829e-11
2.630122e+01,7.383531e-10,1.129062e-08,1.129062e-10,2.362662e-10,3.549301e-09,3.549301e-11
2.630336e+01,7.278653e-10,1.116661e-08,1.116661e-10,2.320219e-10,3.534102e-09,3.534102e-11
2.630549e+01,7.248447e-10,1.108986e-08,1.108986e-10,2.350154e-10,3.561331e-09,3.561331e-11
2.630763e+01,7.237583e-10,1.104942e-08,1.104942e-10,2.388142e-10,3.636361e-09,3.636361e-11
2.630977e+01,7.170945e-10,1.099000e-08,1.099000e-10,2.359044e-10,3.606696e-09,3.606696e-11
2.631190e+01,7.079500e-10,1.093213e-08,1.093213e-10,2.304120e-10,3.578611e-09,3.578611e-11
2.631404e+01,7.052634e-10,1.090961e-08,1.090961e-10,2.312756e-10,3.599114e-09,3.599114e-11
2.631618e+01,7.098090e-10,1.094110e-08,1.094110e-10,2.372640e-10,3.686779e-09,3.686779e-11
2.631831e+01,7.143680e-10,1.100402e-08,1.100402e-10,2.394085e-10,3.732792e-09,3.732792e-11
2.632045e+01,7.162869e-10,1.108112e-08,1.108112e-10,2.363833e-10,3.715345e-09,3.715345e-11
2.632259e+01,7.202566e-10,1.117804e-08,1.117804e-10,2.362692e-10,3.754925e-09,3.754925e-11
2.632472e+01,7.275957e-10,1.126671e-08,1.126671e-10,2.421063e-10,3.825496e-09,3.825496e-11
2.632686e+01,7.323594e-10,1.133964e-08,1.133964e-10,2.464706e-10,3.911142e-09,3.911142e-11
2.632900e+01,7.316061e-10,1.138481e-08,1.138481e-10,2.443087e-10,3.896748e-09,3.896748e-11
2.633113e+01,7.313915e-10,1.144745e-08,1.144745e-10,2.417666e-10,3.910682e-09,3.910682e-11
2.633327e+01,7.373266e-10,1.153857e-08,1.153857e-10,2.458069e-10,3.956281e-09,3.956281e-11
2.633541e+01,7.451191e-10,1.166012e-08,1.166012e-10,2.525794e-10,4.040924e-09,4.040924e-11
2.633754e+01,7.474139e-10,1.177719e-08,1.177719e-10,2.541517e-10,4.072564e-09,4.072564e-11
2.633968e+01,7.456777e-10,1.188954e-08,1.188954e-10,2.513429e-10,4.072662e-09,4.072662e-11
2.634182e+01,7.476012e-10,1.201605e-08,1.201605e-10,2.514256e-10,4.096694e-09,4.096694e-11
2.634395e+01,7.552091e-10,1.216975e-08,1.216975e-10,2.559672e-10,4.139055e-09,4.139055e-11
2.634609e+01,7.633241e-10,1.234741e-08,1.234741e-10,2.593567e-10,4.183309e-09,4.183309e-11
2.634823e+01,7.691150e-10,1.253326e-08,1.253326e-10,2.589685e-10,4.191000e-09,4.191000e-11
2.635037e+01,7.753594e-10,1.272718e-08,1.272718e-10,2.587472e-10,4.209435e-09,4.209435e-11
2.635250e+01,7.835862e-10,1.291159e-08,1.291159e-10,2.615201e-10,4.228942e-09,4.228942e-11
2.635464e+01,7.903250e-10,1.307949e-08,1.307949e-10,2.643781e-10,4.252730e-09,4.252730e-11
2.635678e+01,7.924275e-10,1.322209e-08,1.322209e-10,2.640417e-10,4.254685e-09,4.254685e-11
2.635891e+01,7.918533e-10,1.334612e-08,1.334612e-10,2.620675e-10,4.249826e-09,4.249826e-11
2.636105e+01,7.920608e-10,1.345227e-08,1.345227e-10,2.615486e-10,4.245205e-09,4.245205e-11
2.636319e+01,7.926849e-10,1.354428e-08,1.354428e-10,2.620347e-10,4.241978e-09,4.241978e-11
2.636532e+01,7.909313e-10,1.362113e-08,1.362113e-10,2.611289e-10,4.235490e-09,4.235490e-11
2.636746e+01,7.864197e-10,1.367848e-08,1.367848e-10,2.585963e-10,4.221974e-09,4.221974e-11
2.636960e+01,7.813179e-10,1.371655e-08,1.371655e-10,2.558177e-10,4.204316e-09,4.204316e-11
2.637173e+01,7.769122e-10,1.373935e-08,1.373935e-10,2.532313e-10,4.181985e-09,4.181985e-11
2.637387e+01,7.729940e-10,1.375728e-08,1.375728e-10,2.506357e-10,4.160494e-09,4.160494e-11
2.637601e+01,7.694782e-10,1.377638e-08,1.377638e-10,2.483714e-10,4.143990e-09,4.143990e-11
2.637814e+01,7.665898e-10,1.379664e-08,1.379664e-10,2.465827e-10,4.131284e-09,4.131284e-11
2.638028e+01,7.641076e-10,1.381197e-08,1.381197e-10,2.445901e-10,4.114514e-09,4.114514e-11
2.638242e+01,7.617316e-10,1.382061e-08,1.382061e-10,2.422833e-10,4.093098e-09,4.093098e-11
2.638455e+01,7.593862e-10,1.382913e-08,1.382913e-10,2.406183e-10,4.076652e-09,4.076652e-11
2.638669e+01,7.568333e-10,1.384171e-08,1.384171e-10,2.397563e-10,4.069653e-09,4.069653e-11
2.638883e+01,7.540019e-10,1.385574e-08,1.385574e-10,2.385723e-10,4.063131e-09,4.063131e-11
2.639096e+01,7.514846e-10,1.386673e-08,1.386673e-10,2.367318e-10,4.050597e-09,4.050597e-11
2.639310e+01,7.499701e-10,1.387516e-08,1.387516e-10,2.354690e-10,4.037134e-09,4.037134e-11
2.639524e+01,7.490422e-10,1.388706e-08,1.388706e-10,2.353142e-10,4.031345e-09,4.031345e-11
2.639737e+01,7.477561e-10,1.390371e-08,1.390371e-10,2.348921e-10,4.028419e-09,4.028419e-11
2.639951e+01,7.468112e-10,1.392608e-08,1.392608e-10,2.335820e-10,4.021721e-09,4.021721e-11
2.640165e+01,7.484030e-10,1.395407e-08,1.395407e-10,2.332021e-10,4.014612e-09,4.014612e-11
2.640378e+01,7.528336e-10,1.399506e-08,1.399506e-10,2.348039e-10,4.013281e-09,4.013281e-11
2.640592e+01,7.575257e-10,1.405710e-08,1.405710e-10,2.364343e-10,4.019907e-09,4.019907e-11
2.640806e+01,7.614904e-10,1.414329e-08,1.414329e-10,2.367941e-10,4.027010e-09,4.027010e-11
2.641019e+01,7.673894e-10,1.425851e-08,1.425851e-10,2.380556e-10,4.049124e-09,4.049124e-11
2.641233e+01,7.765979e-10,1.440031e-08,1.440031e-10,2.419187e-10,4.083257e-09,4.083257e-11
2.641447e+01,7.859457e-10,1.457255e-08,1.457255e-10,2.458908e-10,4.133431e-09,4.133431e-11
2.641660e+01,7.928631e-10,1.477012e-08,1.477012e-10,2.474285e-10,4.177118e-09,4.177118e-11
2.641874e+01,8.003796e-10,1.500044e-08,1.500044e-10,2.490152e-10,4.241286e-09,4.241286e-11
2.642088e+01,8.123289e-10,1.525648e-08,1.525648e-10,2.541707e-10,4.324243e-09,4.324243e-11
2.642301e+01,8.263250e-10,1.553116e-08,1.553116e-10,2.606716e-10,4.427037e-09,4.427037e-11
2.642515e+01,8.367387e-10,1.580991e-08,1.580991e-10,2.635046e-10,4.510625e-09,4.510625e-11
2.642729e+01,8.436724e-10,1.608972e-08,1.608972e-10,2.635316e-10,4.588206e-09,4.588206e-11
2.642942e+01,8.526995e-10,1.637262e-08,1.637262e-10,2.665441e-10,4.686270e-09,4.686270e-11
2.643156e+01,8.648080e-10,1.664759e-08,1.664759e-10,2.730672e-10,4.799569e-09,4.799569e-11
2.643370e+01,8.738212e-10,1.690196e-08,1.690196e-10,2.766199e-10,4.901626e-09,4.901626e-11
2.643583e+01,8.763179e-10,1.711970e-08,1.711970e-10,2.745939e-10,4.954940e-09,4.954940e-11
2.643797e+01,8.772016e-10,1.731254e-08,1.731254e-10,2.731011e-10,5.023957e-09,5.023957e-11
2.644011e+01,8.810469e-10,1.747484e-08,1.747484e-10,2.765792e-10,5.099332e-09,5.099332e-11
2.644225e+01,8.844101e-10,1.760235e-08,1.760235e-10,2.799497e-10,5.184531e-09,5.184531e-11
2.644438e+01,8.823233e-10,1.767516e-08,1.767516e-10,2.772557e-10,5.203020e-09,5.203020e-11
2.644652e+01,8.770594e-10,1.770186e-08,1.770186e-10,2.720290e-10,5.209475e-09,5.209475e-11
2.644866e+01,8.739982e-10,1.768702e-08,1.768702e-10,2.713716e-10,5.222443e-09,5.222443e-11
2.645079e+01,8.718696e-10,1.763046e-08,1.763046e-10,2.736780e-10,5.249001e-09,5.249001e-11
2.645293e+01,8.647054e-10,1.752181e-08,1.752181e-10,2.712866e-10,5.231762e-09,5.231762e-11
2.645507e+01,8.525795e-10,1.736001e-08,1.736001e-10,2.637683e-10,5.162318e-09,5.162318e-11
2.645720e+01,8.423210e-10,1.716224e-08,1.716224e-10,2.589431e-10,5.106758e-09,5.106758e-11
2.645934e+01,8.362480e-10,1.693198e-08,1.693198e-10,2.596989e-10,5.057497e-09,5.057497e-11
2.646148e+01,8.283266e-10,1.667065e-08,1.667065e-10,2.592552e-10,5.006199e-09,5.006199e-11
2.646361e+01,8.148229e-10,1.636973e-08,1.636973e-10,2.529491e-10,4.885784e-09,4.885784e-11
2.646575e+01,8.007231e-10,1.604919e-08,1.604919e-10,2.459751e-10,4.772399e-09,4.772399e-11
2.646789e+01,7.911635e-10,1.571524e-08,1.571524e-10,2.441173e-10,4.666515e-09,4.666515e-11
2.647002e+01,7.833919e-10,1.537671e-08,1.537671e-10,2.441724e-10,4.579072e-09,4.579072e-11
2.647216e+01,7.724416e-10,1.502742e-08,1.502742e-10,2.400813e-10,4.451484e-09,4.451484e-11
2.647430e+01,7.596277e-10,1.467827e-08,1.467827e-10,2.331608e-10,4.308250e-09,4.308250e-11
2.647643e+01,7.497632e-10,1.433945e-08,1.433945e-10,2.291984e-10,4.184945e-09,4.184945e-11
2.647857e+01,7.430615e-10,1.401603e-08,1.401603e-10,2.285880e-10,4.077499e-09,4.077499e-11
2.648071e+01,7.353542e-10,1.370702e-08,1.370702e-10,2.263981e-10,3.969890e-09,3.969890e-11
2.648284e+01,7.254886e-10,1.341317e-08,1.341317e-10,2.211646e-10,3.840278e-09,3.840278e-11
2.648498e+01,7.169495e-10,1.314451e-08,1.314451e-10,2.168971e-10,3.732111e-09,3.732111e-11
2.648712e+01,7.114238e-10,1.290041e-08,1.290041e-10,2.157760e-10,3.639805e-09,3.639805e-11
2.648925e+01,7.061910e-10,1.268148e-08,1.268148e-10,2.149596e-10,3.562729e-09,3.562729e-11
2.649139e+01,6.994804e-10,1.248259e-08,1.248259e-10,2.122018e-10,3.478637e-09,3.478637e-11
2.649353e+01,6.933327e-10,1.230940e-08,1.230940e-10,2.093758e-10,3.406055e-09,3.406055e-11
2.649566e+01,6.890825e-10,1.216129e-08,1.216129e-10,2.083181e-10,3.350464e-09,3.350464e-11
2.649780e+01,6.848535e-10,1.203974e-08,1.203974e-10,2.076391e-10,3.308321e-09,3.308321e-11
2.649994e+01,6.797434e-10,1.194598e-08,1.194598e-10,2.060416e-10,3.271946e-09,3.271946e-11
2.650207e+01,6.764549e-10,1.188564e-08,1.188564e-10,2.050484e-10,3.247745e-09,3.247745e-11
2.650421e+01,6.773911e-10,1.186091e-08,1.186091e-10,2.060529e-10,3.241042e-09,3.241042e-11
2.650635e+01,6.810342e-10,1.186988e-08,1.186988e-10,2.077981e-10,3.247143e-09,3.247143e-11
2.650848e+01,6.845389e-10,1.190625e-08,1.190625e-10,2.089138e-10,3.259245e-09,3.259245e-11
2.651062e+01,6.877426e-10,1.196564e-08,1.196564e-10,2.103255e-10,3.281672e-09,3.281672e-11
2.651276e+01,6.922920e-10,1.204752e-08,1.204752e-10,2.130214e-10,3.317138e-09,3.317138e-11
2.651489e+01,6.983497e-10,1.215143e-08,1.215143e-10,2.157973e-10,3.359578e-09,3.359578e-11
2.651703e+01,7.048888e-10,1.227450e-08,1.227450e-10,2.176461e-10,3.401539e-09,3.401539e-11
2.651917e+01,7.120870e-10,1.241444e-08,1.241444e-10,2.199984e-10,3.452080e-09,3.452080e-11
2.652130e+01,7.206991e-10,1.256865e-08,1.256865e-10,2.240221e-10,3.512054e-09,3.512054e-11
2.652344e+01,7.301528e-10,1.273090e-08,1.273090e-10,2.280831e-10,3.576263e-09,3.576263e-11
2.652558e+01,7.394849e-10,1.289440e-08,1.289440e-10,2.304855e-10,3.629138e-09,3.629138e-11
2.652772e+01,7.490309e-10,1.305822e-08,1.305822e-10,2.325469e-10,3.683353e-09,3.683353e-11
2.652985e+01,7.593360e-10,1.322228e-08,1.322228e-10,2.362057e-10,3.742068e-09,3.742068e-11
2.653199e+01,7.698103e-10,1.338606e-08,1.338606e-10,2.405324e-10,3.804624e-09,3.804624e-11
2.653413e+01,7.799303e-10,1.354827e-08,1.354827e-10,2.435342e-10,3.857119e-09,3.857119e-11
2.653626e+01,7.903233e-10,1.370624e-08,1.370624e-10,2.458092e-10,3.904267e-09,3.904267e-11
2.653840e+01,8.010918e-10,1.385216e-08,1.385216e-10,2.492196e-10,3.951468e-09,3.951468e-11
2.654054e+01,8.101649e-10,1.398058e-08,1.398058e-10,2.530676e-10,3.995105e-09,3.995105e-11
2.654267e+01,8.157499e-10,1.409295e-08,1.409295e-10,2.550962e-10,4.027994e-09,4.027994e-11
2.654481e+01,8.197315e-10,1.419917e-08,1.419917e-10,2.557601e-10,4.053120e-09,4.053120e-11
2.654695e+01,8.257189e-10,1.430756e-08,1.430756e-10,2.577874e-10,4.083010e-09,4.083010e-11
2.654908e+01,8.338140e-10,1.442092e-08,1.442092e-10,2.613560e-10,4.117979e-09,4.117979e-11
2.655122e+01,8.407806e-10,1.453490e-08,1.453490e-10,2.637789e-10,4.150542e-09,4.150542e-11
2.655336e+01,8.455259e-10,1.464426e-08,1.464426e-10,2.644122e-10,4.177062e-09,4.177062e-11
2.655549e+01,8.501524e-10,1.475069e-08,1.475069e-10,2.654997e-10,4.206869e-09,4.206869e-11
2.655763e+01,8.556018e-10,1.486445e-08,1.486445e-10,2.677249e-10,4.244052e-09,4.244052e-11
2.655977e+01,8.605936e-10,1.499641e-08,1.499641e-10,2.691733e-10,4.285028e-09,4.285028e-11
2.656190e+01,8.653216e-10,1.515095e-08,1.515095e-10,2.695470e-10,4.328157e-09,4.328157e-11
2.656404e+01,8.719867e-10,1.532939e-08,1.532939e-10,2.712963e-10,4.383189e-09,4.383189e-11
2.656618e+01,8.804414e-10,1.552147e-08,1.552147e-10,2.750243e-10,4.450037e-09,4.450037e-11
2.656831e+01,8.869245e-10,1.570985e-08,1.570985e-10,2.777339e-10,4.516333e-09,4.516333e-11
2.657045e+01,8.889234e-10,1.588212e-08,1.588212e-10,2.777291e-10,4.569644e-09,4.569644e-11
2.657259e+01,8.888400e-10,1.604575e-08,1.604575e-10,2.777040e-10,4.624967e-09,4.624967e-11
2.657472e+01,8.902425e-10,1.620920e-08,1.620920e-10,2.802218e-10,4.687377e-09,4.687377e-11
2.657686e+01,8.926977e-10,1.637450e-08,1.637450e-10,2.833237e-10,4.757706e-09,4.757706e-11
2.657900e+01,8.936637e-10,1.652963e-08,1.652963e-10,2.842408e-10,4.814149e-09,4.814149e-11
2.658113e+01,8.931876e-10,1.665850e-08,1.665850e-10,2.845095e-10,4.869209e-09,4.869209e-11
2.658327e+01,8.926522e-10,1.674384e-08,1.674384e-10,2.867973e-10,4.917717e-09,4.917717e-11
2.658541e+01,8.908307e-10,1.678573e-08,1.678573e-10,2.893114e-10,4.963526e-09,4.963526e-11
2.658754e+01,8.859564e-10,1.679598e-08,1.679598e-10,2.887438e-10,4.985792e-09,4.985792e-11
2.658968e+01,8.800456e-10,1.678940e-08,1.678940e-10,2.865839e-10,4.999162e-09,4.999162e-11
2.659182e+01,8.764201e-10,1.676902e-08,1.676902e-10,2.868834e-10,5.013926e-09,5.013926e-11
2.659395e+01,8.739203e-10,1.672466e-08,1.672466e-10,2.889948e-10,5.025324e-09,5.025324e-11
2.659609e+01,8.679809e-10,1.663666e-08,1.663666e-10,2.882217e-10,5.011680e-09,5.011680e-11
2.659823e+01,8.573718e-10,1.649269e-08,1.649269e-10,2.836299e-10,4.959076e-09,4.959076e-11
2.660036e+01,8.455935e-10,1.630319e-08,1.630319e-10,2.794162e-10,4.895683e-09,4.895683e-11
2.660250e+01,8.350600e-10,1.608732e-08,1.608732e-10,2.775052e-10,4.821935e-09,4.821935e-11
2.660464e+01,8.242773e-10,1.585990e-08,1.585990e-10,2.745588e-10,4.739958e-09,4.739958e-11
2.660677e+01,8.123424e-10,1.562149e-08,1.562149e-10,2.684810e-10,4.630071e-09,4.630071e-11
2.660891e+01,8.014494e-10,1.536438e-08,1.536438e-10,2.624267e-10,4.519086e-09,4.519086e-11
2.661105e+01,7.922410e-10,1.506843e-08,1.506843e-10,2.589805e-10,4.404791e-09,4.404791e-11
2.661318e+01,7.815076e-10,1.472844e-08,1.472844e-10,2.553450e-10,4.284650e-09,4.284650e-11
2.661532e+01,7.678516e-10,1.435903e-08,1.435903e-10,2.487178e-10,4.140887e-09,4.140887e-11
2.661746e+01,7.552014e-10,1.399454e-08,1.399454e-10,2.419400e-10,4.002888e-09,4.002888e-11
2.661960e+01,7.466579e-10,1.365064e-08,1.365064e-10,2.387106e-10,3.887790e-09,3.887790e-11
2.662173e+01,7.388195e-10,1.332059e-08,1.332059e-10,2.370160e-10,3.790800e-09,3.790800e-11
2.662387e+01,7.268736e-10,1.297567e-08,1.297567e-10,2.327131e-10,3.678810e-09,3.678810e-11
2.662601e+01,7.123721e-10,1.261038e-08,1.261038e-10,2.268041e-10,3.557650e-09,3.557650e-11
2.662814e+01,7.007234e-10,1.224826e-08,1.224826e-10,2.233840e-10,3.449370e-09,3.449370e-11
2.663028e+01,6.926156e-10,1.192931e-08,1.192931e-10,2.221197e-10,3.368011e-09,3.368011e-11
2.663242e+01,6.841432e-10,1.167355e-08,1.167355e-10,2.190884e-10,3.291637e-09,3.291637e-11
2.663455e+01,6.749021e-10,1.148192e-08,1.148192e-10,2.143710e-10,3.221987e-09,3.221987e-11
2.663669e+01,6.690318e-10,1.134078e-08,1.134078e-10,2.121102e-10,3.174266e-09,3.174266e-11
2.663883e+01,6.673482e-10,1.122630e-08,1.122630e-10,2.126473e-10,3.151207e-09,3.151207e-11
2.664096e+01,6.653016e-10,1.113022e-08,1.113022e-10,2.114191e-10,3.122497e-09,3.122497e-11
2.664310e+01,6.608629e-10,1.106089e-08,1.106089e-10,2.072152e-10,3.073760e-09,3.073760e-11
2.664524e+01,6.579995e-10,1.104543e-08,1.104543e-10,2.048261e-10,3.055586e-09,3.055586e-11
2.664737e+01,6.594009e-10,1.107800e-08,1.107800e-10,2.066672e-10,3.072223e-09,3.072223e-11
2.664951e+01,6.611767e-10,1.112676e-08,1.112676e-10,2.080990e-10,3.108813e-09,3.108813e-11
2.665165e+01,6.586092e-10,1.113074e-08,1.113074e-10,2.051518e-10,3.084775e-09,3.084775e-11
2.665378e+01,6.531463e-10,1.107725e-08,1.107725e-10,2.012448e-10,3.059628e-09,3.059628e-11
2.665592e+01,6.490953e-10,1.098609e-08,1.098609e-10,2.010446e-10,3.036696e-09,3.036696e-11
2.665806e+01,6.463893e-10,1.090400e-08,1.090400e-10,2.023197e-10,3.052341e-09,3.052341e-11
2.666019e+01,6.420874e-10,1.084848e-08,1.084848e-10,2.001885e-10,3.031867e-09,3.031867e-11
2.666233e+01,6.371786e-10,1.081750e-08,1.081750e-10,1.961332e-10,3.011199e-09,3.011199e-11
2.666447e+01,6.354031e-10,1.078468e-08,1.078468e-10,1.955369e-10,3.008195e-09,3.008195e-11
2.666660e+01,6.361229e-10,1.072960e-08,1.072960e-10,1.980456e-10,3.015293e-09,3.015293e-11
2.666874e+01,6.353908e-10,1.066928e-08,1.066928e-10,1.981692e-10,3.006972e-09,3.006972e-11
2.667088e+01,6.340167e-10,1.064042e-08,1.064042e-10,1.952551e-10,2.962419e-09,2.962419e-11
2.667301e+01,6.376127e-10,1.067861e-08,1.067861e-10,1.950539e-10,2.973963e-09,2.973963e-11
2.667515e+01,6.475649e-10,1.076647e-08,1.076647e-10,1.999585e-10,3.010506e-09,3.010506e-11
2.667729e+01,6.581277e-10,1.086982e-08,1.086982e-10,2.048633e-10,3.065787e-09,3.065787e-11
2.667942e+01,6.644673e-10,1.094433e-08,1.094433e-10,2.055899e-10,3.067757e-09,3.067757e-11
2.668156e+01,6.686207e-10,1.099374e-08,1.099374e-10,2.053668e-10,3.087322e-09,3.087322e-11
2.668370e+01,6.747100e-10,1.103790e-08,1.103790e-10,2.087460e-10,3.136196e-09,3.136196e-11
2.668583e+01,6.822882e-10,1.110409e-08,1.110409e-10,2.139796e-10,3.210413e-09,3.210413e-11
2.668797e+01,6.886091e-10,1.120725e-08,1.120725e-10,2.167532e-10,3.277933e-09,3.277933e-11
2.669011e+01,6.944880e-10,1.135832e-08,1.135832e-10,2.178557e-10,3.355610e-09,3.355610e-11
2.669224e+01,7.027529e-10,1.154217e-08,1.154217e-10,2.213497e-10,3.474143e-09,3.474143e-11
2.669438e+01,7.126496e-10,1.172916e-08,1.172916e-10,2.272625e-10,3.603186e-09,3.603186e-11
2.669652e+01,7.212529e-10,1.191665e-08,1.191665e-10,2.318130e-10,3.724701e-09,3.724701e-11
2.669865e+01,7.295273e-10,1.212825e-08,1.212825e-10,2.342158e-10,3.834011e-09,3.834011e-11
2.670079e+01,7.415737e-10,1.239087e-08,1.239087e-10,2.378950e-10,3.971587e-09,3.971587e-11
2.670293e+01,7.578824e-10,1.269392e-08,1.269392e-10,2.444673e-10,4.136988e-09,4.136988e-11
2.670507e+01,7.737898e-10,1.299979e-08,1.299979e-10,2.511503e-10,4.305990e-09,4.305990e-11
2.670720e+01,7.855405e-10,1.326789e-08,1.326789e-10,2.553819e-10,4.450936e-09,4.450936e-11
2.670934e+01,7.944036e-10,1.349695e-08,1.349695e-10,2.583316e-10,4.582843e-09,4.582843e-11
2.671148e+01,8.033954e-10,1.371102e-08,1.371102e-10,2.621963e-10,4.722759e-09,4.722759e-11
2.671361e+01,8.128330e-10,1.392510e-08,1.392510e-10,2.668125e-10,4.870915e-09,4.870915e-11
2.671575e+01,8.211660e-10,1.413392e-08,1.413392e-10,2.709183e-10,5.011581e-09,5.011581e-11
2.671789e+01,8.281598e-10,1.433037e-08,1.433037e-10,2.745837e-10,5.136962e-09,5.136962e-11
2.672002e+01,8.346130e-10,1.451395e-08,1.451395e-10,2.782501e-10,5.251687e-09,5.251687e-11
2.672216e+01,8.404069e-10,1.468502e-08,1.468502e-10,2.813807e-10,5.358312e-09,5.358312e-11
2.672430e+01,8.450123e-10,1.484625e-08,1.484625e-10,2.836907e-10,5.454468e-09,5.454468e-11
2.672643e+01,8.488903e-10,1.500144e-08,1.500144e-10,2.858470e-10,5.535677e-09,5.535677e-11
2.672857e+01,8.533457e-10,1.515607e-08,1.515607e-10,2.882013e-10,5.601547e-09,5.601547e-11
2.673071e+01,8.595989e-10,1.531866e-08,1.531866e-10,2.903788e-10,5.658662e-09,5.658662e-11
2.673284e+01,8.680576e-10,1.549008e-08,1.549008e-10,2.924906e-10,5.712045e-09,5.712045e-11
2.673498e+01,8.774930e-10,1.565485e-08,1.565485e-10,2.951628e-10,5.758513e-09,5.758513e-11
2.673712e+01,8.854956e-10,1.579472e-08,1.579472e-10,2.979001e-10,5.787017e-09,5.787017e-11
2.673925e+01,8.909289e-10,1.590888e-08,1.590888e-10,2.993422e-10,5.795562e-09,5.795562e-11
2.674139e+01,8.953250e-10,1.601028e-08,1.601028e-10,2.997299e-10,5.793766e-09,5.793766e-11
2.674353e+01,9.008327e-10,1.610329e-08,1.610329e-10,3.010252e-10,5.792312e-09,5.792312e-11
2.674566e+01,9.067778e-10,1.617816e-08,1.617816e-10,3.036902e-10,5.786059e-09,5.786059e-11
2.674780e+01,9.099229e-10,1.622003e-08,1.622003e-10,3.053966e-10,5.762128e-09,5.762128e-11
2.674994e+01,9.090640e-10,1.622484e-08,1.622484e-10,3.046162e-10,5.715380e-09,5.715380e-11
2.675207e+01,9.071803e-10,1.620347e-08,1.620347e-10,3.034721e-10,5.661302e-09,5.661302e-11
2.675421e+01,9.069518e-10,1.616594e-08,1.616594e-10,3.042059e-10,5.608613e-09,5.608613e-11
2.675635e+01,9.067350e-10,1.611241e-08,1.611241e-10,3.051529e-10,5.552410e-09,5.552410e-11
2.675848e+01,9.044179e-10,1.603481e-08,1.603481e-10,3.039672e-10,5.478467e-09,5.478467e-11
2.676062e+01,9.021153e-10,1.593936e-08,1.593936e-10,3.022234e-10,5.397471e-09,5.397471e-11
2.676276e+01,9.027029e-10,1.583504e-08,1.583504e-10,3.026879e-10,5.323212e-09,5.323212e-11
2.676489e+01,9.042435e-10,1.572672e-08,1.572672e-10,3.040809e-10,5.262300e-09,5.262300e-11
2.676703e+01,9.024116e-10,1.560582e-08,1.560582e-10,3.029320e-10,5.197136e-09,5.197136e-11
2.676917e+01,8.972461e-10,1.547127e-08,1.547127e-10,2.996925e-10,5.129932e-09,5.129932e-11
2.677130e+01,8.929810e-10,1.532902e-08,1.532902e-10,2.981762e-10,5.070388e-09,5.070388e-11
2.677344e+01,8.912655e-10,1.518705e-08,1.518705e-10,2.989410e-10,5.030311e-09,5.030311e-11
2.677558e+01,8.889051e-10,1.504402e-08,1.504402e-10,2.983537e-10,4.995079e-09,4.995079e-11
2.677771e+01,8.837686e-10,1.489178e-08,1.489178e-10,2.952035e-10,4.954320e-09,4.954320e-11
2.677985e+01,8.784782e-10,1.473452e-08,1.473452e-10,2.931546e-10,4.925391e-09,4.925391e-11
2.678199e+01,8.750843e-10,1.457296e-08,1.457296e-10,2.941622e-10,4.908257e-09,4.908257e-11
2.678412e+01,8.706389e-10,1.441404e-08,1.441404e-10,2.943654e-10,4.904493e-09,4.904493e-11
2.678626e+01,8.624263e-10,1.424931e-08,1.424931e-10,2.906952e-10,4.875493e-09,4.875493e-11
2.678840e+01,8.535780e-10,1.408823e-08,1.408823e-10,2.868330e-10,4.859879e-09,4.859879e-11
2.679053e+01,8.482116e-10,1.393137e-08,1.393137e-10,2.871407e-10,4.853671e-09,4.853671e-11
2.679267e+01,8.442891e-10,1.378366e-08,1.378366e-10,2.888245e-10,4.869562e-09,4.869562e-11
2.679481e+01,8.371014e-10,1.363622e-08,1.363622e-10,2.863898e-10,4.853516e-09,4.853516e-11
2.679695e+01,8.276510e-10,1.349304e-08,1.349304e-10,2.812311e-10,4.823587e-09,4.823587e-11
2.679908e+01,8.215129e-10,1.336568e-08,1.336568e-10,2.797666e-10,4.814999e-09,4.814999e-11
2.680122e+01,8.195158e-10,1.325301e-08,1.325301e-10,2.825383e-10,4.825543e-09,4.825543e-11
2.680336e+01,8.159714e-10,1.315209e-08,1.315209e-10,2.829115e-10,4.832745e-09,4.832745e-11
2.680549e+01,8.080609e-10,1.305096e-08,1.305096e-10,2.781740e-10,4.787023e-09,4.787023e-11
2.680763e+01,8.007490e-10,1.296977e-08,1.296977e-10,2.743026e-10,4.764681e-09,4.764681e-11
2.680977e+01,7.986441e-10,1.290703e-08,1.290703e-10,2.760778e-10,4.756960e-09,4.756960e-11
2.681190e+01,7.984566e-10,1.286400e-08,1.286400e-10,2.790178e-10,4.774957e-09,4.774957e-11
2.681404e+01,7.949316e-10,1.282128e-08,1.282128e-10,2.768891e-10,4.742448e-09,4.742448e-11
2.681618e+01,7.896837e-10,1.278913e-08,1.278913e-10,2.721203e-10,4.701802e-09,4.701802e-11
2.681831e+01,7.880078e-10,1.277504e-08,1.277504e-10,2.715242e-10,4.687231e-09,4.687231e-11
2.682045e+01,7.897310e-10,1.277788e-08,1.277788e-10,2.748700e-10,4.697392e-09,4.697392e-11
2.682259e+01,7.895980e-10,1.278704e-08,1.278704e-10,2.754668e-10,4.701296e-09,4.701296e-11
2.682472e+01,7.862686e-10,1.279522e-08,1.279522e-10,2.714178e-10,4.663570e-09,4.663570e-11
2.682686e+01,7.845270e-10,1.282188e-08,1.282188e-10,2.686929e-10,4.656320e-09,4.656320e-11
2.682900e+01,7.871011e-10,1.286498e-08,1.286498e-10,2.711454e-10,4.668355e-09,4.668355e-11
2.683113e+01,7.900131e-10,1.292617e-08,1.292617e-10,2.743132e-10,4.705948e-09,4.705948e-11
2.683327e+01,7.894551e-10,1.299185e-08,1.299185e-10,2.731259e-10,4.712508e-09,4.712508e-11
2.683541e+01,7.883235e-10,1.307927e-08,1.307927e-10,2.701459e-10,4.725796e-09,4.725796e-11
2.683754e+01,7.910592e-10,1.319532e-08,1.319532e-10,2.708344e-10,4.763966e-09,4.763966e-11
2.683968e+01,7.960607e-10,1.334207e-08,1.334207e-10,2.745231e-10,4.822986e-09,4.822986e-11
2.684182e+01,7.984451e-10,1.351114e-08,1.351114e-10,2.758978e-10,4.880890e-09,4.880890e-11
2.684395e+01,7.980825e-10,1.369888e-08,1.369888e-10,2.737304e-10,4.920698e-09,4.920698e-11
2.684609e+01,7.996140e-10,1.391329e-08,1.391329e-10,2.723364e-10,4.975675e-09,4.975675e-11
2.684823e+01,8.050208e-10,1.415169e-08,1.415169e-10,2.742972e-10,5.037866e-09,5.037866e-11
2.685036e+01,8.110139e-10,1.441190e-08,1.441190e-10,2.768725e-10,5.107256e-09,5.107256e-11
2.685250e+01,8.149267e-10,1.468238e-08,1.468238e-10,2.771144e-10,5.160689e-09,5.160689e-11
2.685464e+01,8.192174e-10,1.496594e-08,1.496594e-10,2.766315e-10,5.212569e-09,5.212569e-11
2.685677e+01,8.268680e-10,1.525307e-08,1.525307e-10,2.783017e-10,5.266076e-09,5.266076e-11
2.685891e+01,8.355951e-10,1.553330e-08,1.553330e-10,2.811497e-10,5.317045e-09,5.317045e-11
2.686105e+01,8.408457e-10,1.579360e-08,1.579360e-10,2.822182e-10,5.355450e-09,5.355450e-11
2.686318e+01,8.423138e-10,1.602795e-08,1.602795e-10,2.814327e-10,5.379275e-09,5.379275e-11
2.686532e+01,8.435083e-10,1.623648e-08,1.623648e-10,2.811642e-10,5.397133e-09,5.397133e-11
2.686746e+01,8.461563e-10,1.641442e-08,1.641442e-10,2.821257e-10,5.406249e-09,5.406249e-11
2.686959e+01,8.486586e-10,1.655362e-08,1.655362e-10,2.826439e-10,5.402863e-09,5.402863e-11
2.687173e+01,8.494016e-10,1.664388e-08,1.664388e-10,2.817684e-10,5.380440e-09,5.380440e-11
2.687387e+01,8.489289e-10,1.668406e-08,1.668406e-10,2.806038e-10,5.345051e-09,5.345051e-11
2.687600e+01,8.483987e-10,1.667452e-08,1.667452e-10,2.800705e-10,5.298730e-09,5.298730e-11
2.687814e+01,8.476182e-10,1.662252e-08,1.662252e-10,2.793711e-10,5.243136e-09,5.243136e-11
2.688028e+01,8.460548e-10,1.653275e-08,1.653275e-10,2.776237e-10,5.176625e-09,5.176625e-11
2.688242e+01,8.445659e-10,1.640711e-08,1.640711e-10,2.756408e-10,5.102996e-09,5.102996e-11
2.688455e+01,8.440722e-10,1.624540e-08,1.624540e-10,2.746129e-10,5.025774e-09,5.025774e-11
2.688669e+01,8.432544e-10,1.604751e-08,1.604751e-10,2.738335e-10,4.944780e-09,4.944780e-11
2.688883e+01,8.402805e-10,1.582102e-08,1.582102e-10,2.719164e-10,4.858664e-09,4.858664e-11
2.689096e+01,8.361598e-10,1.558192e-08,1.558192e-10,2.695208e-10,4.773200e-09,4.773200e-11
2.689310e+01,8.337709e-10,1.534668e-08,1.534668e-10,2.685259e-10,4.698096e-09,4.698096e-11
2.689524e+01,8.339641e-10,1.512052e-08,1.512052e-10,2.691509e-10,4.634673e-09,4.634673e-11
2.689737e+01,8.343660e-10,1.489954e-08,1.489954e-10,2.695845e-10,4.577909e-09,4.577909e-11
2.689951e+01,8.322821e-10,1.467950e-08,1.467950e-10,2.684328e-10,4.520457e-09,4.520457e-11
2.690165e+01,8.278533e-10,1.447082e-08,1.447082e-10,2.665084e-10,4.468191e-09,4.468191e-11
2.690378e+01,8.238552e-10,1.429635e-08,1.429635e-10,2.655509e-10,4.430057e-09,4.430057e-11
2.690592e+01,8.224119e-10,1.417338e-08,1.417338e-10,2.658431e-10,4.410211e-09,4.410211e-11
2.690806e+01,8.228739e-10,1.410415e-08,1.410415e-10,2.661462e-10,4.403771e-09,4.403771e-11
2.691019e+01,8.234614e-10,1.407498e-08,1.407498e-10,2.657453e-10,4.402713e-09,4.402713e-11
2.691233e+01,8.236450e-10,1.406826e-08,1.406826e-10,2.655004e-10,4.406692e-09,4.406692e-11
2.691447e+01,8.242481e-10,1.407792e-08,1.407792e-10,2.663828e-10,4.417175e-09,4.417175e-11
2.691660e+01,8.259019e-10,1.411305e-08,1.411305e-10,2.678392e-10,4.436030e-09,4.436030e-11
2.691874e+01,8.281896e-10,1.418409e-08,1.418409e-10,2.686987e-10,4.460599e-09,4.460599e-11
2.692088e+01,8.302930e-10,1.429096e-08,1.429096e-10,2.689581e-10,4.492407e-09,4.492407e-11
2.692301e+01,8.319926e-10,1.442147e-08,1.442147e-10,2.697623e-10,4.535107e-09,4.535107e-11
2.692515e+01,8.332547e-10,1.454992e-08,1.454992e-10,2.716484e-10,4.582998e-09,4.582998e-11
2.692729e+01,8.328630e-10,1.465526e-08,1.465526e-10,2.731860e-10,4.628545e-09,4.628545e-11
2.692942e+01,8.295323e-10,1.473994e-08,1.473994e-10,2.726692e-10,4.662760e-09,4.662760e-11
2.693156e+01,8.247578e-10,1.482467e-08,1.482467e-10,2.710529e-10,4.694235e-09,4.694235e-11
2.693370e+01,8.224146e-10,1.492694e-08,1.492694e-10,2.712267e-10,4.735544e-09,4.735544e-11
2.693583e+01,8.243875e-10,1.504332e-08,1.504332e-10,2.740198e-10,4.786549e-09,4.786549e-11
2.693797e+01,8.278269e-10,1.514903e-08,1.514903e-10,2.765922e-10,4.833909e-09,4.833909e-11
2.694011e+01,8.282066e-10,1.520868e-08,1.520868e-10,2.760233e-10,4.851548e-09,4.851548e-11
2.694224e+01,8.246627e-10,1.521342e-08,1.521342e-10,2.733843e-10,4.848175e-09,4.848175e-11
2.694438e+01,8.207606e-10,1.518647e-08,1.518647e-10,2.720543e-10,4.837332e-09,4.837332e-11
2.694652e+01,8.192736e-10,1.515435e-08,1.515435e-10,2.725060e-10,4.830146e-09,4.830146e-11
2.694865e+01,8.186721e-10,1.512312e-08,1.512312e-10,2.717620e-10,4.816669e-09,4.816669e-11
2.695079e+01,8.164923e-10,1.507817e-08,1.507817e-10,2.684652e-10,4.785849e-09,4.785849e-11
2.695293e+01,8.129692e-10,1.499490e-08,1.499490e-10,2.653143e-10,4.749718e-09,4.749718e-11
2.695506e+01,8.088183e-10,1.484831e-08,1.484831e-10,2.644874e-10,4.702522e-09,4.702522e-11
2.695720e+01,8.024645e-10,1.464573e-08,1.464573e-10,2.634881e-10,4.650207e-09,4.650207e-11
2.695934e+01,7.930714e-10,1.441461e-08,1.441461e-10,2.591901e-10,4.571155e-09,4.571155e-11
2.696147e+01,7.838206e-10,1.418381e-08,1.418381e-10,2.535742e-10,4.487201e-09,4.487201e-11
2.696361e+01,7.783686e-10,1.396339e-08,1.396339e-10,2.510051e-10,4.411945e-09,4.411945e-11
2.696575e+01,7.750729e-10,1.374018e-08,1.374018e-10,2.510966e-10,4.343793e-09,4.343793e-11
2.696789e+01,7.681437e-10,1.347851e-08,1.347851e-10,2.486955e-10,4.253374e-09,4.253374e-11
2.697002e+01,7.552914e-10,1.315676e-08,1.315676e-10,2.416547e-10,4.112066e-09,4.112066e-11
2.697216e+01,7.408519e-10,1.280463e-08,1.280463e-10,2.342426e-10,3.963099e-09,3.963099e-11
2.697430e+01,7.295646e-10,1.246799e-08,1.246799e-10,2.304408e-10,3.820543e-09,3.820543e-11
2.697643e+01,7.205538e-10,1.217974e-08,1.217974e-10,2.280973e-10,3.704950e-09,3.704950e-11
2.697857e+01,7.105276e-10,1.193801e-08,1.193801e-10,2.233132e-10,3.580210e-09,3.580210e-11
2.698071e+01,6.997020e-10,1.172580e-08,1.172580e-10,2.171414e-10,3.466188e-09,3.466188e-11
2.698284e+01,6.901858e-10,1.150937e-08,1.150937e-10,2.134344e-10,3.367074e-09,3.367074e-11
2.698498e+01,6.813452e-10,1.128459e-08,1.128459e-10,2.120767e-10,3.286222e-09,3.286222e-11
2.698712e+01,6.714642e-10,1.108065e-08,1.108065e-10,2.094546e-10,3.212325e-09,3.212325e-11
2.698925e+01,6.625997e-10,1.093700e-08,1.093700e-10,2.052932e-10,3.142826e-09,3.142826e-11
2.699139e+01,6.590292e-10,1.087005e-08,1.087005e-10,2.035329e-10,3.115841e-09,3.115841e-11
2.699353e+01,6.608025e-10,1.086387e-08,1.086387e-10,2.056235e-10,3.120304e-09,3.120304e-11
2.699566e+01,6.630225e-10,1.087706e-08,1.087706e-10,2.080195e-10,3.140054e-09,3.140054e-11
2.699780e+01,6.623963e-10,1.086278e-08,1.086278e-10,2.078220e-10,3.132737e-09,3.132737e-11
2.699994e+01,6.609033e-10,1.082024e-08,1.082024e-10,2.068587e-10,3.118996e-09,3.118996e-11
2.700207e+01,6.612784e-10,1.077730e-08,1.077730e-10,2.077685e-10,3.109035e-09,3.109035e-11
2.700421e+01,6.628223e-10,1.076565e-08,1.076565e-10,2.095702e-10,3.115364e-09,3.115364e-11
2.700635e+01,6.642261e-10,1.079104e-08,1.079104e-10,2.103979e-10,3.128033e-09,3.128033e-11
2.700848e+01,6.666574e-10,1.084896e-08,1.084896e-10,2.112835e-10,3.157827e-09,3.157827e-11
2.701062e+01,6.707816e-10,1.091131e-08,1.091131e-10,2.136634e-10,3.197020e-09,3.197020e-11
2.701276e+01,6.740648e-10,1.096369e-08,1.096369e-10,2.160384e-10,3.235304e-09,3.235304e-11
2.701489e+01,6.749182e-10,1.102782e-08,1.102782e-10,2.166452e-10,3.267884e-09,3.267884e-11
2.701703e+01,6.768437e-10,1.115368e-08,1.115368e-10,2.173770e-10,3.319306e-09,3.319306e-11
2.701917e+01,6.844028e-10,1.136801e-08,1.136801e-10,2.211993e-10,3.402309e-09,3.402309e-11
2.702130e+01,6.966262e-10,1.166445e-08,1.166445e-10,2.268564e-10,3.508136e-09,3.508136e-11
2.702344e+01,7.086397e-10,1.201521e-08,1.201521e-10,2.308051e-10,3.609732e-09,3.609732e-11
2.702558e+01,7.189904e-10,1.239211e-08,1.239211e-10,2.335329e-10,3.713088e-09,3.713088e-11
2.702771e+01,7.305434e-10,1.278290e-08,1.278290e-10,2.385333e-10,3.830695e-09,3.830695e-11
2.702985e+01,7.441104e-10,1.318870e-08,1.318870e-10,2.455341e-10,3.961416e-09,3.961416e-11
2.703199e+01,7.566132e-10,1.361256e-08,1.361256e-10,2.504293e-10,4.082192e-09,4.082192e-11
2.703412e+01,7.669661e-10,1.405160e-08,1.405160e-10,2.526388e-10,4.189098e-09,4.189098e-11
2.703626e+01,7.780778e-10,1.450419e-08,1.450419e-10,2.566952e-10,4.317158e-09,4.317158e-11
2.703840e+01,7.906343e-10,1.494872e-08,1.494872e-10,2.641740e-10,4.461241e-09,4.461241e-11
2.704053e+01,8.002666e-10,1.535685e-08,1.535685e-10,2.700728e-10,4.599240e-09,4.599240e-11
2.704267e+01,8.044220e-10,1.571249e-08,1.571249e-10,2.709640e-10,4.688159e-09,4.688159e-11
2.704481e+01,8.076534e-10,1.603786e-08,1.603786e-10,2.711277e-10,4.772050e-09,4.772050e-11
2.704694e+01,8.156532e-10,1.635369e-08,1.635369e-10,2.758734e-10,4.867928e-09,4.867928e-11
2.704908e+01,8.275399e-10,1.666178e-08,1.666178e-10,2.830849e-10,4.984761e-09,4.984761e-11
2.705122e+01,8.386854e-10,1.693579e-08,1.693579e-10,2.871169e-10,5.069832e-09,5.069832e-11
2.705335e+01,8.484792e-10,1.715521e-08,1.715521e-10,2.884121e-10,5.126701e-09,5.126701e-11
2.705549e+01,8.596061e-10,1.731509e-08,1.731509e-10,2.920525e-10,5.176379e-09,5.176379e-11
2.705763e+01,8.712039e-10,1.742746e-08,1.742746e-10,2.981376e-10,5.234936e-09,5.234936e-11
2.705977e+01,8.792333e-10,1.749693e-08,1.749693e-10,3.015034e-10,5.285171e-09,5.285171e-11
2.706190e+01,8.834357e-10,1.752014e-08,1.752014e-10,3.007947e-10,5.305254e-09,5.305254e-11
2.706404e+01,8.879597e-10,1.749786e-08,1.749786e-10,3.006532e-10,5.316056e-09,5.316056e-11
2.706618e+01,8.940626e-10,1.743665e-08,1.743665e-10,3.035537e-10,5.323470e-09,5.323470e-11
2.706831e+01,8.980121e-10,1.734349e-08,1.734349e-10,3.058434e-10,5.337317e-09,5.337317e-11
2.707045e+01,8.980529e-10,1.721711e-08,1.721711e-10,3.047697e-10,5.331457e-09,5.331457e-11
2.707259e+01,8.979294e-10,1.706698e-08,1.706698e-10,3.034514e-10,5.319377e-09,5.319377e-11
2.707472e+01,9.007961e-10,1.690529e-08,1.690529e-10,3.050184e-10,5.295766e-09,5.295766e-11
2.707686e+01,9.041759e-10,1.675582e-08,1.675582e-10,3.071056e-10,5.281136e-09,5.281136e-11
2.707900e+01,9.047194e-10,1.662310e-08,1.662310e-10,3.064262e-10,5.267004e-09,5.267004e-11
2.708113e+01,9.037234e-10,1.650194e-08,1.650194e-10,3.045574e-10,5.262952e-09,5.262952e-11
2.708327e+01,9.035504e-10,1.637253e-08,1.637253e-10,3.044031e-10,5.249810e-09,5.249810e-11
2.708541e+01,9.025066e-10,1.624226e-08,1.624226e-10,3.042363e-10,5.227926e-09,5.227926e-11
2.708754e+01,8.984650e-10,1.613458e-08,1.613458e-10,3.011560e-10,5.200395e-09,5.200395e-11
2.708968e+01,8.944375e-10,1.607436e-08,1.607436e-10,2.975601e-10,5.196554e-09,5.196554e-11
2.709182e+01,8.943095e-10,1.605246e-08,1.605246e-10,2.973859e-10,5.211996e-09,5.211996e-11
2.709395e+01,8.954487e-10,1.604091e-08,1.604091e-10,2.986000e-10,5.221237e-09,5.221237e-11
2.709609e+01,8.919107e-10,1.602685e-08,1.602685e-10,2.961811e-10,5.204012e-09,5.204012e-11
2.709823e+01,8.836915e-10,1.602765e-08,1.602765e-10,2.909042e-10,5.188775e-09,5.188775e-11
2.710036e+01,8.763243e-10,1.606357e-08,1.606357e-10,2.882622e-10,5.209098e-09,5.209098e-11
2.710250e+01,8.713400e-10,1.612010e-08,1.612010e-10,2.886412e-10,5.246240e-09,5.246240e-11
2.710464e+01,8.642751e-10,1.617512e-08,1.617512e-10,2.863212e-10,5.261124e-09,5.261124e-11
2.710677e+01,8.535511e-10,1.622315e-08,1.622315e-10,2.798040e-10,5.241098e-09,5.241098e-11
2.710891e+01,8.443501e-10,1.628788e-08,1.628788e-10,2.750870e-10,5.250206e-09,5.250206e-11
2.711105e+01,8.402934e-10,1.636588e-08,1.636588e-10,2.756118e-10,5.288608e-09,5.288608e-11
2.711318e+01,8.375422e-10,1.643562e-08,1.643562e-10,2.762315e-10,5.331700e-09,5.331700e-11
2.711532e+01,8.318209e-10,1.647112e-08,1.647112e-10,2.720165e-10,5.312664e-09,5.312664e-11
2.711746e+01,8.256821e-10,1.648851e-08,1.648851e-10,2.668968e-10,5.285320e-09,5.285320e-11
2.711959e+01,8.231860e-10,1.650443e-08,1.650443e-10,2.667331e-10,5.282054e-09,5.282054e-11
2.712173e+01,8.215541e-10,1.650945e-08,1.650945e-10,2.687674e-10,5.308391e-09,5.308391e-11
2.712387e+01,8.149126e-10,1.646680e-08,1.646680e-10,2.661317e-10,5.292458e-09,5.292458e-11
2.712600e+01,8.040675e-10,1.636584e-08,1.636584e-10,2.594405e-10,5.226847e-09,5.226847e-11
2.712814e+01,7.957617e-10,1.623535e-08,1.623535e-10,2.556865e-10,5.161288e-09,5.161288e-11
2.713028e+01,7.927300e-10,1.610418e-08,1.610418e-10,2.568846e-10,5.123909e-09,5.123909e-11
2.713241e+01,7.907656e-10,1.596966e-08,1.596966e-10,2.576260e-10,5.100134e-09,5.100134e-11
2.713455e+01,7.864506e-10,1.580126e-08,1.580126e-10,2.547756e-10,5.037332e-09,5.037332e-11
2.713669e+01,7.815409e-10,1.558846e-08,1.558846e-10,2.520175e-10,4.955638e-09,4.955638e-11
2.713882e+01,7.781131e-10,1.535022e-08,1.535022e-10,2.525548e-10,4.872036e-09,4.872036e-11
2.714096e+01,7.749228e-10,1.511850e-08,1.511850e-10,2.539645e-10,4.817574e-09,4.817574e-11
2.714310e+01,7.708393e-10,1.489784e-08,1.489784e-10,2.532641e-10,4.766757e-09,4.766757e-11
2.714524e+01,7.673881e-10,1.467860e-08,1.467860e-10,2.519736e-10,4.713275e-09,4.713275e-11
2.714737e+01,7.654858e-10,1.445545e-08,1.445545e-10,2.526486e-10,4.651101e-09,4.651101e-11
2.714951e+01,7.634548e-10,1.424639e-08,1.424639e-10,2.542680e-10,4.601659e-09,4.601659e-11
2.715165e+01,7.603397e-10,1.406758e-08,1.406758e-10,2.548086e-10,4.574298e-09,4.574298e-11
2.715378e+01,7.582228e-10,1.392122e-08,1.392122e-10,2.551593e-10,4.567102e-09,4.567102e-11
2.715592e+01,7.588734e-10,1.379659e-08,1.379659e-10,2.568180e-10,4.563271e-09,4.563271e-11
2.715806e+01,7.606951e-10,1.369441e-08,1.369441e-10,2.587087e-10,4.556411e-09,4.556411e-11
2.716019e+01,7.616654e-10,1.362912e-08,1.362912e-10,2.595924e-10,4.562346e-09,4.562346e-11
2.716233e+01,7.625667e-10,1.360802e-08,1.360802e-10,2.607580e-10,4.597078e-09,4.597078e-11
2.716447e+01,7.643071e-10,1.361312e-08,1.361312e-10,2.630542e-10,4.649505e-09,4.649505e-11
2.716660e+01,7.648036e-10,1.362176e-08,1.362176e-10,2.641182e-10,4.694694e-09,4.694694e-11
2.716874e+01,7.627515e-10,1.363176e-08,1.363176e-10,2.625392e-10,4.725043e-09,4.725043e-11
2.717088e+01,7.614624e-10,1.365973e-08,1.365973e-10,2.615401e-10,4.766736e-09,4.766736e-11
2.717301e+01,7.641907e-10,1.370818e-08,1.370818e-10,2.639542e-10,4.825921e-09,4.825921e-11
2.717515e+01,7.686400e-10,1.376252e-08,1.376252e-10,2.669262e-10,4.889526e-09,4.889526e-11
2.717729e+01,7.707084e-10,1.380168e-08,1.380168e-10,2.665027e-10,4.921658e-09,4.921658e-11
2.717942e+01,7.712132e-10,1.382753e-08,1.382753e-10,2.646723e-10,4.943405e-09,4.943405e-11
2.718156e+01,7.737421e-10,1.385336e-08,1.385336e-10,2.660289e-10,4.970780e-09,4.970780e-11
2.718370e+01,7.779106e-10,1.388962e-08,1.388962e-10,2.693877e-10,5.014803e-09,5.014803e-11
2.718583e+01,7.802870e-10,1.392731e-08,1.392731e-10,2.695680e-10,5.034361e-09,5.034361e-11
2.718797e+01,7.812119e-10,1.396594e-08,1.396594e-10,2.668074e-10,5.032119e-09,5.032119e-11
2.719011e+01,7.847830e-10,1.401752e-08,1.401752e-10,2.668560e-10,5.035981e-09,5.035981e-11
2.719224e+01,7.909817e-10,1.409340e-08,1.409340e-10,2.707299e-10,5.056749e-09,5.056749e-11
2.719438e+01,7.946507e-10,1.418997e-08,1.418997e-10,2.724313e-10,5.072810e-09,5.072810e-11
2.719652e+01,7.945246e-10,1.430121e-08,1.430121e-10,2.694626e-10,5.052430e-09,5.052430e-11
2.719865e+01,7.961518e-10,1.443955e-08,1.443955e-10,2.674863e-10,5.043017e-09,5.043017e-11
2.720079e+01,8.024154e-10,1.461070e-08,1.461070e-10,2.703374e-10,5.045068e-09,5.045068e-11
2.720293e+01,8.082843e-10,1.481445e-08,1.481445e-10,2.731500e-10,5.064236e-09,5.064236e-11
2.720506e+01,8.095909e-10,1.503222e-08,1.503222e-10,2.710128e-10,5.044267e-09,5.044267e-11
2.720720e+01,8.100433e-10,1.527121e-08,1.527121e-10,2.675103e-10,5.034136e-09,5.034136e-11
2.720934e+01,8.143329e-10,1.552529e-08,1.552529e-10,2.680085e-10,5.035456e-09,5.035456e-11
2.721147e+01,8.197885e-10,1.579288e-08,1.579288e-10,2.699327e-10,5.060454e-09,5.060454e-11
2.721361e+01,8.209282e-10,1.605057e-08,1.605057e-10,2.674283e-10,5.052698e-09,5.052698e-11
2.721575e+01,8.187518e-10,1.629623e-08,1.629623e-10,2.620297e-10,5.036901e-09,5.036901e-11
2.721788e+01,8.185056e-10,1.652275e-08,1.652275e-10,2.600769e-10,5.035027e-09,5.035027e-11
2.722002e+01,8.201145e-10,1.672766e-08,1.672766e-10,2.613988e-10,5.048430e-09,5.048430e-11
2.722216e+01,8.187479e-10,1.689264e-08,1.689264e-10,2.598178e-10,5.039789e-09,5.039789e-11
2.722429e+01,8.147897e-10,1.701308e-08,1.701308e-10,2.548408e-10,4.998635e-09,4.998635e-11
2.722643e+01,8.139943e-10,1.710346e-08,1.710346e-10,2.529161e-10,4.974444e-09,4.974444e-11
2.722857e+01,8.163713e-10,1.715777e-08,1.715777e-10,2.554270e-10,4.960409e-09,4.960409e-11
2.723070e+01,8.150802e-10,1.716567e-08,1.716567e-10,2.557474e-10,4.940695e-09,4.940695e-11
2.723284e+01,8.090132e-10,1.711872e-08,1.711872e-10,2.513838e-10,4.870592e-09,4.870592e-11
2.723498e+01,8.064294e-10,1.704550e-08,1.704550e-10,2.490487e-10,4.819431e-09,4.819431e-11
2.723712e+01,8.119380e-10,1.694903e-08,1.694903e-10,2.529790e-10,4.783058e-09,4.783058e-11
2.723925e+01,8.187689e-10,1.683302e-08,1.683302e-10,2.572252e-10,4.767054e-09,4.767054e-11
2.724139e+01,8.194338e-10,1.667495e-08,1.667495e-10,2.558917e-10,4.693102e-09,4.693102e-11
2.724353e+01,8.171443e-10,1.649710e-08,1.649710e-10,2.534623e-10,4.632988e-09,4.632988e-11
2.724566e+01,8.195298e-10,1.631478e-08,1.631478e-10,2.568758e-10,4.601521e-09,4.601521e-11
2.724780e+01,8.257135e-10,1.613554e-08,1.613554e-10,2.631724e-10,4.614537e-09,4.614537e-11
2.724994e+01,8.285223e-10,1.594252e-08,1.594252e-10,2.645937e-10,4.586798e-09,4.586798e-11
2.725207e+01,8.272605e-10,1.574395e-08,1.574395e-10,2.623348e-10,4.547651e-09,4.547651e-11
2.725421e+01,8.282056e-10,1.556395e-08,1.556395e-10,2.644448e-10,4.555291e-09,4.555291e-11
2.725635e+01,8.323241e-10,1.540658e-08,1.540658e-10,2.712084e-10,4.608980e-09,4.608980e-11
2.725848e+01,8.333439e-10,1.526762e-08,1.526762e-10,2.742718e-10,4.659562e-09,4.659562e-11
2.726062e+01,8.298272e-10,1.513582e-08,1.513582e-10,2.714014e-10,4.655850e-09,4.655850e-11
2.726276e+01,8.288193e-10,1.503761e-08,1.503761e-10,2.706014e-10,4.697996e-09,4.697996e-11
2.726489e+01,8.343730e-10,1.496942e-08,1.496942e-10,2.764075e-10,4.768501e-09,4.768501e-11
2.726703e+01,8.410390e-10,1.492716e-08,1.492716e-10,2.823301e-10,4.864540e-09,4.864540e-11
2.726917e+01,8.431219e-10,1.488598e-08,1.488598e-10,2.821404e-10,4.892777e-09,4.892777e-11
2.727130e+01,8.433250e-10,1.485294e-08,1.485294e-10,2.800829e-10,4.927668e-09,4.927668e-11
2.727344e+01,8.467150e-10,1.482165e-08,1.482165e-10,2.828529e-10,4.976731e-09,4.976731e-11
2.727558e+01,8.510879e-10,1.478468e-08,1.478468e-10,2.879252e-10,5.039803e-09,5.039803e-11
2.727771e+01,8.503210e-10,1.472720e-08,1.472720e-10,2.881927e-10,5.063359e-09,5.063359e-11
2.727985e+01,8.448283e-10,1.464974e-08,1.464974e-10,2.841674e-10,5.055314e-09,5.055314e-11
2.728199e+01,8.405210e-10,1.456340e-08,1.456340e-10,2.826096e-10,5.059528e-09,5.059528e-11
2.728412e+01,8.386873e-10,1.446800e-08,1.446800e-10,2.848887e-10,5.065552e-09,5.065552e-11
2.728626e+01,8.350190e-10,1.436123e-08,1.436123e-10,2.855131e-10,5.063707e-09,5.063707e-11
2.728840e+01,8.284362e-10,1.424118e-08,1.424118e-10,2.822049e-10,5.029482e-09,5.029482e-11
2.729053e+01,8.233406e-10,1.412434e-08,1.412434e-10,2.792822e-10,5.000425e-09,5.000425e-11
2.729267e+01,8.222187e-10,1.402051e-08,1.402051e-10,2.797646e-10,4.976675e-09,4.976675e-11
2.729481e+01,8.224263e-10,1.393653e-08,1.393653e-10,2.810512e-10,4.959710e-09,4.959710e-11
2.729694e+01,8.211453e-10,1.386891e-08,1.386891e-10,2.801987e-10,4.935631e-09,4.935631e-11
2.729908e+01,8.190454e-10,1.381382e-08,1.381382e-10,2.782760e-10,4.911624e-09,4.911624e-11
2.730122e+01,8.177074e-10,1.376324e-08,1.376324e-10,2.772558e-10,4.890005e-09,4.890005e-11
2.730335e+01,8.164952e-10,1.371447e-08,1.371447e-10,2.765089e-10,4.867210e-09,4.867210e-11
2.730549e+01,8.143579e-10,1.367027e-08,1.367027e-10,2.750000e-10,4.839998e-09,4.839998e-11
2.730763e+01,8.122378e-10,1.363450e-08,1.363450e-10,2.735747e-10,4.810313e-09,4.810313e-11
2.730976e+01,8.112684e-10,1.360709e-08,1.360709e-10,2.727641e-10,4.777918e-09,4.777918e-11
2.731190e+01,8.106175e-10,1.358496e-08,1.358496e-10,2.714098e-10,4.737859e-09,4.737859e-11
2.731404e+01,8.096552e-10,1.356029e-08,1.356029e-10,2.693598e-10,4.689386e-09,4.689386e-11
2.731617e+01,8.096837e-10,1.352699e-08,1.352699e-10,2.683364e-10,4.635719e-09,4.635719e-11
2.731831e+01,8.107605e-10,1.348585e-08,1.348585e-10,2.682305e-10,4.579748e-09,4.579748e-11
2.732045e+01,8.105186e-10,1.344202e-08,1.344202e-10,2.663340e-10,4.515223e-09,4.515223e-11
2.732259e+01,8.084881e-10,1.340097e-08,1.340097e-10,2.623960e-10,4.442771e-09,4.442771e-11
2.732472e+01,8.077353e-10,1.336765e-08,1.336765e-10,2.601213e-10,4.379432e-09,4.379432e-11
2.732686e+01,8.098533e-10,1.333466e-08,1.333466e-10,2.610041e-10,4.324712e-09,4.324712e-11
2.732900e+01,8.120205e-10,1.329036e-08,1.329036e-10,2.612456e-10,4.271712e-09,4.271712e-11
2.733113e+01,8.116885e-10,1.322776e-08,1.322776e-10,2.581386e-10,4.191637e-09,4.191637e-11
2.733327e+01,8.106688e-10,1.315778e-08,1.315778e-10,2.551328e-10,4.121143e-09,4.121143e-11
2.733541e+01,8.115325e-10,1.308843e-08,1.308843e-10,2.561003e-10,4.063888e-09,4.063888e-11
2.733754e+01,8.125246e-10,1.302471e-08,1.302471e-10,2.581568e-10,4.027821e-09,4.027821e-11
2.733968e+01,8.103195e-10,1.295425e-08,1.295425e-10,2.561707e-10,3.960985e-09,3.960985e-11
2.734182e+01,8.062627e-10,1.287686e-08,1.287686e-10,2.517472e-10,3.886405e-09,3.886405e-11
2.734395e+01,8.043610e-10,1.279665e-08,1.279665e-10,2.505221e-10,3.826057e-09,3.826057e-11
2.734609e+01,8.040629e-10,1.272488e-08,1.272488e-10,2.521942e-10,3.786864e-09,3.786864e-11
2.734823e+01,8.014031e-10,1.266480e-08,1.266480e-10,2.510983e-10,3.736423e-09,3.736423e-11
2.735036e+01,7.970055e-10,1.262409e-08,1.262409e-10,2.464555e-10,3.660721e-09,3.660721e-11
2.735250e+01,7.957942e-10,1.261198e-08,1.261198e-10,2.440030e-10,3.614564e-09,3.614564e-11
2.735464e+01,7.981286e-10,1.262263e-08,1.262263e-10,2.459606e-10,3.590836e-09,3.590836e-11
2.735677e+01,7.982859e-10,1.264766e-08,1.264766e-10,2.470949e-10,3.582647e-09,3.582647e-11
2.735891e+01,7.936826e-10,1.268101e-08,1.268101e-10,2.438763e-10,3.540198e-09,3.540198e-11
2.736105e+01,7.893721e-10,1.274791e-08,1.274791e-10,2.406250e-10,3.523120e-09,3.523120e-11
2.736318e+01,7.899388e-10,1.285897e-08,1.285897e-10,2.420053e-10,3.536262e-09,3.536262e-11
2.736532e+01,7.922815e-10,1.301756e-08,1.301756e-10,2.451286e-10,3.586636e-09,3.586636e-11
2.736746e+01,7.914640e-10,1.319839e-08,1.319839e-10,2.449648e-10,3.618612e-09,3.618612e-11
2.736959e+01,7.895011e-10,1.339810e-08,1.339810e-10,2.432491e-10,3.657424e-09,3.657424e-11
2.737173e+01,7.916865e-10,1.361608e-08,1.361608e-10,2.449551e-10,3.715048e-09,3.715048e-11
2.737387e+01,7.972985e-10,1.386214e-08,1.386214e-10,2.491840e-10,3.801798e-09,3.801798e-11
2.737600e+01,8.013995e-10,1.412866e-08,1.412866e-10,2.512216e-10,3.884355e-09,3.884355e-11
2.737814e+01,8.036484e-10,1.440903e-08,1.440903e-10,2.513076e-10,3.968068e-09,3.968068e-11
2.738028e+01,8.078562e-10,1.469225e-08,1.469225e-10,2.537553e-10,4.066756e-09,4.066756e-11
2.738241e+01,8.137686e-10,1.495793e-08,1.495793e-10,2.585071e-10,4.173919e-09,4.173919e-11
2.738455e+01,8.165454e-10,1.519213e-08,1.519213e-10,2.608908e-10,4.268741e-09,4.268741e-11
2.738669e+01,8.147473e-10,1.539093e-08,1.539093e-10,2.599644e-10,4.340998e-09,4.340998e-11
2.738882e+01,8.126272e-10,1.556563e-08,1.556563e-10,2.601950e-10,4.419330e-09,4.419330e-11
2.739096e+01,8.130244e-10,1.571242e-08,1.571242e-10,2.633728e-10,4.494237e-09,4.494237e-11
2.739310e+01,8.131545e-10,1.583095e-08,1.583095e-10,2.653325e-10,4.561289e-09,4.561289e-11
2.739523e+01,8.103531e-10,1.590619e-08,1.590619e-10,2.634603e-10,4.589547e-09,4.589547e-11
2.739737e+01,8.069533e-10,1.593300e-08,1.593300e-10,2.613884e-10,4.614056e-09,4.614056e-11
2.739951e+01,8.053175e-10,1.590371e-08,1.590371e-10,2.622592e-10,4.623539e-09,4.623539e-11
2.740164e+01,8.028549e-10,1.582482e-08,1.582482e-10,2.628431e-10,4.624134e-09,4.624134e-11
2.740378e+01,7.971727e-10,1.570442e-08,1.570442e-10,2.596466e-10,4.586061e-09,4.586061e-11
2.740592e+01,7.918640e-10,1.555897e-08,1.555897e-10,2.559852e-10,4.547552e-09,4.547552e-11
2.740805e+01,7.910848e-10,1.538792e-08,1.538792e-10,2.565399e-10,4.516953e-09,4.516953e-11
2.741019e+01,7.920364e-10,1.517449e-08,1.517449e-10,2.589761e-10,4.480682e-09,4.480682e-11
2.741233e+01,7.886049e-10,1.490659e-08,1.490659e-10,2.576488e-10,4.407372e-09,4.407372e-11
2.741447e+01,7.801035e-10,1.459522e-08,1.459522e-10,2.528528e-10,4.308777e-09,4.308777e-11
2.741660e+01,7.713145e-10,1.426580e-08,1.426580e-10,2.499060e-10,4.228412e-09,4.228412e-11
2.741874e+01,7.648340e-10,1.392706e-08,1.392706e-10,2.501037e-10,4.156009e-09,4.156009e-11
2.742088e+01,7.584234e-10,1.357466e-08,1.357466e-10,2.490448e-10,4.070287e-09,4.070287e-11
2.742301e+01,7.502351e-10,1.320937e-08,1.320937e-10,2.446215e-10,3.951012e-09,3.951012e-11
2.742515e+01,7.417881e-10,1.284684e-08,1.284684e-10,2.404157e-10,3.847564e-09,3.847564e-11
2.742729e+01,7.338156e-10,1.249067e-08,1.249067e-10,2.390024e-10,3.767616e-09,3.767616e-11
2.742942e+01,7.239142e-10,1.214085e-08,1.214085e-10,2.375584e-10,3.700097e-09,3.700097e-11
2.743156e+01,7.115984e-10,1.179774e-08,1.179774e-10,2.333721e-10,3.609624e-09,3.609624e-11
2.743370e+01,7.010958e-10,1.148248e-08,1.148248e-10,2.289821e-10,3.522101e-09,3.522101e-11
2.743583e+01,6.953420e-10,1.122023e-08,1.122023e-10,2.278131e-10,3.473711e-09,3.473711e-11
2.743797e+01,6.910231e-10,1.101456e-08,1.101456e-10,2.283444e-10,3.468447e-09,3.468447e-11
2.744011e+01,6.833803e-10,1.083320e-08,1.083320e-10,2.269882e-10,3.465101e-09,3.465101e-11
2.744224e+01,6.727507e-10,1.065638e-08,1.065638e-10,2.238351e-10,3.441385e-09,3.441385e-11
2.744438e+01,6.628383e-10,1.050397e-08,1.050397e-10,2.215011e-10,3.421350e-09,3.421350e-11
2.744652e+01,6.550019e-10,1.040775e-08,1.040775e-10,2.205599e-10,3.436175e-09,3.436175e-11
2.744865e+01,6.477179e-10,1.036355e-08,1.036355e-10,2.195994e-10,3.477224e-09,3.477224e-11
2.745079e+01,6.403653e-10,1.034012e-08,1.034012e-10,2.184500e-10,3.515088e-09,3.515088e-11
2.745293e+01,6.338505e-10,1.031448e-08,1.031448e-10,2.180655e-10,3.532580e-09,3.532580e-11
2.745506e+01,6.278423e-10,1.029762e-08,1.029762e-10,2.178923e-10,3.551928e-09,3.551928e-11
2.745720e+01,6.208721e-10,1.030876e-08,1.030876e-10,2.167025e-10,3.591390e-09,3.591390e-11
2.745934e+01,6.135282e-10,1.034428e-08,1.034428e-10,2.154680e-10,3.653746e-09,3.653746e-11
2.746147e+01,6.082326e-10,1.037597e-08,1.037597e-10,2.159837e-10,3.707380e-09,3.707380e-11
2.746361e+01,6.053665e-10,1.038943e-08,1.038943e-10,2.173382e-10,3.738974e-09,3.738974e-11
2.746575e+01,6.029166e-10,1.040469e-08,1.040469e-10,2.171767e-10,3.758338e-09,3.758338e-11
2.746788e+01,6.001445e-10,1.043864e-08,1.043864e-10,2.159702e-10,3.792556e-09,3.792556e-11
2.747002e+01,5.984144e-10,1.047570e-08,1.047570e-10,2.163935e-10,3.840356e-09,3.840356e-11
2.747216e+01,5.978390e-10,1.047963e-08,1.047963e-10,2.182026e-10,3.864054e-09,3.864054e-11
2.747429e+01,5.964032e-10,1.044820e-08,1.044820e-10,2.179949e-10,3.849899e-09,3.849899e-11
2.747643e+01,5.935768e-10,1.041113e-08,1.041113e-10,2.150861e-10,3.814303e-09,3.814303e-11
2.747857e+01,5.917693e-10,1.039471e-08,1.039471e-10,2.131709e-10,3.810278e-09,3.810278e-11
2.748070e+01,5.923522e-10,1.038004e-08,1.038004e-10,2.143494e-10,3.816325e-09,3.816325e-11
2.748284e+01,5.926928e-10,1.033787e-08,1.033787e-10,2.154080e-10,3.802296e-09,3.802296e-11
2.748498e+01,5.901545e-10,1.027283e-08,1.027283e-10,2.130709e-10,3.745258e-09,3.745258e-11
2.748711e+01,5.866517e-10,1.022982e-08,1.022982e-10,2.097007e-10,3.705179e-09,3.705179e-11
2.748925e+01,5.855622e-10,1.023200e-08,1.023200e-10,2.094878e-10,3.713555e-09,3.713555e-11
2.749139e+01,5.862318e-10,1.025450e-08,1.025450e-10,2.115476e-10,3.736907e-09,3.736907e-11
2.749352e+01,5.855434e-10,1.026891e-08,1.026891e-10,2.116691e-10,3.728240e-09,3.728240e-11
2.749566e+01,5.836618e-10,1.029457e-08,1.029457e-10,2.093336e-10,3.694523e-09,3.694523e-11
2.749780e+01,5.839459e-10,1.037651e-08,1.037651e-10,2.083095e-10,3.705189e-09,3.705189e-11
2.749994e+01,5.876221e-10,1.051554e-08,1.051554e-10,2.103994e-10,3.759740e-09,3.759740e-11
2.750207e+01,5.920927e-10,1.067026e-08,1.067026e-10,2.126869e-10,3.811918e-09,3.811918e-11
2.750421e+01,5.952255e-10,1.081200e-08,1.081200e-10,2.124726e-10,3.817541e-09,3.817541e-11
2.750635e+01,5.987358e-10,1.096846e-08,1.096846e-10,2.115024e-10,3.818225e-09,3.818225e-11
2.750848e+01,6.054312e-10,1.117499e-08,1.117499e-10,2.129549e-10,3.864428e-09,3.864428e-11
2.751062e+01,6.149033e-10,1.142056e-08,1.142056e-10,2.166519e-10,3.944909e-09,3.944909e-11
2.751276e+01,6.243337e-10,1.165773e-08,1.165773e-10,2.197465e-10,4.004758e-09,4.004758e-11
2.751489e+01,6.328219e-10,1.186877e-08,1.186877e-10,2.211774e-10,4.021697e-09,4.021697e-11
2.751703e+01,6.422044e-10,1.208909e-08,1.208909e-10,2.228469e-10,4.045690e-09,4.045690e-11
2.751917e+01,6.536987e-10,1.235190e-08,1.235190e-10,2.263797e-10,4.118407e-09,4.118407e-11
2.752130e+01,6.662681e-10,1.264266e-08,1.264266e-10,2.310208e-10,4.221081e-09,4.221081e-11
2.752344e+01,6.785133e-10,1.292094e-08,1.292094e-10,2.350485e-10,4.301297e-09,4.301297e-11
2.752558e+01,6.906903e-10,1.318206e-08,1.318206e-10,2.380195e-10,4.349872e-09,4.349872e-11
2.752771e+01,7.042297e-10,1.346530e-08,1.346530e-10,2.412596e-10,4.416536e-09,4.416536e-11
2.752985e+01,7.198063e-10,1.379746e-08,1.379746e-10,2.461859e-10,4.534813e-09,4.534813e-11
2.753199e+01,7.364311e-10,1.415758e-08,1.415758e-10,2.524265e-10,4.677998e-09,4.677998e-11
2.753412e+01,7.527147e-10,1.450759e-08,1.450759e-10,2.582684e-10,4.796404e-09,4.796404e-11
2.753626e+01,7.688022e-10,1.484701e-08,1.484701e-10,2.630444e-10,4.887135e-09,4.887135e-11
2.753840e+01,7.860969e-10,1.520943e-08,1.520943e-10,2.682672e-10,4.997129e-09,4.997129e-11
2.754053e+01,8.048754e-10,1.560801e-08,1.560801e-10,2.754684e-10,5.149140e-09,5.149140e-11
2.754267e+01,8.229779e-10,1.601163e-08,1.601163e-10,2.834593e-10,5.311437e-09,5.311437e-11
2.754481e+01,8.379042e-10,1.638062e-08,1.638062e-10,2.895972e-10,5.438839e-09,5.438839e-11
2.754694e+01,8.498348e-10,1.671468e-08,1.671468e-10,2.935859e-10,5.536520e-09,5.536520e-11
2.754908e+01,8.609549e-10,1.704093e-08,1.704093e-10,2.978393e-10,5.647734e-09,5.647734e-11
2.755122e+01,8.718695e-10,1.736545e-08,1.736545e-10,3.035744e-10,5.784819e-09,5.784819e-11
2.755335e+01,8.807456e-10,1.765831e-08,1.765831e-10,3.087345e-10,5.915095e-09,5.915095e-11
2.755549e+01,8.866925e-10,1.789017e-08,1.789017e-10,3.113711e-10,6.002557e-09,6.002557e-11
2.755763e+01,8.915681e-10,1.806907e-08,1.806907e-10,3.128489e-10,6.063478e-09,6.063478e-11
2.755976e+01,8.970435e-10,1.822085e-08,1.822085e-10,3.154222e-10,6.133545e-09,6.133545e-11
2.756190e+01,9.019183e-10,1.834832e-08,1.834832e-10,3.185107e-10,6.216385e-09,6.216385e-11
2.756404e+01,9.042487e-10,1.842438e-08,1.842438e-10,3.198612e-10,6.276860e-09,6.276860e-11
2.756617e+01,9.047475e-10,1.843142e-08,1.843142e-10,3.193811e-10,6.292474e-09,6.292474e-11
2.756831e+01,9.055734e-10,1.838515e-08,1.838515e-10,3.191152e-10,6.283901e-09,6.283901e-11
2.757045e+01,9.064366e-10,1.831149e-08,1.831149e-10,3.195812e-10,6.280960e-09,6.280960e-11
2.757258e+01,9.047415e-10,1.820667e-08,1.820667e-10,3.189981e-10,6.277311e-09,6.277311e-11
2.757472e+01,8.999421e-10,1.804523e-08,1.804523e-10,3.165863e-10,6.242763e-09,6.242763e-11
2.757686e+01,8.947421e-10,1.781884e-08,1.781884e-10,3.138935e-10,6.166991e-09,6.166991e-11
2.757899e+01,8.909072e-10,1.755476e-08,1.755476e-10,3.119718e-10,6.078478e-09,6.078478e-11
2.758113e+01,8.868088e-10,1.728321e-08,1.728321e-10,3.096517e-10,6.002797e-09,6.002797e-11
2.758327e+01,8.806132e-10,1.700066e-08,1.700066e-10,3.059729e-10,5.930479e-09,5.930479e-11
2.758540e+01,8.733956e-10,1.668636e-08,1.668636e-10,3.021200e-10,5.836518e-09,5.836518e-11
2.758754e+01,8.670467e-10,1.633927e-08,1.633927e-10,2.991437e-10,5.715819e-09,5.715819e-11
2.758968e+01,8.611425e-10,1.599592e-08,1.599592e-10,2.959427e-10,5.600886e-09,5.600886e-11
2.759182e+01,8.540970e-10,1.568222e-08,1.568222e-10,2.914929e-10,5.506948e-09,5.506948e-11
2.759395e+01,8.461079e-10,1.538924e-08,1.538924e-10,2.871399e-10,5.428175e-09,5.428175e-11
2.759609e+01,8.384583e-10,1.508571e-08,1.508571e-10,2.844002e-10,5.328474e-09,5.328474e-11
2.759823e+01,8.304349e-10,1.477090e-08,1.477090e-10,2.818817e-10,5.210741e-09,5.210741e-11
2.760036e+01,8.200491e-10,1.447703e-08,1.447703e-10,2.772663e-10,5.098027e-09,5.098027e-11
2.760250e+01,8.077861e-10,1.422428e-08,1.422428e-10,2.714967e-10,5.015486e-09,5.015486e-11
2.760464e+01,7.964961e-10,1.399776e-08,1.399776e-10,2.676102e-10,4.951355e-09,4.951355e-11
2.760677e+01,7.868790e-10,1.376457e-08,1.376457e-10,2.656331e-10,4.863999e-09,4.863999e-11
2.760891e+01,7.763544e-10,1.353420e-08,1.353420e-10,2.622432e-10,4.757819e-09,4.757819e-11
2.761105e+01,7.637546e-10,1.334131e-08,1.334131e-10,2.562512e-10,4.654920e-09,4.654920e-11
2.761318e+01,7.519239e-10,1.320437e-08,1.320437e-10,2.509674e-10,4.598709e-09,4.598709e-11
2.761532e+01,7.438399e-10,1.309258e-08,1.309258e-10,2.491078e-10,4.554739e-09,4.554739e-11
2.761746e+01,7.382988e-10,1.297499e-08,1.297499e-10,2.482936e-10,4.488959e-09,4.488959e-11
2.761959e+01,7.322327e-10,1.286234e-08,1.286234e-10,2.449053e-10,4.392199e-09,4.392199e-11
2.762173e+01,7.258979e-10,1.278997e-08,1.278997e-10,2.401357e-10,4.314847e-09,4.314847e-11
2.762387e+01,7.222090e-10,1.276426e-08,1.276426e-10,2.381888e-10,4.295027e-09,4.295027e-11
2.762600e+01,7.212204e-10,1.273374e-08,1.273374e-10,2.393327e-10,4.284416e-09,4.284416e-11
2.762814e+01,7.190751e-10,1.265780e-08,1.265780e-10,2.390313e-10,4.243925e-09,4.243925e-11
2.763028e+01,7.141530e-10,1.255249e-08,1.255249e-10,2.350717e-10,4.162705e-09,4.162705e-11
2.763241e+01,7.104846e-10,1.247594e-08,1.247594e-10,2.314078e-10,4.121456e-09,4.121456e-11
2.763455e+01,7.124490e-10,1.244678e-08,1.244678e-10,2.324429e-10,4.134514e-09,4.134514e-11
2.763669e+01,7.186302e-10,1.243895e-08,1.243895e-10,2.364736e-10,4.165556e-09,4.165556e-11
2.763882e+01,7.239123e-10,1.242169e-08,1.242169e-10,2.382201e-10,4.164300e-09,4.164300e-11
2.764096e+01,7.266446e-10,1.239667e-08,1.239667e-10,2.366925e-10,4.135866e-09,4.135866e-11
2.764310e+01,7.300731e-10,1.239516e-08,1.239516e-10,2.363812e-10,4.150089e-09,4.150089e-11
2.764523e+01,7.366478e-10,1.242862e-08,1.242862e-10,2.400430e-10,4.202145e-09,4.202145e-11
2.764737e+01,7.444278e-10,1.248591e-08,1.248591e-10,2.445079e-10,4.266303e-09,4.266303e-11
2.764951e+01,7.509675e-10,1.255194e-08,1.255194e-10,2.460115e-10,4.293935e-09,4.293935e-11
2.765164e+01,7.576200e-10,1.264347e-08,1.264347e-10,2.462244e-10,4.326539e-09,4.326539e-11
2.765378e+01,7.665202e-10,1.275739e-08,1.275739e-10,2.492740e-10,4.397359e-09,4.397359e-11
2.765592e+01,7.755892e-10,1.285702e-08,1.285702e-10,2.546703e-10,4.484870e-09,4.484870e-11
2.765805e+01,7.804870e-10,1.291931e-08,1.291931e-10,2.575431e-10,4.553423e-09,4.553423e-11
2.766019e+01,7.814604e-10,1.296881e-08,1.296881e-10,2.562381e-10,4.582849e-09,4.582849e-11
2.766233e+01,7.842871e-10,1.305996e-08,1.305996e-10,2.553451e-10,4.633692e-09,4.633692e-11
2.766446e+01,7.927484e-10,1.321342e-08,1.321342e-10,2.589633e-10,4.718287e-09,4.718287e-11
2.766660e+01,8.034425e-10,1.340748e-08,1.340748e-10,2.644383e-10,4.824474e-09,4.824474e-11
2.766874e+01,8.109054e-10,1.358318e-08,1.358318e-10,2.664928e-10,4.895917e-09,4.895917e-11
2.767087e+01,8.155634e-10,1.371901e-08,1.371901e-10,2.654746e-10,4.933750e-09,4.933750e-11
2.767301e+01,8.223288e-10,1.384615e-08,1.384615e-10,2.665656e-10,4.979701e-09,4.979701e-11
2.767515e+01,8.329026e-10,1.400165e-08,1.400165e-10,2.715156e-10,5.045027e-09,5.045027e-11
2.767729e+01,8.442401e-10,1.418431e-08,1.418431e-10,2.764053e-10,5.114817e-09,5.114817e-11
2.767942e+01,8.541725e-10,1.436954e-08,1.436954e-10,2.783115e-10,5.154278e-09,5.154278e-11
2.768156e+01,8.638409e-10,1.453991e-08,1.453991e-10,2.794939e-10,5.188326e-09,5.188326e-11
2.768370e+01,8.733650e-10,1.466562e-08,1.466562e-10,2.827384e-10,5.219784e-09,5.219784e-11
2.768583e+01,8.791949e-10,1.473435e-08,1.473435e-10,2.860738e-10,5.247548e-09,5.247548e-11
2.768797e+01,8.788316e-10,1.475869e-08,1.475869e-10,2.858408e-10,5.248307e-09,5.248307e-11
2.769011e+01,8.762566e-10,1.477819e-08,1.477819e-10,2.832424e-10,5.229427e-09,5.229427e-11
2.769224e+01,8.783708e-10,1.482443e-08,1.482443e-10,2.832254e-10,5.216806e-09,5.216806e-11
2.769438e+01,8.861602e-10,1.490673e-08,1.490673e-10,2.870304e-10,5.220098e-09,5.220098e-11
2.769652e+01,8.938650e-10,1.499656e-08,1.499656e-10,2.905493e-10,5.224902e-09,5.224902e-11
2.769865e+01,8.974251e-10,1.504838e-08,1.504838e-10,2.909428e-10,5.201075e-09,5.201075e-11
2.770079e+01,8.990014e-10,1.505785e-08,1.505785e-10,2.903444e-10,5.157866e-09,5.157866e-11
2.770293e+01,9.018106e-10,1.505847e-08,1.505847e-10,2.913177e-10,5.110847e-09,5.110847e-11
2.770506e+01,9.053509e-10,1.508767e-08,1.508767e-10,2.927484e-10,5.076426e-09,5.076426e-11
2.770720e+01,9.077393e-10,1.514797e-08,1.514797e-10,2.925697e-10,5.042852e-09,5.042852e-11
2.770934e+01,9.091622e-10,1.522711e-08,1.522711e-10,2.914976e-10,5.012773e-09,5.012773e-11
2.771147e+01,9.104889e-10,1.529457e-08,1.529457e-10,2.913400e-10,4.980216e-09,4.980216e-11
2.771361e+01,9.104030e-10,1.533031e-08,1.533031e-10,2.914831e-10,4.944850e-09,4.944850e-11
2.771575e+01,9.069053e-10,1.534368e-08,1.534368e-10,2.899545e-10,4.903497e-09,4.903497e-11
2.771788e+01,9.012315e-10,1.536634e-08,1.536634e-10,2.872660e-10,4.866042e-09,4.866042e-11
2.772002e+01,8.973653e-10,1.542595e-08,1.542595e-10,2.861870e-10,4.847551e-09,4.847551e-11
2.772216e+01,8.965297e-10,1.552469e-08,1.552469e-10,2.871973e-10,4.847823e-09,4.847823e-11
2.772429e+01,8.951915e-10,1.564933e-08,1.564933e-10,2.873989e-10,4.861061e-09,4.861061e-11
2.772643e+01,8.903055e-10,1.577031e-08,1.577031e-10,2.851508e-10,4.870796e-09,4.870796e-11
2.772857e+01,8.833448e-10,1.587376e-08,1.587376e-10,2.824736e-10,4.885594e-09,4.885594e-11
2.773070e+01,8.773955e-10,1.596610e-08,1.596610e-10,2.813527e-10,4.905785e-09,4.905785e-11
2.773284e+01,8.729338e-10,1.606582e-08,1.606582e-10,2.806018e-10,4.936748e-09,4.936748e-11
2.773498e+01,8.688233e-10,1.618019e-08,1.618019e-10,2.784627e-10,4.968489e-09,4.968489e-11
2.773711e+01,8.654842e-10,1.630265e-08,1.630265e-10,2.761093e-10,5.006149e-09,5.006149e-11
2.773925e+01,8.642034e-10,1.641670e-08,1.641670e-10,2.759325e-10,5.052186e-09,5.052186e-11
2.774139e+01,8.638749e-10,1.649775e-08,1.649775e-10,2.773849e-10,5.097163e-09,5.097163e-11
2.774352e+01,8.611667e-10,1.653455e-08,1.653455e-10,2.773639e-10,5.132600e-09,5.132600e-11
2.774566e+01,8.551455e-10,1.653262e-08,1.653262e-10,2.749243e-10,5.150941e-09,5.150941e-11
2.774780e+01,8.491822e-10,1.651036e-08,1.651036e-10,2.728854e-10,5.169727e-09,5.169727e-11
2.774993e+01,8.466027e-10,1.647862e-08,1.647862e-10,2.736592e-10,5.190933e-09,5.190933e-11
2.775207e+01,8.464988e-10,1.643770e-08,1.643770e-10,2.756917e-10,5.214299e-09,5.214299e-11
2.775421e+01,8.456400e-10,1.637784e-08,1.637784e-10,2.760056e-10,5.223935e-09,5.223935e-11
2.775634e+01,8.432677e-10,1.628934e-08,1.628934e-10,2.747555e-10,5.217460e-09,5.217460e-11
2.775848e+01,8.418615e-10,1.617578e-08,1.617578e-10,2.747323e-10,5.204838e-09,5.204838e-11
2.776062e+01,8.433925e-10,1.604899e-08,1.604899e-10,2.769769e-10,5.186977e-09,5.186977e-11
2.776275e+01,8.462548e-10,1.592354e-08,1.592354e-10,2.790746e-10,5.166766e-09,5.166766e-11
2.776489e+01,8.471561e-10,1.580268e-08,1.580268e-10,2.786022e-10,5.130955e-09,5.130955e-11
2.776703e+01,8.452050e-10,1.568347e-08,1.568347e-10,2.766975e-10,5.090791e-09,5.090791e-11
2.776917e+01,8.417688e-10,1.556106e-08,1.556106e-10,2.760021e-10,5.049752e-09,5.049752e-11
2.777130e+01,8.371472e-10,1.543381e-08,1.543381e-10,2.761552e-10,5.009224e-09,5.009224e-11
2.777344e+01,8.303491e-10,1.530394e-08,1.530394e-10,2.743192e-10,4.961964e-09,4.961964e-11
2.777558e+01,8.219999e-10,1.517801e-08,1.517801e-10,2.699918e-10,4.901299e-09,4.901299e-11
2.777771e+01,8.144024e-10,1.506470e-08,1.506470e-10,2.662520e-10,4.848137e-09,4.848137e-11
2.777985e+01,8.083945e-10,1.495961e-08,1.495961e-10,2.652283e-10,4.800970e-09,4.800970e-11
2.778199e+01,8.023099e-10,1.485850e-08,1.485850e-10,2.648088e-10,4.761819e-09,4.761819e-11
2.778412e+01,7.946538e-10,1.475468e-08,1.475468e-10,2.619000e-10,4.708114e-09,4.708114e-11
2.778626e+01,7.867408e-10,1.464365e-08,1.464365e-10,2.572804e-10,4.646666e-09,4.646666e-11
2.778840e+01,7.809859e-10,1.452420e-08,1.452420e-10,2.543426e-10,4.589610e-09,4.589610e-11
2.779053e+01,7.768493e-10,1.439825e-08,1.439825e-10,2.536021e-10,4.536503e-09,4.536503e-11
2.779267e+01,7.711022e-10,1.426500e-08,1.426500e-10,2.517182e-10,4.481734e-09,4.481734e-11
2.779481e+01,7.629766e-10,1.412373e-08,1.412373e-10,2.469797e-10,4.406759e-09,4.406759e-11
2.779694e+01,7.558118e-10,1.398097e-08,1.398097e-10,2.423475e-10,4.335849e-09,4.335849e-11
2.779908e+01,7.519172e-10,1.383696e-08,1.383696e-10,2.406993e-10,4.269288e-09,4.269288e-11
2.780122e+01,7.493612e-10,1.369464e-08,1.369464e-10,2.403522e-10,4.210811e-09,4.210811e-11
2.780335e+01,7.456204e-10,1.355567e-08,1.355567e-10,2.381587e-10,4.141660e-09,4.141660e-11
2.780549e+01,7.414275e-10,1.342760e-08,1.342760e-10,2.345950e-10,4.069440e-09,4.069440e-11
2.780763e+01,7.389094e-10,1.331495e-08,1.331495e-10,2.326431e-10,4.011576e-09,4.011576e-11
2.780976e+01,7.378665e-10,1.321969e-08,1.321969e-10,2.327307e-10,3.967282e-09,3.967282e-11
2.781190e+01,7.363112e-10,1.314047e-08,1.314047e-10,2.322248e-10,3.931548e-09,3.931548e-11
2.781404e+01,7.339991e-10,1.307864e-08,1.307864e-10,2.300237e-10,3.893657e-09,3.893657e-11
2.781617e+01,7.329906e-10,1.304017e-08,1.304017e-10,2.282478e-10,3.872753e-09,3.872753e-11
2.781831e+01,7.341165e-10,1.302755e-08,1.302755e-10,2.285047e-10,3.871557e-09,3.871557e-11
2.782045e+01,7.356566e-10,1.304264e-08,1.304264e-10,2.294630e-10,3.889571e-09,3.889571e-11
2.782258e+01,7.366647e-10,1.308467e-08,1.308467e-10,2.295644e-10,3.917893e-09,3.917893e-11
2.782472e+01,7.386371e-10,1.315635e-08,1.315635e-10,2.296716e-10,3.961218e-09,3.961218e-11
2.782686e+01,7.425526e-10,1.325704e-08,1.325704e-10,2.311081e-10,4.023591e-09,4.023591e-11
2.782899e+01,7.469889e-10,1.338491e-08,1.338491e-10,2.331774e-10,4.100939e-09,4.100939e-11
2.783113e+01,7.507764e-10,1.353541e-08,1.353541e-10,2.347184e-10,4.186622e-09,4.186622e-11
2.783327e+01,7.551166e-10,1.370550e-08,1.370550e-10,2.362908e-10,4.279649e-09,4.279649e-11
2.783540e+01,7.614070e-10,1.389031e-08,1.389031e-10,2.388946e-10,4.380144e-09,4.380144e-11
2.783754e+01,7.686458e-10,1.408291e-08,1.408291e-10,2.418765e-10,4.483449e-09,4.483449e-11
2.783968e+01,7.748557e-10,1.427554e-08,1.427554e-10,2.439891e-10,4.582667e-09,4.582667e-11
2.784181e+01,7.803021e-10,1.446378e-08,1.446378e-10,2.457492e-10,4.677734e-09,4.677734e-11
2.784395e+01,7.869238e-10,1.464615e-08,1.464615e-10,2.485314e-10,4.769899e-09,4.769899e-11
2.784609e+01,7.948166e-10,1.482070e-08,1.482070e-10,2.518449e-10,4.857051e-09,4.857051e-11
2.784822e+01,8.020561e-10,1.498442e-08,1.498442e-10,2.541224e-10,4.932377e-09,4.932377e-11
2.785036e+01,8.081898e-10,1.513554e-08,1.513554e-10,2.557301e-10,4.997390e-09,4.997390e-11
2.785250e+01,8.148751e-10,1.527506e-08,1.527506e-10,2.584384e-10,5.055071e-09,5.055071e-11
2.785464e+01,8.225650e-10,1.540331e-08,1.540331e-10,2.621008e-10,5.106533e-09,5.106533e-11
2.785677e+01,8.294676e-10,1.551895e-08,1.551895e-10,2.646121e-10,5.145057e-09,5.145057e-11
2.785891e+01,8.343029e-10,1.561950e-08,1.561950e-10,2.654486e-10,5.169041e-09,5.169041e-11
2.786105e+01,8.378900e-10,1.570429e-08,1.570429e-10,2.664929e-10,5.184203e-09,5.184203e-11
2.786318e+01,8.414549e-10,1.577464e-08,1.577464e-10,2.687071e-10,5.192235e-09,5.192235e-11
2.786532e+01,8.450149e-10,1.583273e-08,1.583273e-10,2.706225e-10,5.192370e-09,5.192370e-11
2.786746e+01,8.482231e-10,1.587888e-08,1.587888e-10,2.710906e-10,5.178490e-09,5.178490e-11
2.786959e+01,8.514687e-10,1.591284e-08,1.591284e-10,2.713011e-10,5.157083e-09,5.157083e-11
2.787173e+01,8.549998e-10,1.593467e-08,1.593467e-10,2.726110e-10,5.128764e-09,5.128764e-11
2.787387e+01,8.579862e-10,1.594775e-08,1.594775e-10,2.741429e-10,5.096514e-09,5.096514e-11
2.787600e+01,8.599560e-10,1.595631e-08,1.595631e-10,2.744828e-10,5.056786e-09,5.056786e-11
2.787814e+01,8.619962e-10,1.596241e-08,1.596241e-10,2.742475e-10,5.013564e-09,5.013564e-11
2.788028e+01,8.647777e-10,1.596399e-08,1.596399e-10,2.747433e-10,4.968246e-09,4.968246e-11
2.788241e+01,8.669691e-10,1.596128e-08,1.596128e-10,2.754501e-10,4.920805e-09,4.920805e-11
2.788455e+01,8.673983e-10,1.595818e-08,1.595818e-10,2.750629e-10,4.872797e-09,4.872797e-11
2.788669e+01,8.670509e-10,1.595903e-08,1.595903e-10,2.738889e-10,4.827798e-09,4.827798e-11
2.788882e+01,8.673396e-10,1.596381e-08,1.596381e-10,2.731570e-10,4.789748e-09,4.789748e-11
2.789096e+01,8.682738e-10,1.597077e-08,1.597077e-10,2.729154e-10,4.754883e-09,4.754883e-11
2.789310e+01,8.698199e-10,1.598137e-08,1.598137e-10,2.726499e-10,4.722289e-09,4.722289e-11
2.789523e+01,8.732805e-10,1.600216e-08,1.600216e-10,2.730766e-10,4.699024e-09,4.699024e-11
2.789737e+01,8.793899e-10,1.603675e-08,1.603675e-10,2.750930e-10,4.692273e-09,4.692273e-11
2.789951e+01,8.857750e-10,1.607704e-08,1.607704e-10,2.775724e-10,4.696998e-09,4.696998e-11
2.790164e+01,8.886333e-10,1.610658e-08,1.610658e-10,2.784985e-10,4.699789e-09,4.699789e-11
2.790378e+01,8.872759e-10,1.612018e-08,1.612018e-10,2.780571e-10,4.701047e-09,4.701047e-11
2.790592e+01,8.848501e-10,1.612935e-08,1.612935e-10,2.783011e-10,4.712644e-09,4.712644e-11
2.790805e+01,8.841427e-10,1.614460e-08,1.614460e-10,2.797628e-10,4.739083e-09,4.739083e-11
2.791019e+01,8.852439e-10,1.616378e-08,1.616378e-10,2.810716e-10,4.767336e-09,4.767336e-11
2.791233e+01,8.876555e-10,1.618033e-08,1.618033e-10,2.820491e-10,4.789490e-09,4.789490e-11
2.791446e+01,8.913655e-10,1.619173e-08,1.619173e-10,2.840964e-10,4.808967e-09,4.808967e-11
2.791660e+01,8.951163e-10,1.619382e-08,1.619382e-10,2.870204e-10,4.830214e-09,4.830214e-11
2.791874e+01,8.965977e-10,1.618190e-08,1.618190e-10,2.884359e-10,4.845192e-09,4.845192e-11
2.792087e+01,8.954565e-10,1.615282e-08,1.615282e-10,2.874613e-10,4.843952e-09,4.843952e-11
2.792301e+01,8.940374e-10,1.610786e-08,1.610786e-10,2.863976e-10,4.832115e-09,4.832115e-11
2.792515e+01,8.941642e-10,1.605694e-08,1.605694e-10,2.870554e-10,4.817917e-09,4.817917e-11
2.792728e+01,8.947027e-10,1.601183e-08,1.601183e-10,2.878647e-10,4.811059e-09,4.811059e-11
2.792942e+01,8.934013e-10,1.596517e-08,1.596517e-10,2.867399e-10,4.798944e-09,4.798944e-11
2.793156e+01,8.901236e-10,1.589705e-08,1.589705e-10,2.846240e-10,4.780155e-09,4.780155e-11
2.793369e+01,8.866917e-10,1.580342e-08,1.580342e-10,2.837093e-10,4.753027e-09,4.753027e-11
2.793583e+01,8.843609e-10,1.570568e-08,1.570568e-10,2.838948e-10,4.730142e-09,4.730142e-11
2.793797e+01,8.832126e-10,1.562487e-08,1.562487e-10,2.836769e-10,4.715097e-09,4.715097e-11
2.794010e+01,8.828791e-10,1.556242e-08,1.556242e-10,2.831297e-10,4.708616e-09,4.708616e-11
2.794224e+01,8.818572e-10,1.550044e-08,1.550044e-10,2.831368e-10,4.704099e-09,4.704099e-11
2.794438e+01,8.775659e-10,1.541632e-08,1.541632e-10,2.828533e-10,4.689764e-09,4.689764e-11
2.794652e+01,8.693102e-10,1.530230e-08,1.530230e-10,2.808491e-10,4.665384e-09,4.665384e-11
2.794865e+01,8.596905e-10,1.517486e-08,1.517486e-10,2.778031e-10,4.640231e-09,4.640231e-11
2.795079e+01,8.514275e-10,1.505319e-08,1.505319e-10,2.755492e-10,4.621854e-09,4.621854e-11
2.795293e+01,8.445867e-10,1.494290e-08,1.494290e-10,2.742684e-10,4.601663e-09,4.601663e-11
2.795506e+01,8.384503e-10,1.484665e-08,1.484665e-10,2.729489e-10,4.576095e-09,4.576095e-11
2.795720e+01,8.340652e-10,1.476725e-08,1.476725e-10,2.720260e-10,4.556870e-09,4.556870e-11
2.795934e+01,8.321781e-10,1.468681e-08,1.468681e-10,2.725269e-10,4.547976e-09,4.547976e-11
2.796147e+01,8.300206e-10,1.457956e-08,1.457956e-10,2.728693e-10,4.532283e-09,4.532283e-11
2.796361e+01,8.241798e-10,1.444024e-08,1.444024e-10,2.705302e-10,4.488307e-09,4.488307e-11
2.796575e+01,8.165345e-10,1.430039e-08,1.430039e-10,2.668801e-10,4.434879e-09,4.434879e-11
2.796788e+01,8.126514e-10,1.419900e-08,1.419900e-10,2.657833e-10,4.403214e-09,4.403214e-11
2.797002e+01,8.135701e-10,1.414637e-08,1.414637e-10,2.671105e-10,4.404222e-09,4.404222e-11
2.797216e+01,8.143581e-10,1.410716e-08,1.410716e-10,2.666033e-10,4.397856e-09,4.397856e-11
2.797429e+01,8.120351e-10,1.403547e-08,1.403547e-10,2.631979e-10,4.361183e-09,4.361183e-11
2.797643e+01,8.093428e-10,1.392819e-08,1.392819e-10,2.610218e-10,4.315837e-09,4.315837e-11
2.797857e+01,8.086902e-10,1.381963e-08,1.381963e-10,2.620470e-10,4.292271e-09,4.292271e-11
2.798070e+01,8.078331e-10,1.374197e-08,1.374197e-10,2.624329e-10,4.291009e-09,4.291009e-11
2.798284e+01,8.045959e-10,1.368752e-08,1.368752e-10,2.593912e-10,4.266411e-09,4.266411e-11
2.798498e+01,8.013787e-10,1.364637e-08,1.364637e-10,2.565262e-10,4.246647e-09,4.246647e-11
2.798711e+01,8.007349e-10,1.360206e-08,1.360206e-10,2.576904e-10,4.231202e-09,4.231202e-11
2.798925e+01,7.997731e-10,1.354938e-08,1.354938e-10,2.595304e-10,4.245337e-09,4.245337e-11
2.799139e+01,7.945589e-10,1.347391e-08,1.347391e-10,2.566231e-10,4.212569e-09,4.212569e-11
2.799352e+01,7.880000e-10,1.339393e-08,1.339393e-10,2.513722e-10,4.172174e-09,4.172174e-11
2.799566e+01,7.865817e-10,1.333023e-08,1.333023e-10,2.506221e-10,4.142459e-09,4.142459e-11
2.799780e+01,7.900425e-10,1.330526e-08,1.330526e-10,2.539093e-10,4.150315e-09,4.150315e-11
2.799993e+01,7.918178e-10,1.331103e-08,1.331103e-10,2.541871e-10,4.148778e-09,4.148778e-11
2.800207e+01,7.897043e-10,1.331863e-08,1.331863e-10,2.500133e-10,4.108938e-09,4.108938e-11
2.800421e+01,7.879411e-10,1.330583e-08,1.330583e-10,2.477564e-10,4.094481e-09,4.094481e-11
2.800634e+01,7.879469e-10,1.326075e-08,1.326075e-10,2.500093e-10,4.080475e-09,4.080475e-11
2.800848e+01,7.852212e-10,1.320995e-08,1.320995e-10,2.508099e-10,4.081302e-09,4.081302e-11
2.801062e+01,7.781208e-10,1.316893e-08,1.316893e-10,2.463498e-10,4.020465e-09,4.020465e-11
2.801275e+01,7.724092e-10,1.316792e-08,1.316792e-10,2.421512e-10,4.002631e-09,4.002631e-11
2.801489e+01,7.725802e-10,1.318605e-08,1.318605e-10,2.437893e-10,4.007415e-09,4.007415e-11
2.801703e+01,7.745021e-10,1.320676e-08,1.320676e-10,2.472269e-10,4.037293e-09,4.037293e-11
2.801916e+01,7.725490e-10,1.320476e-08,1.320476e-10,2.456502e-10,4.005756e-09,4.005756e-11
2.802130e+01,7.697625e-10,1.320749e-08,1.320749e-10,2.414123e-10,3.963936e-09,3.963936e-11
2.802344e+01,7.731424e-10,1.323299e-08,1.323299e-10,2.421473e-10,3.965809e-09,3.965809e-11
2.802557e+01,7.816245e-10,1.327778e-08,1.327778e-10,2.474391e-10,3.993281e-09,3.993281e-11
2.802771e+01,7.879019e-10,1.332148e-08,1.332148e-10,2.498057e-10,4.000931e-09,4.000931e-11
2.802985e+01,7.907511e-10,1.335716e-08,1.335716e-10,2.479893e-10,3.965994e-09,3.965994e-11
2.803199e+01,7.960206e-10,1.339911e-08,1.339911e-10,2.486486e-10,3.971142e-09,3.971142e-11
2.803412e+01,8.049607e-10,1.342861e-08,1.342861e-10,2.540799e-10,3.993271e-09,3.993271e-11
2.803626e+01,8.110625e-10,1.343279e-08,1.343279e-10,2.580128e-10,4.015671e-09,4.015671e-11
2.803840e+01,8.109266e-10,1.339861e-08,1.339861e-10,2.565804e-10,3.981257e-09,3.981257e-11
2.804053e+01,8.099865e-10,1.336219e-08,1.336219e-10,2.549094e-10,3.966157e-09,3.966157e-11
2.804267e+01,8.133972e-10,1.333370e-08,1.333370e-10,2.579051e-10,3.974166e-09,3.974166e-11
2.804481e+01,8.177039e-10,1.331768e-08,1.331768e-10,2.618332e-10,4.003672e-09,4.003672e-11
2.804694e+01,8.174080e-10,1.329895e-08,1.329895e-10,2.612592e-10,3.994465e-09,3.994465e-11
2.804908e+01,8.149356e-10,1.329432e-08,1.329432e-10,2.586256e-10,3.982448e-09,3.982448e-11
2.805122e+01,8.168995e-10,1.332205e-08,1.332205e-10,2.599445e-10,3.995866e-09,3.995866e-11
2.805335e+01,8.233954e-10,1.338331e-08,1.338331e-10,2.644646e-10,4.039447e-09,4.039447e-11
2.805549e+01,8.285092e-10,1.346400e-08,1.346400e-10,2.663377e-10,4.071421e-09,4.071421e-11
2.805763e+01,8.303070e-10,1.355535e-08,1.355535e-10,2.650141e-10,4.086694e-09,4.086694e-11
2.805976e+01,8.328624e-10,1.367258e-08,1.367258e-10,2.656046e-10,4.122667e-09,4.122667e-11
2.806190e+01,8.381820e-10,1.382040e-08,1.382040e-10,2.694009e-10,4.181867e-09,4.181867e-11
2.806404e+01,8.427515e-10,1.399455e-08,1.399455e-10,2.719602e-10,4.251368e-09,4.251368e-11
2.806617e+01,8.435187e-10,1.417420e-08,1.417420e-10,2.710233e-10,4.303350e-09,4.303350e-11
2.806831e+01,8.420900e-10,1.434807e-08,1.434807e-10,2.698430e-10,4.362615e-09,4.362615e-11
2.807045e+01,8.408367e-10,1.450603e-08,1.450603e-10,2.708897e-10,4.422871e-09,4.422871e-11
2.807258e+01,8.390036e-10,1.465013e-08,1.465013e-10,2.716875e-10,4.484581e-09,4.484581e-11
2.807472e+01,8.354055e-10,1.478535e-08,1.478535e-10,2.698738e-10,4.526926e-09,4.526926e-11
2.807686e+01,8.317586e-10,1.491655e-08,1.491655e-10,2.674995e-10,4.565662e-09,4.565662e-11
2.807899e+01,8.302805e-10,1.504085e-08,1.504085e-10,2.671021e-10,4.600631e-09,4.600631e-11
2.808113e+01,8.304137e-10,1.514905e-08,1.514905e-10,2.675323e-10,4.629676e-09,4.629676e-11
2.808327e+01,8.302998e-10,1.522777e-08,1.522777e-10,2.664449e-10,4.641402e-09,4.641402e-11
2.808540e+01,8.293611e-10,1.526627e-08,1.526627e-10,2.641608e-10,4.634614e-09,4.634614e-11
2.808754e+01,8.277933e-10,1.526532e-08,1.526532e-10,2.623327e-10,4.617127e-09,4.617127e-11
2.808968e+01,8.258324e-10,1.523411e-08,1.523411e-10,2.609211e-10,4.591337e-09,4.591337e-11
2.809181e+01,8.247544e-10,1.518020e-08,1.518020e-10,2.594419e-10,4.558846e-09,4.558846e-11
2.809395e+01,8.258978e-10,1.510470e-08,1.510470e-10,2.587096e-10,4.523617e-09,4.523617e-11
2.809609e+01,8.277815e-10,1.500239e-08,1.500239e-10,2.587781e-10,4.486278e-09,4.486278e-11
2.809822e+01,8.267461e-10,1.486265e-08,1.486265e-10,2.579636e-10,4.440224e-09,4.440224e-11
2.810036e+01,8.216611e-10,1.468281e-08,1.468281e-10,2.557911e-10,4.384448e-09,4.384448e-11
2.810250e+01,8.154935e-10,1.447616e-08,1.447616e-10,2.542236e-10,4.326092e-09,4.326092e-11
2.810463e+01,8.106685e-10,1.426243e-08,1.426243e-10,2.540987e-10,4.274696e-09,4.274696e-11
2.810677e+01,8.060465e-10,1.405147e-08,1.405147e-10,2.532145e-10,4.221017e-09,4.221017e-11
2.810891e+01,8.005995e-10,1.384536e-08,1.384536e-10,2.507340e-10,4.162038e-09,4.162038e-11
2.811104e+01,7.965323e-10,1.364652e-08,1.364652e-10,2.498433e-10,4.115375e-09,4.115375e-11
2.811318e+01,7.950074e-10,1.344840e-08,1.344840e-10,2.520829e-10,4.082350e-09,4.082350e-11
2.811532e+01,7.924385e-10,1.325227e-08,1.325227e-10,2.534069e-10,4.058043e-09,4.058043e-11
2.811745e+01,7.861095e-10,1.305894e-08,1.305894e-10,2.506211e-10,4.001841e-09,4.001841e-11
2.811959e+01,7.798424e-10,1.289032e-08,1.289032e-10,2.476904e-10,3.967047e-09,3.967047e-11
2.812173e+01,7.783078e-10,1.274940e-08,1.274940e-10,2.497705e-10,3.956122e-09,3.956122e-11
2.812387e+01,7.784373e-10,1.263771e-08,1.263771e-10,2.537384e-10,3.991561e-09,3.991561e-11
2.812600e+01,7.734601e-10,1.252876e-08,1.252876e-10,2.525338e-10,3.977890e-09,3.977890e-11
2.812814e+01,7.639343e-10,1.242076e-08,1.242076e-10,2.473775e-10,3.949105e-09,3.949105e-11
2.813028e+01,7.569382e-10,1.232752e-08,1.232752e-10,2.461968e-10,3.960623e-09,3.960623e-11
2.813241e+01,7.544345e-10,1.225880e-08,1.225880e-10,2.500731e-10,4.024397e-09,4.024397e-11
2.813455e+01,7.507417e-10,1.220379e-08,1.220379e-10,2.511769e-10,4.080062e-09,4.080062e-11
2.813669e+01,7.436924e-10,1.214284e-08,1.214284e-10,2.464852e-10,4.046842e-09,4.046842e-11
2.813882e+01,7.392867e-10,1.210598e-08,1.210598e-10,2.436077e-10,4.066882e-09,4.066882e-11
2.814096e+01,7.406482e-10,1.208538e-08,1.208538e-10,2.475184e-10,4.123505e-09,4.123505e-11
2.814310e+01,7.409738e-10,1.207473e-08,1.207473e-10,2.511399e-10,4.222540e-09,4.222540e-11
2.814523e+01,7.342406e-10,1.203690e-08,1.203690e-10,2.471448e-10,4.198741e-09,4.198741e-11
2.814737e+01,7.259173e-10,1.201470e-08,1.201470e-10,2.407947e-10,4.181129e-09,4.181129e-11
2.814951e+01,7.246921e-10,1.202453e-08,1.202453e-10,2.413945e-10,4.210159e-09,4.210159e-11
2.815164e+01,7.288293e-10,1.207276e-08,1.207276e-10,2.468015e-10,4.297713e-09,4.297713e-11
2.815378e+01,7.299942e-10,1.212033e-08,1.212033e-10,2.474047e-10,4.321438e-09,4.321438e-11
2.815592e+01,7.275349e-10,1.217057e-08,1.217057e-10,2.427286e-10,4.278749e-09,4.278749e-11
2.815805e+01,7.286185e-10,1.225607e-08,1.225607e-10,2.418017e-10,4.294042e-09,4.294042e-11
2.816019e+01,7.346210e-10,1.237796e-08,1.237796e-10,2.469648e-10,4.346879e-09,4.346879e-11
2.816233e+01,7.384287e-10,1.252145e-08,1.252145e-10,2.499684e-10,4.405738e-09,4.405738e-11
2.816446e+01,7.374630e-10,1.265984e-08,1.265984e-10,2.467474e-10,4.375987e-09,4.375987e-11
2.816660e+01,7.386578e-10,1.283199e-08,1.283199e-10,2.444128e-10,4.383446e-09,4.383446e-11
2.816874e+01,7.458309e-10,1.303198e-08,1.303198e-10,2.483769e-10,4.415367e-09,4.415367e-11
2.817087e+01,7.522493e-10,1.325140e-08,1.325140e-10,2.527657e-10,4.474376e-09,4.474376e-11
2.817301e+01,7.521383e-10,1.345206e-08,1.345206e-10,2.510556e-10,4.464828e-09,4.464828e-11
2.817515e+01,7.509443e-10,1.366016e-08,1.366016e-10,2.475846e-10,4.458230e-09,4.458230e-11
2.817728e+01,7.565092e-10,1.388098e-08,1.388098e-10,2.497187e-10,4.476544e-09,4.476544e-11
2.817942e+01,7.663530e-10,1.410999e-08,1.410999e-10,2.551678e-10,4.521469e-09,4.521469e-11
2.818156e+01,7.725175e-10,1.431975e-08,1.431975e-10,2.565256e-10,4.535415e-09,4.535415e-11
2.818369e+01,7.748367e-10,1.451122e-08,1.451122e-10,2.542645e-10,4.530933e-09,4.530933e-11
2.818583e+01,7.801552e-10,1.469837e-08,1.469837e-10,2.553274e-10,4.551146e-09,4.551146e-11
2.818797e+01,7.898620e-10,1.487708e-08,1.487708e-10,2.604661e-10,4.589996e-09,4.589996e-11
2.819010e+01,7.977718e-10,1.503798e-08,1.503798e-10,2.632654e-10,4.621762e-09,4.621762e-11
2.819224e+01,8.015272e-10,1.517081e-08,1.517081e-10,2.620760e-10,4.624940e-09,4.624940e-11
2.819438e+01,8.063831e-10,1.529262e-08,1.529262e-10,2.627268e-10,4.647940e-09,4.647940e-11
2.819651e+01,8.150987e-10,1.540115e-08,1.540115e-10,2.675971e-10,4.682991e-09,4.682991e-11
2.819865e+01,8.226033e-10,1.549565e-08,1.549565e-10,2.712228e-10,4.723178e-09,4.723178e-11
2.820079e+01,8.246583e-10,1.556489e-08,1.556489e-10,2.700799e-10,4.729290e-09,4.729290e-11
2.820292e+01,8.246467e-10,1.562324e-08,1.562324e-10,2.686100e-10,4.747562e-09,4.747562e-11
2.820506e+01,8.270442e-10,1.567303e-08,1.567303e-10,2.709403e-10,4.774102e-09,4.774102e-11
2.820720e+01,8.303138e-10,1.571715e-08,1.571715e-10,2.738176e-10,4.813287e-09,4.813287e-11
2.820934e+01,8.309859e-10,1.574847e-08,1.574847e-10,2.730861e-10,4.824421e-09,4.824421e-11
2.821147e+01,8.305254e-10,1.577172e-08,1.577172e-10,2.713843e-10,4.838744e-09,4.838744e-11
2.821361e+01,8.325698e-10,1.578793e-08,1.578793e-10,2.732815e-10,4.861515e-09,4.861515e-11
2.821575e+01,8.360003e-10,1.579493e-08,1.579493e-10,2.769615e-10,4.894509e-09,4.894509e-11
2.821788e+01,8.369324e-10,1.578689e-08,1.578689e-10,2.775798e-10,4.907677e-09,4.907677e-11
2.822002e+01,8.357038e-10,1.576148e-08,1.576148e-10,2.759517e-10,4.907698e-09,4.907698e-11
2.822216e+01,8.358965e-10,1.571822e-08,1.571822e-10,2.767217e-10,4.912652e-09,4.912652e-11
2.822429e+01,8.373274e-10,1.565156e-08,1.565156e-10,2.797065e-10,4.916034e-09,4.916034e-11
2.822643e+01,8.362904e-10,1.555775e-08,1.555775e-10,2.803542e-10,4.904969e-09,4.904969e-11
2.822857e+01,8.321369e-10,1.543589e-08,1.543589e-10,2.779168e-10,4.869100e-09,4.869100e-11
2.823070e+01,8.277111e-10,1.529127e-08,1.529127e-10,2.762829e-10,4.833377e-09,4.833377e-11
2.823284e+01,8.238833e-10,1.512419e-08,1.512419e-10,2.767333e-10,4.793314e-09,4.793314e-11
2.823498e+01,8.184843e-10,1.493471e-08,1.493471e-10,2.760216e-10,4.743862e-09,4.743862e-11
2.823711e+01,8.109123e-10,1.472550e-08,1.472550e-10,2.725947e-10,4.674470e-09,4.674470e-11
2.823925e+01,8.035154e-10,1.450630e-08,1.450630e-10,2.692155e-10,4.604403e-09,4.604403e-11
2.824139e+01,7.974426e-10,1.428282e-08,1.428282e-10,2.677444e-10,4.538906e-09,4.538906e-11
2.824352e+01,7.908272e-10,1.405594e-08,1.405594e-10,2.661302e-10,4.473265e-09,4.473265e-11
2.824566e+01,7.827768e-10,1.382459e-08,1.382459e-10,2.628325e-10,4.397582e-09,4.397582e-11
2.824780e+01,7.758600e-10,1.359659e-08,1.359659e-10,2.599723e-10,4.323086e-09,4.323086e-11
2.824993e+01,7.718264e-10,1.338161e-08,1.338161e-10,2.592317e-10,4.260588e-09,4.260588e-11
2.825207e+01,7.684053e-10,1.318404e-08,1.318404e-10,2.587075e-10,4.208423e-09,4.208423e-11
2.825421e+01,7.635375e-10,1.299812e-08,1.299812e-10,2.569259e-10,4.156904e-09,4.156904e-11
2.825634e+01,7.589538e-10,1.282131e-08,1.282131e-10,2.558563e-10,4.108885e-09,4.108885e-11
2.825848e+01,7.562385e-10,1.265744e-08,1.265744e-10,2.567324e-10,4.071513e-09,4.071513e-11
2.826062e+01,7.534465e-10,1.251663e-08,1.251663e-10,2.570925e-10,4.047025e-09,4.047025e-11
2.826275e+01,7.491499e-10,1.239842e-08,1.239842e-10,2.554281e-10,4.023608e-09,4.023608e-11
2.826489e+01,7.457514e-10,1.229991e-08,1.229991e-10,2.545419e-10,4.013805e-09,4.013805e-11
2.826703e+01,7.454107e-10,1.221328e-08,1.221328e-10,2.565301e-10,4.006513e-09,4.006513e-11
2.826916e+01,7.460755e-10,1.214772e-08,1.214772e-10,2.584195e-10,4.010079e-09,4.010079e-11
2.827130e+01,7.450489e-10,1.211081e-08,1.211081e-10,2.571660e-10,3.998191e-09,3.998191e-11
2.827344e+01,7.438419e-10,1.211032e-08,1.211032e-10,2.554870e-10,4.011128e-09,4.011128e-11
2.827557e+01,7.453806e-10,1.213161e-08,1.213161e-10,2.573882e-10,4.039140e-09,4.039140e-11
2.827771e+01,7.481410e-10,1.216195e-08,1.216195e-10,2.605683e-10,4.077822e-09,4.077822e-11
2.827985e+01,7.480652e-10,1.220211e-08,1.220211e-10,2.597426e-10,4.089174e-09,4.089174e-11
2.828198e+01,7.457381e-10,1.227017e-08,1.227017e-10,2.560388e-10,4.103442e-09,4.103442e-11
2.828412e+01,7.455778e-10,1.237071e-08,1.237071e-10,2.555183e-10,4.160689e-09,4.160689e-11
2.828626e+01,7.478132e-10,1.247860e-08,1.247860e-10,2.585795e-10,4.232180e-09,4.232180e-11
2.828839e+01,7.479810e-10,1.257269e-08,1.257269e-10,2.590472e-10,4.281529e-09,4.281529e-11
2.829053e+01,7.452488e-10,1.265872e-08,1.265872e-10,2.550277e-10,4.284396e-09,4.284396e-11
2.829267e+01,7.442996e-10,1.276760e-08,1.276760e-10,2.524657e-10,4.327962e-09,4.327962e-11
2.829480e+01,7.468257e-10,1.288922e-08,1.288922e-10,2.548837e-10,4.398913e-09,4.398913e-11
2.829694e+01,7.478481e-10,1.299213e-08,1.299213e-10,2.571438e-10,4.468882e-09,4.468882e-11
2.829908e+01,7.437732e-10,1.304897e-08,1.304897e-10,2.541561e-10,4.469341e-09,4.469341e-11
2.830122e+01,7.386146e-10,1.308866e-08,1.308866e-10,2.495023e-10,4.463357e-09,4.463357e-11
2.830335e+01,7.374086e-10,1.313692e-08,1.313692e-10,2.491542e-10,4.490217e-09,4.490217e-11
2.830549e+01,7.375428e-10,1.318838e-08,1.318838e-10,2.512591e-10,4.543687e-09,4.543687e-11
2.830763e+01,7.332757e-10,1.320065e-08,1.320065e-10,2.496855e-10,4.555190e-09,4.555190e-11
2.830976e+01,7.261146e-10,1.317205e-08,1.317205e-10,2.448684e-10,4.517782e-09,4.517782e-11
2.831190e+01,7.229782e-10,1.314582e-08,1.314582e-10,2.429057e-10,4.490866e-09,4.490866e-11
2.831404e+01,7.251642e-10,1.315644e-08,1.315644e-10,2.449841e-10,4.504852e-09,4.504852e-11
2.831617e+01,7.272360e-10,1.318695e-08,1.318695e-10,2.459926e-10,4.532061e-09,4.532061e-11
2.831831e+01,7.269389e-10,1.319935e-08,1.319935e-10,2.438803e-10,4.518260e-09,4.518260e-11
2.832045e+01,7.282954e-10,1.319938e-08,1.319938e-10,2.425771e-10,4.479465e-09,4.479465e-11
2.832258e+01,7.339007e-10,1.323248e-08,1.323248e-10,2.443894e-10,4.459206e-09,4.459206e-11
2.832472e+01,7.408401e-10,1.333430e-08,1.333430e-10,2.462944e-10,4.486767e-09,4.486767e-11
2.832686e+01,7.461807e-10,1.347706e-08,1.347706e-10,2.459083e-10,4.524832e-09,4.524832e-11
2.832899e+01,7.511155e-10,1.361746e-08,1.361746e-10,2.454072e-10,4.542883e-09,4.542883e-11
2.833113e+01,7.569149e-10,1.374378e-08,1.374378e-10,2.466375e-10,4.535567e-09,4.535567e-11
2.833327e+01,7.613359e-10,1.390046e-08,1.390046e-10,2.473665e-10,4.552995e-09,4.552995e-11
2.833540e+01,7.628242e-10,1.411225e-08,1.411225e-10,2.460113e-10,4.606675e-09,4.606675e-11
2.833754e+01,7.646847e-10,1.436378e-08,1.436378e-10,2.456111e-10,4.692427e-09,4.692427e-11
2.833968e+01,7.702438e-10,1.461189e-08,1.461189e-10,2.486742e-10,4.756326e-09,4.756326e-11
2.834181e+01,7.768919e-10,1.485587e-08,1.485587e-10,2.520671e-10,4.803348e-09,4.803348e-11
2.834395e+01,7.803914e-10,1.512048e-08,1.512048e-10,2.522252e-10,4.851012e-09,4.851012e-11
2.834609e+01,7.823034e-10,1.541868e-08,1.541868e-10,2.518052e-10,4.946395e-09,4.946395e-11
2.834822e+01,7.872323e-10,1.571945e-08,1.571945e-10,2.551100e-10,5.059039e-09,5.059039e-11
2.835036e+01,7.950992e-10,1.598598e-08,1.598598e-10,2.601299e-10,5.145126e-09,5.145126e-11
2.835250e+01,8.023365e-10,1.622374e-08,1.622374e-10,2.619649e-10,5.184702e-09,5.184702e-11
2.835463e+01,8.088842e-10,1.647137e-08,1.647137e-10,2.617416e-10,5.234496e-09,5.234496e-11
2.835677e+01,8.175322e-10,1.673509e-08,1.673509e-10,2.647980e-10,5.336504e-09,5.336504e-11
2.835891e+01,8.266887e-10,1.695804e-08,1.695804e-10,2.707795e-10,5.440092e-09,5.440092e-11
2.836104e+01,8.305005e-10,1.709136e-08,1.709136e-10,2.731812e-10,5.487058e-09,5.487058e-11
2.836318e+01,8.278733e-10,1.714878e-08,1.714878e-10,2.701058e-10,5.469230e-09,5.469230e-11
2.836532e+01,8.252236e-10,1.719053e-08,1.719053e-10,2.679563e-10,5.483397e-09,5.483397e-11
2.836745e+01,8.270869e-10,1.723372e-08,1.723372e-10,2.711554e-10,5.538282e-09,5.538282e-11
2.836959e+01,8.294709e-10,1.724787e-08,1.724787e-10,2.749948e-10,5.595562e-09,5.595562e-11
2.837173e+01,8.270672e-10,1.718855e-08,1.718855e-10,2.736826e-10,5.577218e-09,5.577218e-11
2.837386e+01,8.220572e-10,1.706782e-08,1.706782e-10,2.698692e-10,5.526667e-09,5.526667e-11
2.837600e+01,8.201534e-10,1.692714e-08,1.692714e-10,2.697985e-10,5.500888e-09,5.500888e-11
2.837814e+01,8.216974e-10,1.678806e-08,1.678806e-10,2.730210e-10,5.511079e-09,5.511079e-11
2.838027e+01,8.228672e-10,1.662331e-08,1.662331e-10,2.741438e-10,5.497358e-09,5.497358e-11
2.838241e+01,8.234001e-10,1.641541e-08,1.641541e-10,2.724981e-10,5.429314e-09,5.429314e-11
2.838455e+01,8.262605e-10,1.618702e-08,1.618702e-10,2.725952e-10,5.353950e-09,5.353950e-11
2.838669e+01,8.302146e-10,1.595731e-08,1.595731e-10,2.755307e-10,5.303030e-09,5.303030e-11
2.838882e+01,8.292878e-10,1.570816e-08,1.570816e-10,2.767387e-10,5.264914e-09,5.264914e-11
2.839096e+01,8.212053e-10,1.540615e-08,1.540615e-10,2.736022e-10,5.187567e-09,5.187567e-11
2.839310e+01,8.110088e-10,1.505682e-08,1.505682e-10,2.696182e-10,5.076054e-09,5.076054e-11
2.839523e+01,8.035125e-10,1.469784e-08,1.469784e-10,2.683040e-10,4.962144e-09,4.962144e-11
2.839737e+01,7.970482e-10,1.437154e-08,1.437154e-10,2.679294e-10,4.883112e-09,4.883112e-11
2.839951e+01,7.878976e-10,1.406963e-08,1.406963e-10,2.655809e-10,4.817051e-09,4.817051e-11
2.840164e+01,7.766947e-10,1.375929e-08,1.375929e-10,2.622712e-10,4.739523e-09,4.739523e-11
2.840378e+01,7.664802e-10,1.342561e-08,1.342561e-10,2.604083e-10,4.638719e-09,4.638719e-11
2.840592e+01,7.576175e-10,1.310938e-08,1.310938e-10,2.593149e-10,4.551098e-09,4.551098e-11
2.840805e+01,7.490159e-10,1.284566e-08,1.284566e-10,2.572708e-10,4.492673e-09,4.492673e-11
2.841019e+01,7.420295e-10,1.263502e-08,1.263502e-10,2.556572e-10,4.464964e-09,4.464964e-11
2.841233e+01,7.386477e-10,1.245216e-08,1.245216e-10,2.566697e-10,4.442673e-09,4.442673e-11
2.841446e+01,7.367885e-10,1.228073e-08,1.228073e-10,2.586724e-10,4.418908e-09,4.418908e-11
2.841660e+01,7.318825e-10,1.212243e-08,1.212243e-10,2.582654e-10,4.399525e-09,4.399525e-11
2.841874e+01,7.232558e-10,1.198087e-08,1.198087e-10,2.558647e-10,4.399091e-09,4.399091e-11
2.842087e+01,7.147386e-10,1.185566e-08,1.185566e-10,2.549966e-10,4.420389e-09,4.420389e-11
2.842301e+01,7.085092e-10,1.173064e-08,1.173064e-10,2.562750e-10,4.439966e-09,4.439966e-11
2.842515e+01,7.024854e-10,1.161140e-08,1.161140e-10,2.564151e-10,4.453466e-09,4.453466e-11
2.842728e+01,6.949999e-10,1.151412e-08,1.151412e-10,2.541579e-10,4.464223e-09,4.464223e-11
2.842942e+01,6.880135e-10,1.145048e-08,1.145048e-10,2.526492e-10,4.502797e-09,4.502797e-11
2.843156e+01,6.834559e-10,1.139964e-08,1.139964e-10,2.539457e-10,4.548768e-09,4.548768e-11
2.843369e+01,6.797158e-10,1.134768e-08,1.134768e-10,2.552602e-10,4.588889e-09,4.588889e-11
2.843583e+01,6.747145e-10,1.130214e-08,1.130214e-10,2.535532e-10,4.605130e-09,4.605130e-11
2.843797e+01,6.702414e-10,1.128355e-08,1.128355e-10,2.509229e-10,4.626338e-09,4.626338e-11
2.844010e+01,6.696606e-10,1.129693e-08,1.129693e-10,2.514850e-10,4.665720e-09,4.665720e-11
2.844224e+01,6.722080e-10,1.132292e-08,1.132292e-10,2.544815e-10,4.707140e-09,4.707140e-11
2.844438e+01,6.734717e-10,1.134269e-08,1.134269e-10,2.552668e-10,4.729529e-09,4.729529e-11
2.844651e+01,6.715976e-10,1.135139e-08,1.135139e-10,2.525414e-10,4.724600e-09,4.724600e-11
2.844865e+01,6.692785e-10,1.136408e-08,1.136408e-10,2.500131e-10,4.728291e-09,4.728291e-11
2.845079e+01,6.688597e-10,1.138216e-08,1.138216e-10,2.504031e-10,4.738808e-09,4.738808e-11
2.845292e+01,6.688698e-10,1.139786e-08,1.139786e-10,2.514215e-10,4.749858e-09,4.749858e-11
2.845506e+01,6.671297e-10,1.140413e-08,1.140413e-10,2.497880e-10,4.736301e-09,4.736301e-11
2.845720e+01,6.646930e-10,1.141033e-08,1.141033e-10,2.466204e-10,4.712056e-09,4.712056e-11
2.845933e+01,6.643262e-10,1.142607e-08,1.142607e-10,2.455621e-10,4.697368e-09,4.697368e-11
2.846147e+01,6.662981e-10,1.144766e-08,1.144766e-10,2.471168e-10,4.685979e-09,4.685979e-11
2.846361e+01,6.680555e-10,1.146785e-08,1.146785e-10,2.480020e-10,4.667659e-09,4.667659e-11
2.846574e+01,6.683033e-10,1.148300e-08,1.148300e-10,2.461497e-10,4.624164e-09,4.624164e-11
2.846788e+01,6.690924e-10,1.150232e-08,1.150232e-10,2.437741e-10,4.576508e-09,4.576508e-11
2.847002e+01,6.727618e-10,1.153093e-08,1.153093e-10,2.438580e-10,4.533794e-09,4.533794e-11
2.847215e+01,6.786140e-10,1.156648e-08,1.156648e-10,2.457102e-10,4.493812e-09,4.493812e-11
2.847429e+01,6.840046e-10,1.160265e-08,1.160265e-10,2.462565e-10,4.445303e-09,4.445303e-11
2.847643e+01,6.877993e-10,1.163825e-08,1.163825e-10,2.444491e-10,4.381335e-09,4.381335e-11
2.847857e+01,6.913116e-10,1.168007e-08,1.168007e-10,2.425272e-10,4.322299e-09,4.322299e-11
2.848070e+01,6.959961e-10,1.173216e-08,1.173216e-10,2.427157e-10,4.272650e-09,4.272650e-11
2.848284e+01,7.012564e-10,1.179541e-08,1.179541e-10,2.439233e-10,4.232529e-09,4.232529e-11
2.848498e+01,7.052713e-10,1.186735e-08,1.186735e-10,2.433899e-10,4.187897e-09,4.187897e-11
2.848711e+01,7.077526e-10,1.195038e-08,1.195038e-10,2.408513e-10,4.138365e-09,4.138365e-11
2.848925e+01,7.104087e-10,1.204989e-08,1.204989e-10,2.388852e-10,4.101044e-09,4.101044e-11
2.849139e+01,7.144701e-10,1.216703e-08,1.216703e-10,2.391287e-10,4.075193e-09,4.075193e-11
2.849352e+01,7.191454e-10,1.230038e-08,1.230038e-10,2.398329e-10,4.059732e-09,4.059732e-11
2.849566e+01,7.231510e-10,1.244523e-08,1.244523e-10,2.385096e-10,4.035915e-09,4.035915e-11
2.849780e+01,7.268267e-10,1.260217e-08,1.260217e-10,2.358968e-10,4.012152e-09,4.012152e-11
2.849993e+01,7.313524e-10,1.276974e-08,1.276974e-10,2.348145e-10,4.000238e-09,4.000238e-11
2.850207e+01,7.361152e-10,1.294356e-08,1.294356e-10,2.356741e-10,3.997979e-09,3.997979e-11
2.850421e+01,7.385951e-10,1.311791e-08,1.311791e-10,2.355910e-10,3.998700e-09,3.998700e-11
2.850634e+01,7.379959e-10,1.328741e-08,1.328741e-10,2.327284e-10,3.985295e-09,3.985295e-11
2.850848e+01,7.370291e-10,1.345439e-08,1.345439e-10,2.294908e-10,3.977441e-09,3.977441e-11
2.851062e+01,7.377687e-10,1.361877e-08,1.361877e-10,2.288260e-10,3.979087e-09,3.979087e-11
2.851275e+01,7.380763e-10,1.377834e-08,1.377834e-10,2.294114e-10,3.992082e-09,3.992082e-11
2.851489e+01,7.350491e-10,1.392575e-08,1.392575e-10,2.279671e-10,3.997789e-09,3.997789e-11
2.851703e+01,7.301779e-10,1.406369e-08,1.406369e-10,2.247604e-10,3.998546e-09,3.998546e-11
2.851916e+01,7.276608e-10,1.419551e-08,1.419551e-10,2.234050e-10,4.013340e-09,4.013340e-11
2.852130e+01,7.283483e-10,1.432002e-08,1.432002e-10,2.252013e-10,4.041982e-09,4.041982e-11
2.852344e+01,7.287459e-10,1.443222e-08,1.443222e-10,2.269134e-10,4.078836e-09,4.078836e-11
2.852557e+01,7.265228e-10,1.452465e-08,1.452465e-10,2.259325e-10,4.100242e-09,4.100242e-11
2.852771e+01,7.242504e-10,1.460095e-08,1.460095e-10,2.244826e-10,4.124635e-09,4.124635e-11
2.852985e+01,7.252431e-10,1.466136e-08,1.466136e-10,2.257212e-10,4.150543e-09,4.150543e-11
2.853198e+01,7.280431e-10,1.470618e-08,1.470618e-10,2.283149e-10,4.176822e-09,4.176822e-11
2.853412e+01,7.291917e-10,1.472542e-08,1.472542e-10,2.286470e-10,4.177862e-09,4.177862e-11
2.853626e+01,7.297195e-10,1.472093e-08,1.472093e-10,2.271082e-10,4.155796e-09,4.155796e-11
2.853839e+01,7.336674e-10,1.469559e-08,1.469559e-10,2.276138e-10,4.125389e-09,4.125389e-11
2.854053e+01,7.407960e-10,1.465143e-08,1.465143e-10,2.307677e-10,4.091474e-09,4.091474e-11
2.854267e+01,7.463874e-10,1.458264e-08,1.458264e-10,2.327440e-10,4.046341e-09,4.046341e-11
2.854480e+01,7.484332e-10,1.448250e-08,1.448250e-10,2.317918e-10,3.977558e-09,3.977558e-11
2.854694e+01,7.500270e-10,1.435865e-08,1.435865e-10,2.310109e-10,3.914175e-09,3.914175e-11
2.854908e+01,7.535052e-10,1.421378e-08,1.421378e-10,2.329268e-10,3.861022e-09,3.861022e-11
2.855121e+01,7.563375e-10,1.405674e-08,1.405674e-10,2.350518e-10,3.827189e-09,3.827189e-11
2.855335e+01,7.558109e-10,1.388272e-08,1.388272e-10,2.342925e-10,3.779535e-09,3.779535e-11
2.855549e+01,7.547355e-10,1.370829e-08,1.370829e-10,2.329422e-10,3.747460e-09,3.747460e-11
2.855762e+01,7.577144e-10,1.354114e-08,1.354114e-10,2.351880e-10,3.737205e-09,3.737205e-11
2.855976e+01,7.632858e-10,1.338915e-08,1.338915e-10,2.396940e-10,3.759180e-09,3.759180e-11
2.856190e+01,7.659049e-10,1.324272e-08,1.324272e-10,2.415849e-10,3.773195e-09,3.773195e-11
2.856404e+01,7.653325e-10,1.310469e-08,1.310469e-10,2.408664e-10,3.783567e-09,3.783567e-11
2.856617e+01,7.671567e-10,1.299440e-08,1.299440e-10,2.426428e-10,3.823808e-09,3.823808e-11
2.856831e+01,7.732788e-10,1.291780e-08,1.291780e-10,2.482338e-10,3.894423e-09,3.894423e-11
2.857045e+01,7.787046e-10,1.287619e-08,1.287619e-10,2.525422e-10,3.980977e-09,3.980977e-11
2.857258e+01,7.800343e-10,1.285118e-08,1.285118e-10,2.527385e-10,4.034008e-09,4.034008e-11
2.857472e+01,7.810641e-10,1.285443e-08,1.285443e-10,2.532505e-10,4.115736e-09,4.115736e-11
2.857686e+01,7.861343e-10,1.287318e-08,1.287318e-10,2.581689e-10,4.213176e-09,4.213176e-11
2.857899e+01,7.924292e-10,1.290706e-08,1.290706e-10,2.638264e-10,4.337645e-09,4.337645e-11
2.858113e+01,7.945535e-10,1.294127e-08,1.294127e-10,2.646249e-10,4.414734e-09,4.414734e-11
2.858327e+01,7.942084e-10,1.298948e-08,1.298948e-10,2.629356e-10,4.486861e-09,4.486861e-11
2.858540e+01,7.979687e-10,1.306498e-08,1.306498e-10,2.656394e-10,4.583949e-09,4.583949e-11
2.858754e+01,8.061539e-10,1.316236e-08,1.316236e-10,2.723288e-10,4.705629e-09,4.705629e-11
2.858968e+01,8.118336e-10,1.325946e-08,1.325946e-10,2.755415e-10,4.807161e-09,4.807161e-11
2.859181e+01,8.119632e-10,1.333120e-08,1.333120e-10,2.731065e-10,4.847364e-09,4.847364e-11
2.859395e+01,8.116842e-10,1.340054e-08,1.340054e-10,2.716890e-10,4.907073e-09,4.907073e-11
2.859609e+01,8.152717e-10,1.347482e-08,1.347482e-10,2.756433e-10,4.975860e-09,4.975860e-11
2.859822e+01,8.199167e-10,1.356398e-08,1.356398e-10,2.801180e-10,5.062930e-09,5.062930e-11
2.860036e+01,8.218825e-10,1.364907e-08,1.364907e-10,2.797333e-10,5.088612e-09,5.088612e-11
2.860250e+01,8.233386e-10,1.373601e-08,1.373601e-10,2.777750e-10,5.110859e-09,5.110859e-11
2.860463e+01,8.277814e-10,1.381203e-08,1.381203e-10,2.802980e-10,5.144497e-09,5.144497e-11
2.860677e+01,8.322029e-10,1.386311e-08,1.386311e-10,2.853555e-10,5.187486e-09,5.187486e-11
2.860891e+01,8.305917e-10,1.388397e-08,1.388397e-10,2.858380e-10,5.199224e-09,5.199224e-11
2.861104e+01,8.240449e-10,1.388979e-08,1.388979e-10,2.813410e-10,5.168498e-09,5.168498e-11
2.861318e+01,8.202106e-10,1.390697e-08,1.390697e-10,2.789721e-10,5.157571e-09,5.157571e-11
2.861532e+01,8.218667e-10,1.393562e-08,1.393562e-10,2.816447e-10,5.153806e-09,5.153806e-11
2.861745e+01,8.234365e-10,1.396706e-08,1.396706e-10,2.837705e-10,5.155025e-09,5.155025e-11
2.861959e+01,8.203587e-10,1.397309e-08,1.397309e-10,2.809156e-10,5.110105e-09,5.110105e-11
2.862173e+01,8.151241e-10,1.395681e-08,1.395681e-10,2.764969e-10,5.058806e-09,5.058806e-11
2.862386e+01,8.117766e-10,1.393143e-08,1.393143e-10,2.753504e-10,5.010220e-09,5.010220e-11
2.862600e+01,8.098435e-10,1.391572e-08,1.391572e-10,2.761800e-10,4.970354e-09,4.970354e-11
2.862814e+01,8.070433e-10,1.390853e-08,1.390853e-10,2.749187e-10,4.919733e-09,4.919733e-11
2.863027e+01,8.040405e-10,1.390725e-08,1.390725e-10,2.718101e-10,4.859894e-09,4.859894e-11
2.863241e+01,8.025752e-10,1.390038e-08,1.390038e-10,2.701744e-10,4.808274e-09,4.808274e-11
2.863455e+01,8.007504e-10,1.386853e-08,1.386853e-10,2.700728e-10,4.755151e-09,4.755151e-11
2.863668e+01,7.948945e-10,1.381022e-08,1.381022e-10,2.682373e-10,4.698253e-09,4.698253e-11
2.863882e+01,7.862468e-10,1.374628e-08,1.374628e-10,2.640633e-10,4.635069e-09,4.635069e-11
2.864096e+01,7.808109e-10,1.370245e-08,1.370245e-10,2.609321e-10,4.585552e-09,4.585552e-11
2.864309e+01,7.817792e-10,1.368464e-08,1.368464e-10,2.608731e-10,4.553088e-09,4.553088e-11
2.864523e+01,7.862132e-10,1.368918e-08,1.368918e-10,2.620167e-10,4.535582e-09,4.535582e-11
2.864737e+01,7.899417e-10,1.369927e-08,1.369927e-10,2.622744e-10,4.523823e-09,4.523823e-11
2.864950e+01,7.919372e-10,1.370144e-08,1.370144e-10,2.619620e-10,4.515787e-09,4.515787e-11
2.865164e+01,7.933551e-10,1.370427e-08,1.370427e-10,2.619902e-10,4.516087e-09,4.516087e-11
2.865378e+01,7.957024e-10,1.373167e-08,1.373167e-10,2.624339e-10,4.529932e-09,4.529932e-11
2.865592e+01,8.003807e-10,1.379338e-08,1.379338e-10,2.635108e-10,4.558025e-09,4.558025e-11
2.865805e+01,8.079433e-10,1.388603e-08,1.388603e-10,2.657730e-10,4.599240e-09,4.599240e-11
2.866019e+01,8.168564e-10,1.400045e-08,1.400045e-10,2.686561e-10,4.650137e-09,4.650137e-11
2.866233e+01,8.240688e-10,1.412011e-08,1.412011e-10,2.706154e-10,4.702228e-09,4.702228e-11
2.866446e+01,8.278490e-10,1.423953e-08,1.423953e-10,2.712975e-10,4.753059e-09,4.753059e-11
2.866660e+01,8.296093e-10,1.437627e-08,1.437627e-10,2.719564e-10,4.806334e-09,4.806334e-11
2.866874e+01,8.322841e-10,1.455031e-08,1.455031e-10,2.733263e-10,4.867142e-09,4.867142e-11
2.867087e+01,8.374234e-10,1.476773e-08,1.476773e-10,2.747938e-10,4.933679e-09,4.933679e-11
2.867301e+01,8.447314e-10,1.502365e-08,1.502365e-10,2.762939e-10,5.006067e-09,5.006067e-11
2.867515e+01,8.529299e-10,1.530241e-08,1.530241e-10,2.788514e-10,5.084213e-09,5.084213e-11
2.867728e+01,8.601776e-10,1.558760e-08,1.558760e-10,2.822051e-10,5.161351e-09,5.161351e-11
2.867942e+01,8.655782e-10,1.587658e-08,1.587658e-10,2.844655e-10,5.232925e-09,5.232925e-11
2.868156e+01,8.707951e-10,1.617794e-08,1.617794e-10,2.854326e-10,5.300255e-09,5.300255e-11
2.868369e+01,8.780002e-10,1.649160e-08,1.649160e-10,2.873311e-10,5.373129e-09,5.373129e-11
2.868583e+01,8.859156e-10,1.680307e-08,1.680307e-10,2.907899e-10,5.446093e-09,5.446093e-11
2.868797e+01,8.907773e-10,1.709444e-08,1.709444e-10,2.932380e-10,5.510427e-09,5.510427e-11
2.869010e+01,8.915745e-10,1.735526e-08,1.735526e-10,2.930519e-10,5.558497e-09,5.558497e-11
2.869224e+01,8.915272e-10,1.758516e-08,1.758516e-10,2.924001e-10,5.601107e-09,5.601107e-11
2.869438e+01,8.932400e-10,1.778487e-08,1.778487e-10,2.935225e-10,5.640084e-09,5.640084e-11
2.869651e+01,8.952370e-10,1.795365e-08,1.795365e-10,2.948915e-10,5.669743e-09,5.669743e-11
2.869865e+01,8.958445e-10,1.808621e-08,1.808621e-10,2.944020e-10,5.678279e-09,5.678279e-11
2.870079e+01,8.974371e-10,1.818687e-08,1.818687e-10,2.938032e-10,5.677978e-09,5.677978e-11
2.870292e+01,9.028200e-10,1.825552e-08,1.825552e-10,2.958239e-10,5.677288e-09,5.677288e-11
2.870506e+01,9.094858e-10,1.828488e-08,1.828488e-10,2.987787e-10,5.673589e-09,5.673589e-11
2.870720e+01,9.126561e-10,1.826147e-08,1.826147e-10,2.988520e-10,5.645110e-09,5.645110e-11
2.870933e+01,9.126602e-10,1.818929e-08,1.818929e-10,2.967121e-10,5.597149e-09,5.597149e-11
2.871147e+01,9.137925e-10,1.808238e-08,1.808238e-10,2.965344e-10,5.548367e-09,5.548367e-11
2.871361e+01,9.167507e-10,1.794834e-08,1.794834e-10,2.986352e-10,5.509604e-09,5.509604e-11
2.871574e+01,9.175080e-10,1.777907e-08,1.777907e-10,2.988226e-10,5.461617e-09,5.461617e-11
2.871788e+01,9.142688e-10,1.756395e-08,1.756395e-10,2.959404e-10,5.389265e-09,5.389265e-11
2.872002e+01,9.103236e-10,1.731489e-08,1.731489e-10,2.940954e-10,5.312485e-09,5.312485e-11
2.872215e+01,9.080817e-10,1.705292e-08,1.705292e-10,2.954057e-10,5.248974e-09,5.248974e-11
2.872429e+01,9.047603e-10,1.679440e-08,1.679440e-10,2.960081e-10,5.202510e-09,5.202510e-11
2.872643e+01,8.974291e-10,1.653156e-08,1.653156e-10,2.927132e-10,5.137200e-09,5.137200e-11
2.872856e+01,8.887742e-10,1.626499e-08,1.626499e-10,2.888474e-10,5.069057e-09,5.069057e-11
2.873070e+01,8.828031e-10,1.600455e-08,1.600455e-10,2.884775e-10,5.002737e-09,5.002737e-11
2.873284e+01,8.782992e-10,1.577425e-08,1.577425e-10,2.892235e-10,4.967555e-09,4.967555e-11
2.873497e+01,8.720038e-10,1.557610e-08,1.557610e-10,2.866992e-10,4.927359e-09,4.927359e-11
2.873711e+01,8.653170e-10,1.540223e-08,1.540223e-10,2.825444e-10,4.890247e-09,4.890247e-11
2.873925e+01,8.619707e-10,1.524127e-08,1.524127e-10,2.816169e-10,4.849645e-09,4.849645e-11
2.874139e+01,8.609623e-10,1.510141e-08,1.510141e-10,2.833246e-10,4.821741e-09,4.821741e-11
2.874352e+01,8.577822e-10,1.499475e-08,1.499475e-10,2.825970e-10,4.801935e-09,4.801935e-11
2.874566e+01,8.514818e-10,1.491865e-08,1.491865e-10,2.787703e-10,4.785072e-09,4.785072e-11
2.874780e+01,8.454825e-10,1.485712e-08,1.485712e-10,2.765867e-10,4.786229e-09,4.786229e-11
2.874993e+01,8.413342e-10,1.479326e-08,1.479326e-10,2.776610e-10,4.777195e-09,4.777195e-11
2.875207e+01,8.365005e-10,1.474002e-08,1.474002e-10,2.777812e-10,4.770623e-09,4.770623e-11
2.875421e+01,8.298720e-10,1.471308e-08,1.471308e-10,2.746859e-10,4.757490e-09,4.757490e-11
2.875634e+01,8.245434e-10,1.471542e-08,1.471542e-10,2.722357e-10,4.779310e-09,4.779310e-11
2.875848e+01,8.225233e-10,1.471669e-08,1.471669e-10,2.735752e-10,4.803172e-09,4.803172e-11
2.876062e+01,8.210724e-10,1.470066e-08,1.470066e-10,2.755171e-10,4.813147e-09,4.813147e-11
2.876275e+01,8.179558e-10,1.467511e-08,1.467511e-10,2.743889e-10,4.799846e-09,4.799846e-11
2.876489e+01,8.157864e-10,1.466384e-08,1.466384e-10,2.726339e-10,4.806322e-09,4.806322e-11
2.876703e+01,8.166834e-10,1.465833e-08,1.465833e-10,2.740424e-10,4.837847e-09,4.837847e-11
2.876916e+01,8.171628e-10,1.462919e-08,1.462919e-10,2.766655e-10,4.861568e-09,4.861568e-11
2.877130e+01,8.132163e-10,1.455981e-08,1.455981e-10,2.762164e-10,4.851441e-09,4.851441e-11
2.877344e+01,8.072062e-10,1.447309e-08,1.447309e-10,2.736618e-10,4.831214e-09,4.831214e-11
2.877557e+01,8.044804e-10,1.439374e-08,1.439374e-10,2.735142e-10,4.837275e-09,4.837275e-11
2.877771e+01,8.052515e-10,1.431598e-08,1.431598e-10,2.759615e-10,4.857205e-09,4.857205e-11
2.877985e+01,8.052321e-10,1.421659e-08,1.421659e-10,2.769509e-10,4.854945e-09,4.854945e-11
2.878198e+01,8.033514e-10,1.409414e-08,1.409414e-10,2.756768e-10,4.823536e-09,4.823536e-11
2.878412e+01,8.031412e-10,1.397614e-08,1.397614e-10,2.756133e-10,4.799818e-09,4.799818e-11
2.878626e+01,8.057799e-10,1.387770e-08,1.387770e-10,2.777131e-10,4.799624e-09,4.799624e-11
2.878839e+01,8.077698e-10,1.378691e-08,1.378691e-10,2.786426e-10,4.799888e-09,4.799888e-11
2.879053e+01,8.074501e-10,1.368474e-08,1.368474e-10,2.771566e-10,4.773275e-09,4.773275e-11
2.879267e+01,8.081241e-10,1.358464e-08,1.358464e-10,2.766699e-10,4.738973e-09,4.738973e-11
2.879480e+01,8.119148e-10,1.351197e-08,1.351197e-10,2.789875e-10,4.727268e-09,4.727268e-11
2.879694e+01,8.155726e-10,1.347197e-08,1.347197e-10,2.807838e-10,4.738413e-09,4.738413e-11
2.879908e+01,8.157666e-10,1.343558e-08,1.343558e-10,2.795716e-10,4.735602e-09,4.735602e-11
2.880121e+01,8.143072e-10,1.338790e-08,1.338790e-10,2.781369e-10,4.718084e-09,4.718084e-11
2.880335e+01,8.145522e-10,1.334284e-08,1.334284e-10,2.794580e-10,4.700153e-09,4.700153e-11
2.880549e+01,8.158146e-10,1.332715e-08,1.332715e-10,2.814454e-10,4.710086e-09,4.710086e-11
2.880762e+01,8.153099e-10,1.333494e-08,1.333494e-10,2.808837e-10,4.719234e-09,4.719234e-11
2.880976e+01,8.133058e-10,1.334151e-08,1.334151e-10,2.793831e-10,4.723643e-09,4.723643e-11
2.881190e+01,8.119918e-10,1.332625e-08,1.332625e-10,2.803150e-10,4.708041e-09,4.708041e-11
2.881403e+01,8.107799e-10,1.330087e-08,1.330087e-10,2.823183e-10,4.697237e-09,4.697237e-11
2.881617e+01,8.074364e-10,1.328263e-08,1.328263e-10,2.816932e-10,4.686669e-09,4.686669e-11
2.881831e+01,8.030399e-10,1.327103e-08,1.327103e-10,2.792906e-10,4.680590e-09,4.680590e-11
2.882044e+01,8.007435e-10,1.324520e-08,1.324520e-10,2.790946e-10,4.667980e-09,4.667980e-11
2.882258e+01,8.002043e-10,1.319528e-08,1.319528e-10,2.810801e-10,4.635794e-09,4.635794e-11
2.882472e+01,7.979986e-10,1.313902e-08,1.313902e-10,2.811241e-10,4.597940e-09,4.597940e-11
2.882685e+01,7.933576e-10,1.309121e-08,1.309121e-10,2.782058e-10,4.559707e-09,4.559707e-11
2.882899e+01,7.889394e-10,1.304904e-08,1.304904e-10,2.759998e-10,4.542422e-09,4.542422e-11
2.883113e+01,7.856269e-10,1.299372e-08,1.299372e-10,2.761141e-10,4.510763e-09,4.510763e-11
2.883327e+01,7.812340e-10,1.293093e-08,1.293093e-10,2.754760e-10,4.461431e-09,4.461431e-11
2.883540e+01,7.753288e-10,1.288885e-08,1.288885e-10,2.722733e-10,4.403202e-09,4.403202e-11
2.883754e+01,7.711276e-10,1.289597e-08,1.289597e-10,2.694776e-10,4.380134e-09,4.380134e-11
2.883968e+01,7.702001e-10,1.293977e-08,1.293977e-10,2.695573e-10,4.380953e-09,4.380953e-11
2.884181e+01,7.690966e-10,1.299340e-08,1.299340e-10,2.697998e-10,4.372340e-09,4.372340e-11
2.884395e+01,7.648553e-10,1.305682e-08,1.305682e-10,2.669901e-10,4.340842e-09,4.340842e-11
2.884609e+01,7.604330e-10,1.316688e-08,1.316688e-10,2.632236e-10,4.327219e-09,4.327219e-11
2.884822e+01,7.605162e-10,1.334387e-08,1.334387e-10,2.624030e-10,4.359362e-09,4.359362e-11
2.885036e+01,7.645593e-10,1.357178e-08,1.357178e-10,2.638862e-10,4.415873e-09,4.415873e-11
2.885250e+01,7.685826e-10,1.382246e-08,1.382246e-10,2.642801e-10,4.460900e-09,4.460900e-11
2.885463e+01,7.716121e-10,1.409081e-08,1.409081e-10,2.633453e-10,4.497066e-09,4.497066e-11
2.885677e+01,7.757107e-10,1.439102e-08,1.439102e-10,2.636756e-10,4.557548e-09,4.557548e-11
2.885891e+01,7.812543e-10,1.472617e-08,1.472617e-10,2.656928e-10,4.650678e-09,4.650678e-11
2.886104e+01,7.864815e-10,1.507828e-08,1.507828e-10,2.673019e-10,4.750435e-09,4.750435e-11
2.886318e+01,7.915273e-10,1.542789e-08,1.542789e-10,2.682655e-10,4.835060e-09,4.835060e-11
2.886532e+01,7.989754e-10,1.577934e-08,1.577934e-10,2.706870e-10,4.918540e-09,4.918540e-11
2.886745e+01,8.096672e-10,1.614227e-08,1.614227e-10,2.749875e-10,5.022578e-09,5.022578e-11
2.886959e+01,8.210476e-10,1.650646e-08,1.650646e-10,2.790652e-10,5.139716e-09,5.139716e-11
2.887173e+01,8.309691e-10,1.684955e-08,1.684955e-10,2.820027e-10,5.247536e-09,5.247536e-11
2.887386e+01,8.407258e-10,1.716528e-08,1.716528e-10,2.854603e-10,5.338647e-09,5.338647e-11
2.887600e+01,8.526545e-10,1.746663e-08,1.746663e-10,2.903886e-10,5.428204e-09,5.428204e-11
2.887814e+01,8.668340e-10,1.776451e-08,1.776451e-10,2.954435e-10,5.526501e-09,5.526501e-11
2.888027e+01,8.815057e-10,1.805017e-08,1.805017e-10,2.997237e-10,5.625421e-09,5.625421e-11
2.888241e+01,8.949630e-10,1.830079e-08,1.830079e-10,3.039515e-10,5.708714e-09,5.708714e-11
2.888455e+01,9.060020e-10,1.850498e-08,1.850498e-10,3.080437e-10,5.768756e-09,5.768756e-11
2.888668e+01,9.143459e-10,1.867526e-08,1.867526e-10,3.105620e-10,5.819086e-09,5.819086e-11
2.888882e+01,9.215247e-10,1.882501e-08,1.882501e-10,3.115306e-10,5.869531e-09,5.869531e-11
2.889096e+01,9.295237e-10,1.894661e-08,1.894661e-10,3.129789e-10,5.918231e-09,5.918231e-11
2.889309e+01,9.379292e-10,1.902288e-08,1.902288e-10,3.154467e-10,5.946394e-09,5.946394e-11
2.889523e+01,9.442726e-10,1.905021e-08,1.905021e-10,3.167909e-10,5.952118e-09,5.952118e-11
2.889737e+01,9.477801e-10,1.903936e-08,1.903936e-10,3.160155e-10,5.948818e-09,5.948818e-11
2.889950e+01,9.500582e-10,1.899780e-08,1.899780e-10,3.150406e-10,5.951965e-09,5.951965e-11
2.890164e+01,9.512631e-10,1.891987e-08,1.891987e-10,3.147948e-10,5.949677e-09,5.949677e-11
2.890378e+01,9.492506e-10,1.879657e-08,1.879657e-10,3.131092e-10,5.921305e-09,5.921305e-11
2.890591e+01,9.441983e-10,1.863589e-08,1.863589e-10,3.090129e-10,5.867206e-09,5.867206e-11
2.890805e+01,9.399711e-10,1.846280e-08,1.846280e-10,3.054517e-10,5.818407e-09,5.818407e-11
2.891019e+01,9.380293e-10,1.828514e-08,1.828514e-10,3.043193e-10,5.782948e-09,5.782948e-11
2.891232e+01,9.343689e-10,1.808966e-08,1.808966e-10,3.025461e-10,5.739176e-09,5.739176e-11
2.891446e+01,9.261130e-10,1.786248e-08,1.786248e-10,2.973134e-10,5.656827e-09,5.656827e-11
2.891660e+01,9.172281e-10,1.762535e-08,1.762535e-10,2.916597e-10,5.562945e-09,5.562945e-11
2.891874e+01,9.130288e-10,1.740350e-08,1.740350e-10,2.898281e-10,5.486248e-09,5.486248e-11
2.892087e+01,9.115874e-10,1.720331e-08,1.720331e-10,2.897454e-10,5.434432e-09,5.434432e-11
2.892301e+01,9.062763e-10,1.699705e-08,1.699705e-10,2.860753e-10,5.358205e-09,5.358205e-11
2.892515e+01,8.955125e-10,1.676836e-08,1.676836e-10,2.791483e-10,5.255749e-09,5.255749e-11
2.892728e+01,8.839133e-10,1.652888e-08,1.652888e-10,2.742517e-10,5.153360e-09,5.153360e-11
2.892942e+01,8.736257e-10,1.630264e-08,1.630264e-10,2.721931e-10,5.085296e-09,5.085296e-11
2.893156e+01,8.614457e-10,1.609210e-08,1.609210e-10,2.679270e-10,5.022572e-09,5.022572e-11
2.893369e+01,8.466652e-10,1.587979e-08,1.587979e-10,2.601795e-10,4.930685e-09,4.930685e-11
2.893583e+01,8.344217e-10,1.567377e-08,1.567377e-10,2.547227e-10,4.844089e-09,4.844089e-11
2.893797e+01,8.275142e-10,1.548892e-08,1.548892e-10,2.546346e-10,4.777171e-09,4.777171e-11
2.894010e+01,8.213147e-10,1.534307e-08,1.534307e-10,2.545828e-10,4.747705e-09,4.747705e-11
2.894224e+01,8.116382e-10,1.521899e-08,1.521899e-10,2.498782e-10,4.681888e-09,4.681888e-11
2.894438e+01,8.021517e-10,1.511551e-08,1.511551e-10,2.447123e-10,4.630647e-09,4.630647e-11
2.894651e+01,7.983470e-10,1.502851e-08,1.502851e-10,2.449116e-10,4.587432e-09,4.587432e-11
2.894865e+01,7.985808e-10,1.497346e-08,1.497346e-10,2.477810e-10,4.586308e-09,4.586308e-11
2.895079e+01,7.973315e-10,1.494388e-08,1.494388e-10,2.467798e-10,4.558932e-09,4.558932e-11
2.895292e+01,7.947170e-10,1.493039e-08,1.493039e-10,2.428964e-10,4.522676e-09,4.522676e-11
2.895506e+01,7.957965e-10,1.492113e-08,1.492113e-10,2.429051e-10,4.510883e-09,4.510883e-11
2.895720e+01,8.012157e-10,1.490635e-08,1.490635e-10,2.475580e-10,4.514011e-09,4.514011e-11
2.895933e+01,8.057926e-10,1.488824e-08,1.488824e-10,2.502389e-10,4.516776e-09,4.516776e-11
2.896147e+01,8.072346e-10,1.485993e-08,1.485993e-10,2.482946e-10,4.471023e-09,4.471023e-11
2.896361e+01,8.093094e-10,1.482707e-08,1.482707e-10,2.472609e-10,4.456104e-09,4.456104e-11
2.896574e+01,8.141415e-10,1.477322e-08,1.477322e-10,2.508262e-10,4.443527e-09,4.443527e-11
2.896788e+01,8.179238e-10,1.470235e-08,1.470235e-10,2.543653e-10,4.442474e-09,4.442474e-11
2.897002e+01,8.178747e-10,1.461813e-08,1.461813e-10,2.531915e-10,4.395209e-09,4.395209e-11
2.897215e+01,8.180235e-10,1.454414e-08,1.454414e-10,2.508114e-10,4.356775e-09,4.356775e-11
2.897429e+01,8.232579e-10,1.448137e-08,1.448137e-10,2.529724e-10,4.340522e-09,4.340522e-11
2.897643e+01,8.315981e-10,1.442300e-08,1.442300e-10,2.581735e-10,4.333955e-09,4.333955e-11
2.897856e+01,8.377660e-10,1.436247e-08,1.436247e-10,2.607408e-10,4.311754e-09,4.311754e-11
2.898070e+01,8.416049e-10,1.430544e-08,1.430544e-10,2.603509e-10,4.271732e-09,4.271732e-11
2.898284e+01,8.470666e-10,1.425958e-08,1.425958e-10,2.616655e-10,4.258192e-09,4.258192e-11
2.898497e+01,8.541660e-10,1.421340e-08,1.421340e-10,2.657835e-10,4.251885e-09,4.251885e-11
2.898711e+01,8.582747e-10,1.415973e-08,1.415973e-10,2.685568e-10,4.244833e-09,4.244833e-11
2.898925e+01,8.575030e-10,1.409692e-08,1.409692e-10,2.676921e-10,4.217906e-09,4.217906e-11
2.899138e+01,8.552908e-10,1.403993e-08,1.403993e-10,2.660323e-10,4.199145e-09,4.199145e-11
2.899352e+01,8.548273e-10,1.399412e-08,1.399412e-10,2.663516e-10,4.192559e-09,4.192559e-11
2.899566e+01,8.553376e-10,1.396377e-08,1.396377e-10,2.673843e-10,4.190779e-09,4.190779e-11
2.899779e+01,8.554812e-10,1.395276e-08,1.395276e-10,2.671492e-10,4.184625e-09,4.184625e-11
2.899993e+01,8.566558e-10,1.397211e-08,1.397211e-10,2.665498e-10,4.183043e-09,4.183043e-11
2.900207e+01,8.606164e-10,1.402701e-08,1.402701e-10,2.673337e-10,4.197422e-09,4.197422e-11
2.900420e+01,8.659259e-10,1.410855e-08,1.410855e-10,2.689803e-10,4.222397e-09,4.222397e-11
2.900634e+01,8.694144e-10,1.420439e-08,1.420439e-10,2.698279e-10,4.248514e-09,4.248514e-11
2.900848e+01,8.704447e-10,1.430989e-08,1.430989e-10,2.697114e-10,4.274064e-09,4.274064e-11
2.901062e+01,8.711118e-10,1.442887e-08,1.442887e-10,2.695285e-10,4.303679e-09,4.303679e-11
2.901275e+01,8.728534e-10,1.456080e-08,1.456080e-10,2.696093e-10,4.337534e-09,4.337534e-11
2.901489e+01,8.749102e-10,1.469753e-08,1.469753e-10,2.699572e-10,4.372912e-09,4.372912e-11
2.901703e+01,8.756530e-10,1.482690e-08,1.482690e-10,2.705805e-10,4.405387e-09,4.405387e-11
2.901916e+01,8.740443e-10,1.493865e-08,1.493865e-10,2.707529e-10,4.430490e-09,4.430490e-11
2.902130e+01,8.704815e-10,1.503197e-08,1.503197e-10,2.696406e-10,4.444413e-09,4.444413e-11
2.902344e+01,8.669957e-10,1.511537e-08,1.511537e-10,2.680750e-10,4.452952e-09,4.452952e-11
2.902557e+01,8.651709e-10,1.519801e-08,1.519801e-10,2.677695e-10,4.463122e-09,4.463122e-11
2.902771e+01,8.641138e-10,1.528380e-08,1.528380e-10,2.685093e-10,4.476952e-09,4.476952e-11
2.902985e+01,8.622430e-10,1.536882e-08,1.536882e-10,2.683621e-10,4.487704e-09,4.487704e-11
2.903198e+01,8.602526e-10,1.544661e-08,1.544661e-10,2.671920e-10,4.492190e-09,4.492190e-11
2.903412e+01,8.600156e-10,1.550774e-08,1.550774e-10,2.671402e-10,4.495681e-09,4.495681e-11
2.903626e+01,8.609260e-10,1.555007e-08,1.555007e-10,2.686586e-10,4.498183e-09,4.498183e-11
2.903839e+01,8.603311e-10,1.557617e-08,1.557617e-10,2.693183e-10,4.495308e-09,4.495308e-11
2.904053e+01,8.580425e-10,1.558965e-08,1.558965e-10,2.681142e-10,4.480844e-09,4.480844e-11
2.904267e+01,8.572599e-10,1.559346e-08,1.559346e-10,2.677029e-10,4.468749e-09,4.468749e-11
2.904480e+01,8.591297e-10,1.558147e-08,1.558147e-10,2.697062e-10,4.458902e-09,4.458902e-11
2.904694e+01,8.596286e-10,1.554364e-08,1.554364e-10,2.710827e-10,4.446413e-09,4.446413e-11
2.904908e+01,8.554011e-10,1.546808e-08,1.546808e-10,2.690656e-10,4.411950e-09,4.411950e-11
2.905121e+01,8.494014e-10,1.536798e-08,1.536798e-10,2.663284e-10,4.378302e-09,4.378302e-11
2.905335e+01,8.462905e-10,1.525739e-08,1.525739e-10,2.665911e-10,4.353847e-09,4.353847e-11
2.905549e+01,8.453003e-10,1.514841e-08,1.514841e-10,2.682045e-10,4.347450e-09,4.347450e-11
2.905762e+01,8.427820e-10,1.503404e-08,1.503404e-10,2.672971e-10,4.329373e-09,4.329373e-11
2.905976e+01,8.391501e-10,1.491237e-08,1.491237e-10,2.650201e-10,4.314038e-09,4.314038e-11
2.906190e+01,8.375186e-10,1.477747e-08,1.477747e-10,2.656725e-10,4.310641e-09,4.310641e-11
2.906403e+01,8.369388e-10,1.462567e-08,1.462567e-10,2.684967e-10,4.323527e-09,4.323527e-11
2.906617e+01,8.330201e-10,1.446067e-08,1.446067e-10,2.681891e-10,4.323953e-09,4.323953e-11
2.906831e+01,8.258358e-10,1.429177e-08,1.429177e-10,2.642689e-10,4.303002e-09,4.303002e-11
2.907044e+01,8.211947e-10,1.414137e-08,1.414137e-10,2.627071e-10,4.307102e-09,4.307102e-11
2.907258e+01,8.213750e-10,1.401094e-08,1.401094e-10,2.658595e-10,4.331719e-09,4.331719e-11
2.907472e+01,8.203810e-10,1.389613e-08,1.389613e-10,2.677472e-10,4.368856e-09,4.368856e-11
2.907685e+01,8.129945e-10,1.377367e-08,1.377367e-10,2.638231e-10,4.352868e-09,4.352868e-11
2.907899e+01,8.031473e-10,1.365979e-08,1.365979e-10,2.589202e-10,4.349913e-09,4.349913e-11
2.908113e+01,7.973037e-10,1.357001e-08,1.357001e-10,2.590572e-10,4.363536e-09,4.363536e-11
2.908326e+01,7.944530e-10,1.351867e-08,1.351867e-10,2.612463e-10,4.410160e-09,4.410160e-11
2.908540e+01,7.894690e-10,1.349120e-08,1.349120e-10,2.590572e-10,4.413806e-09,4.413806e-11
2.908754e+01,7.826729e-10,1.348592e-08,1.348592e-10,2.538839e-10,4.403407e-09,4.403407e-11
2.908967e+01,7.786564e-10,1.349966e-08,1.349966e-10,2.523973e-10,4.416566e-09,4.416566e-11
2.909181e+01,7.772439e-10,1.351812e-08,1.351812e-10,2.547372e-10,4.448795e-09,4.448795e-11
2.909395e+01,7.729611e-10,1.353139e-08,1.353139e-10,2.539295e-10,4.465322e-09,4.465322e-11
2.909609e+01,7.641830e-10,1.353601e-08,1.353601e-10,2.478200e-10,4.427676e-09,4.427676e-11
2.909822e+01,7.562909e-10,1.354814e-08,1.354814e-10,2.429461e-10,4.413413e-09,4.413413e-11
2.910036e+01,7.528673e-10,1.356202e-08,1.356202e-10,2.435559e-10,4.410186e-09,4.410186e-11
2.910250e+01,7.498019e-10,1.357223e-08,1.357223e-10,2.447445e-10,4.421867e-09,4.421867e-11
2.910463e+01,7.424466e-10,1.355431e-08,1.355431e-10,2.410862e-10,4.379622e-09,4.379622e-11
2.910677e+01,7.330232e-10,1.351186e-08,1.351186e-10,2.354894e-10,4.331770e-09,4.331770e-11
2.910891e+01,7.259494e-10,1.345022e-08,1.345022e-10,2.335482e-10,4.290865e-09,4.290865e-11
2.911104e+01,7.205563e-10,1.337993e-08,1.337993e-10,2.341251e-10,4.264141e-09,4.264141e-11
2.911318e+01,7.139768e-10,1.329744e-08,1.329744e-10,2.323901e-10,4.218458e-09,4.218458e-11
2.911532e+01,7.073622e-10,1.320614e-08,1.320614e-10,2.284865e-10,4.154008e-09,4.154008e-11
2.911745e+01,7.036883e-10,1.310925e-08,1.310925e-10,2.265193e-10,4.102220e-09,4.102220e-11
2.911959e+01,7.017500e-10,1.300415e-08,1.300415e-10,2.270693e-10,4.055020e-09,4.055020e-11
2.912173e+01,6.972322e-10,1.289392e-08,1.289392e-10,2.264790e-10,4.010773e-09,4.010773e-11
2.912386e+01,6.895372e-10,1.278498e-08,1.278498e-10,2.234462e-10,3.955664e-09,3.955664e-11
2.912600e+01,6.830462e-10,1.269020e-08,1.269020e-10,2.211193e-10,3.914258e-09,3.914258e-11
2.912814e+01,6.805793e-10,1.260925e-08,1.260925e-10,2.214331e-10,3.882317e-09,3.882317e-11
2.913027e+01,6.799070e-10,1.254415e-08,1.254415e-10,2.223235e-10,3.858839e-09,3.858839e-11
2.913241e+01,6.784422e-10,1.249344e-08,1.249344e-10,2.221444e-10,3.838402e-09,3.838402e-11
2.913455e+01,6.770712e-10,1.245831e-08,1.245831e-10,2.222568e-10,3.831117e-09,3.831117e-11
2.913668e+01,6.769077e-10,1.243396e-08,1.243396e-10,2.235218e-10,3.835028e-09,3.835028e-11
2.913882e+01,6.768199e-10,1.241803e-08,1.241803e-10,2.243748e-10,3.843055e-09,3.843055e-11
2.914096e+01,6.765059e-10,1.240915e-08,1.240915e-10,2.242706e-10,3.852491e-09,3.852491e-11
2.914309e+01,6.779112e-10,1.241071e-08,1.241071e-10,2.252093e-10,3.874431e-09,3.874431e-11
2.914523e+01,6.816819e-10,1.242196e-08,1.242196e-10,2.278342e-10,3.910101e-09,3.910101e-11
2.914737e+01,6.854448e-10,1.243752e-08,1.243752e-10,2.297863e-10,3.949181e-09,3.949181e-11
2.914950e+01,6.875087e-10,1.245540e-08,1.245540e-10,2.299246e-10,3.983636e-09,3.983636e-11
2.915164e+01,6.896839e-10,1.248459e-08,1.248459e-10,2.306067e-10,4.028362e-09,4.028362e-11
2.915378e+01,6.945524e-10,1.253411e-08,1.253411e-10,2.337434e-10,4.090795e-09,4.090795e-11
2.915591e+01,7.016437e-10,1.260588e-08,1.260588e-10,2.374604e-10,4.167739e-09,4.167739e-11
2.915805e+01,7.086172e-10,1.269702e-08,1.269702e-10,2.393349e-10,4.241969e-09,4.241969e-11
2.916019e+01,7.152233e-10,1.280984e-08,1.280984e-10,2.407428e-10,4.323942e-09,4.323942e-11
2.916232e+01,7.228749e-10,1.295065e-08,1.295065e-10,2.442918e-10,4.420844e-09,4.420844e-11
2.916446e+01,7.311966e-10,1.312339e-08,1.312339e-10,2.489068e-10,4.534952e-09,4.534952e-11
2.916660e+01,7.386402e-10,1.332416e-08,1.332416e-10,2.517437e-10,4.648476e-09,4.648476e-11
2.916873e+01,7.457733e-10,1.354785e-08,1.354785e-10,2.533205e-10,4.760415e-09,4.760415e-11
2.917087e+01,7.542424e-10,1.379247e-08,1.379247e-10,2.564465e-10,4.876191e-09,4.876191e-11
2.917301e+01,7.631418e-10,1.405770e-08,1.405770e-10,2.610226e-10,4.998395e-09,4.998395e-11
2.917514e+01,7.699156e-10,1.433677e-08,1.433677e-10,2.641287e-10,5.117636e-09,5.117636e-11
2.917728e+01,7.741556e-10,1.461949e-08,1.461949e-10,2.650508e-10,5.225547e-09,5.225547e-11
2.917942e+01,7.776091e-10,1.489596e-08,1.489596e-10,2.660742e-10,5.324298e-09,5.324298e-11
2.918155e+01,7.807621e-10,1.516113e-08,1.516113e-10,2.680401e-10,5.412866e-09,5.412866e-11
2.918369e+01,7.820996e-10,1.541173e-08,1.541173e-10,2.690310e-10,5.490319e-09,5.490319e-11
2.918583e+01,7.811145e-10,1.564360e-08,1.564360e-10,2.681227e-10,5.551217e-09,5.551217e-11
2.918797e+01,7.793842e-10,1.585174e-08,1.585174e-10,2.669919e-10,5.598310e-09,5.598310e-11
2.919010e+01,7.777091e-10,1.603236e-08,1.603236e-10,2.666007e-10,5.628494e-09,5.628494e-11
2.919224e+01,7.750095e-10,1.618779e-08,1.618779e-10,2.654895e-10,5.642620e-09,5.642620e-11
2.919438e+01,7.716098e-10,1.632112e-08,1.632112e-10,2.631642e-10,5.640894e-09,5.640894e-11
2.919651e+01,7.700379e-10,1.643584e-08,1.643584e-10,2.616901e-10,5.631201e-09,5.631201e-11
2.919865e+01,7.705595e-10,1.652893e-08,1.652893e-10,2.617568e-10,5.611458e-09,5.611458e-11
2.920079e+01,7.698108e-10,1.659891e-08,1.659891e-10,2.609020e-10,5.578086e-09,5.578086e-11
2.920292e+01,7.661765e-10,1.664679e-08,1.664679e-10,2.579778e-10,5.528808e-09,5.528808e-11
2.920506e+01,7.629407e-10,1.668079e-08,1.668079e-10,2.557757e-10,5.478753e-09,5.478753e-11
2.920720e+01,7.633834e-10,1.670127e-08,1.670127e-10,2.564673e-10,5.430069e-09,5.430069e-11
2.920933e+01,7.658587e-10,1.670600e-08,1.670600e-10,2.576533e-10,5.379050e-09,5.379050e-11
2.921147e+01,7.668379e-10,1.669138e-08,1.669138e-10,2.564493e-10,5.310294e-09,5.310294e-11
2.921361e+01,7.668075e-10,1.666280e-08,1.666280e-10,2.548184e-10,5.241933e-09,5.241933e-11
2.921574e+01,7.692632e-10,1.662576e-08,1.662576e-10,2.564039e-10,5.183820e-09,5.183820e-11
2.921788e+01,7.745074e-10,1.658045e-08,1.658045e-10,2.599807e-10,5.138281e-09,5.138281e-11
2.922002e+01,7.792275e-10,1.652177e-08,1.652177e-10,2.612760e-10,5.081442e-09,5.081442e-11
2.922215e+01,7.825406e-10,1.644946e-08,1.644946e-10,2.604294e-10,5.017370e-09,5.017370e-11
2.922429e+01,7.872982e-10,1.637059e-08,1.637059e-10,2.619118e-10,4.970680e-09,4.970680e-11
2.922643e+01,7.941704e-10,1.628429e-08,1.628429e-10,2.665559e-10,4.944001e-09,4.944001e-11
2.922856e+01,7.998045e-10,1.618557e-08,1.618557e-10,2.697522e-10,4.924793e-09,4.924793e-11
2.923070e+01,8.027176e-10,1.606782e-08,1.606782e-10,2.693327e-10,4.888343e-09,4.888343e-11
2.923284e+01,8.060403e-10,1.593871e-08,1.593871e-10,2.693185e-10,4.868887e-09,4.868887e-11
2.923497e+01,8.122832e-10,1.580527e-08,1.580527e-10,2.730869e-10,4.873102e-09,4.873102e-11
2.923711e+01,8.191107e-10,1.567091e-08,1.567091e-10,2.777652e-10,4.905026e-09,4.905026e-11
2.923925e+01,8.230884e-10,1.552975e-08,1.552975e-10,2.791388e-10,4.931844e-09,4.931844e-11
2.924138e+01,8.250830e-10,1.538447e-08,1.538447e-10,2.785851e-10,4.966367e-09,4.966367e-11
2.924352e+01,8.285157e-10,1.524613e-08,1.524613e-10,2.804884e-10,5.025430e-09,5.025430e-11
2.924566e+01,8.336994e-10,1.512802e-08,1.512802e-10,2.849424e-10,5.114222e-09,5.114222e-11
2.924779e+01,8.378474e-10,1.503409e-08,1.503409e-10,2.881257e-10,5.217012e-09,5.217012e-11
2.924993e+01,8.403826e-10,1.496345e-08,1.496345e-10,2.890019e-10,5.319316e-09,5.319316e-11
2.925207e+01,8.436468e-10,1.491864e-08,1.491864e-10,2.905404e-10,5.432844e-09,5.432844e-11
2.925420e+01,8.481938e-10,1.490581e-08,1.490581e-10,2.941704e-10,5.559740e-09,5.559740e-11
2.925634e+01,8.519253e-10,1.492994e-08,1.492994e-10,2.977013e-10,5.698616e-09,5.698616e-11
2.925848e+01,8.542361e-10,1.498935e-08,1.498935e-10,2.995917e-10,5.835991e-09,5.835991e-11
2.926061e+01,8.571987e-10,1.508042e-08,1.508042e-10,3.012893e-10,5.969493e-09,5.969493e-11
2.926275e+01,8.622447e-10,1.520292e-08,1.520292e-10,3.042144e-10,6.099049e-09,6.099049e-11
2.926489e+01,8.687363e-10,1.536091e-08,1.536091e-10,3.077351e-10,6.228693e-09,6.228693e-11
2.926702e+01,8.759625e-10,1.555043e-08,1.555043e-10,3.111095e-10,6.357293e-09,6.357293e-11
2.926916e+01,8.841629e-10,1.575745e-08,1.575745e-10,3.147247e-10,6.479196e-09,6.479196e-11
2.927130e+01,8.930276e-10,1.596574e-08,1.596574e-10,3.184642e-10,6.584669e-09,6.584669e-11
2.927344e+01,9.013565e-10,1.617348e-08,1.617348e-10,3.212737e-10,6.672523e-09,6.672523e-11
2.927557e+01,9.095424e-10,1.638585e-08,1.638585e-10,3.235543e-10,6.751450e-09,6.751450e-11
2.927771e+01,9.199559e-10,1.660201e-08,1.660201e-10,3.273560e-10,6.827721e-09,6.827721e-11
2.927985e+01,9.327205e-10,1.680569e-08,1.680569e-10,3.325638e-10,6.892148e-09,6.892148e-11
2.928198e+01,9.438797e-10,1.698054e-08,1.698054e-10,3.359893e-10,6.929731e-09,6.929731e-11
2.928412e+01,9.509631e-10,1.712509e-08,1.712509e-10,3.364955e-10,6.939550e-09,6.939550e-11
2.928626e+01,9.572500e-10,1.725795e-08,1.725795e-10,3.375852e-10,6.944064e-09,6.944064e-11
2.928839e+01,9.669496e-10,1.738956e-08,1.738956e-10,3.419307e-10,6.947704e-09,6.947704e-11
2.929053e+01,9.791259e-10,1.751659e-08,1.751659e-10,3.466539e-10,6.941598e-09,6.941598e-11
2.929267e+01,9.902115e-10,1.763225e-08,1.763225e-10,3.480004e-10,6.900483e-09,6.900483e-11
2.929480e+01,1.000263e-09,1.774839e-08,1.774839e-10,3.478887e-10,6.846730e-09,6.846730e-11
2.929694e+01,1.012179e-09,1.787933e-08,1.787933e-10,3.507463e-10,6.799928e-09,6.799928e-11
2.929908e+01,1.025868e-09,1.802668e-08,1.802668e-10,3.556474e-10,6.764734e-09,6.764734e-11
2.930121e+01,1.037850e-09,1.817944e-08,1.817944e-10,3.573386e-10,6.712219e-09,6.712219e-11
2.930335e+01,1.047472e-09,1.833267e-08,1.833267e-10,3.551074e-10,6.631278e-09,6.631278e-11
2.930549e+01,1.058771e-09,1.850192e-08,1.850192e-10,3.545461e-10,6.559672e-09,6.559672e-11
2.930762e+01,1.073365e-09,1.869480e-08,1.869480e-10,3.584090e-10,6.510161e-09,6.510161e-11
2.930976e+01,1.086354e-09,1.890151e-08,1.890151e-10,3.617306e-10,6.480155e-09,6.480155e-11
2.931190e+01,1.093175e-09,1.909479e-08,1.909479e-10,3.597546e-10,6.421742e-09,6.421742e-11
2.931403e+01,1.096498e-09,1.927188e-08,1.927188e-10,3.556231e-10,6.358363e-09,6.358363e-11
2.931617e+01,1.101581e-09,1.944611e-08,1.944611e-10,3.550751e-10,6.309477e-09,6.309477e-11
2.931831e+01,1.108121e-09,1.963090e-08,1.963090e-10,3.571848e-10,6.294668e-09,6.294668e-11
2.932044e+01,1.111921e-09,1.981310e-08,1.981310e-10,3.564507e-10,6.279659e-09,6.279659e-11
2.932258e+01,1.112375e-09,1.997560e-08,1.997560e-10,3.521230e-10,6.246325e-09,6.246325e-11
2.932472e+01,1.113257e-09,2.011430e-08,2.011430e-10,3.491072e-10,6.215658e-09,6.215658e-11
2.932685e+01,1.115943e-09,2.023422e-08,2.023422e-10,3.494675e-10,6.196591e-09,6.196591e-11
2.932899e+01,1.116768e-09,2.033783e-08,2.033783e-10,3.490395e-10,6.194174e-09,6.194174e-11
2.933113e+01,1.113152e-09,2.041058e-08,2.041058e-10,3.445666e-10,6.171947e-09,6.171947e-11
2.933326e+01,1.107935e-09,2.044225e-08,2.044225e-10,3.390735e-10,6.141016e-09,6.141016e-11
2.933540e+01,1.104278e-09,2.042664e-08,2.042664e-10,3.365587e-10,6.099590e-09,6.099590e-11
2.933754e+01,1.099842e-09,2.037362e-08,2.037362e-10,3.353570e-10,6.065742e-09,6.065742e-11
2.933967e+01,1.090565e-09,2.028052e-08,2.028052e-10,3.313344e-10,6.022880e-09,6.022880e-11
2.934181e+01,1.077294e-09,2.014243e-08,2.014243e-10,3.248016e-10,5.966634e-09,5.966634e-11
2.934395e+01,1.063973e-09,1.995466e-08,1.995466e-10,3.194924e-10,5.897627e-09,5.897627e-11
2.934608e+01,1.051371e-09,1.972812e-08,1.972812e-10,3.162358e-10,5.818755e-09,5.818755e-11
2.934822e+01,1.037142e-09,1.948179e-08,1.948179e-10,3.122317e-10,5.740665e-09,5.740665e-11
2.935036e+01,1.021251e-09,1.922682e-08,1.922682e-10,3.064789e-10,5.658565e-09,5.658565e-11
2.935249e+01,1.006836e-09,1.896907e-08,1.896907e-10,3.014852e-10,5.582690e-09,5.582690e-11
2.935463e+01,9.949897e-10,1.870515e-08,1.870515e-10,2.985525e-10,5.500613e-09,5.500613e-11
2.935677e+01,9.826741e-10,1.844749e-08,1.844749e-10,2.953654e-10,5.419277e-09,5.419277e-11
2.935890e+01,9.678665e-10,1.821017e-08,1.821017e-10,2.901447e-10,5.341270e-09,5.341270e-11
2.936104e+01,9.534638e-10,1.800685e-08,1.800685e-10,2.850018e-10,5.283859e-09,5.283859e-11
2.936318e+01,9.430377e-10,1.783124e-08,1.783124e-10,2.825200e-10,5.241030e-09,5.241030e-11
2.936532e+01,9.353866e-10,1.767625e-08,1.767625e-10,2.814577e-10,5.202293e-09,5.202293e-11
2.936745e+01,9.270367e-10,1.754451e-08,1.754451e-10,2.791613e-10,5.164357e-09,5.164357e-11
2.936959e+01,9.180806e-10,1.744642e-08,1.744642e-10,2.762858e-10,5.142347e-09,5.142347e-11
2.937173e+01,9.114824e-10,1.738645e-08,1.738645e-10,2.754878e-10,5.147467e-09,5.147467e-11
2.937386e+01,9.077345e-10,1.735347e-08,1.735347e-10,2.765967e-10,5.165506e-09,5.165506e-11
2.937600e+01,9.041731e-10,1.734137e-08,1.734137e-10,2.766915e-10,5.182532e-09,5.182532e-11
2.937814e+01,9.000492e-10,1.735191e-08,1.735191e-10,2.751272e-10,5.197615e-09,5.197615e-11
2.938027e+01,8.985295e-10,1.739572e-08,1.739572e-10,2.749604e-10,5.233804e-09,5.233804e-11
2.938241e+01,9.018196e-10,1.746863e-08,1.746863e-10,2.779769e-10,5.288222e-09,5.288222e-11
2.938455e+01,9.073089e-10,1.755812e-08,1.755812e-10,2.815834e-10,5.348021e-09,5.348021e-11
2.938668e+01,9.112532e-10,1.765269e-08,1.765269e-10,2.829463e-10,5.393912e-09,5.393912e-11
2.938882e+01,9.142967e-10,1.775348e-08,1.775348e-10,2.835960e-10,5.440490e-09,5.440490e-11
2.939096e+01,9.197787e-10,1.786259e-08,1.786259e-10,2.868488e-10,5.499546e-09,5.499546e-11
2.939309e+01,9.279007e-10,1.797066e-08,1.797066e-10,2.922548e-10,5.565909e-09,5.565909e-11
2.939523e+01,9.351763e-10,1.806500e-08,1.806500e-10,2.961484e-10,5.621365e-09,5.621365e-11
2.939737e+01,9.393399e-10,1.813818e-08,1.813818e-10,2.972468e-10,5.655745e-09,5.655745e-11
2.939950e+01,9.419191e-10,1.819618e-08,1.819618e-10,2.981525e-10,5.686748e-09,5.686748e-11
2.940164e+01,9.449932e-10,1.824324e-08,1.824324e-10,3.007400e-10,5.716855e-09,5.716855e-11
2.940378e+01,9.478479e-10,1.827824e-08,1.827824e-10,3.031066e-10,5.742980e-09,5.742980e-11
2.940591e+01,9.484629e-10,1.829595e-08,1.829595e-10,3.026404e-10,5.748544e-09,5.748544e-11
2.940805e+01,9.469460e-10,1.829632e-08,1.829632e-10,3.001946e-10,5.739225e-09,5.739225e-11
2.941019e+01,9.454262e-10,1.828469e-08,1.828469e-10,2.988142e-10,5.727696e-09,5.727696e-11
2.941232e+01,9.446272e-10,1.826275e-08,1.826275e-10,2.991496e-10,5.716829e-09,5.716829e-11
2.941446e+01,9.427349e-10,1.822716e-08,1.822716e-10,2.988080e-10,5.701896e-09,5.701896e-11
2.941660e+01,9.379105e-10,1.817121e-08,1.817121e-10,2.961263e-10,5.671912e-09,5.671912e-11
2.941873e+01,9.305997e-10,1.809276e-08,1.809276e-10,2.925151e-10,5.635624e-09,5.635624e-11
2.942087e+01,9.226929e-10,1.799324e-08,1.799324e-10,2.902732e-10,5.598407e-09,5.598407e-11
2.942301e+01,9.150188e-10,1.787393e-08,1.787393e-10,2.892821e-10,5.562050e-09,5.562050e-11
2.942514e+01,9.066203e-10,1.773523e-08,1.773523e-10,2.873894e-10,5.519588e-09,5.519588e-11
2.942728e+01,8.963182e-10,1.757736e-08,1.757736e-10,2.835298e-10,5.463958e-09,5.463958e-11
2.942942e+01,8.846162e-10,1.740472e-08,1.740472e-10,2.791255e-10,5.404127e-09,5.404127e-11
2.943155e+01,8.733435e-10,1.722268e-08,1.722268e-10,2.761241e-10,5.343121e-09,5.343121e-11
2.943369e+01,8.632275e-10,1.703515e-08,1.703515e-10,2.741954e-10,5.283881e-09,5.283881e-11
2.943583e+01,8.528968e-10,1.684324e-08,1.684324e-10,2.710528e-10,5.218047e-09,5.218047e-11
2.943796e+01,8.411493e-10,1.664640e-08,1.664640e-10,2.659139e-10,5.141569e-09,5.141569e-11
2.944010e+01,8.293847e-10,1.644778e-08,1.644778e-10,2.610448e-10,5.067937e-09,5.067937e-11
2.944224e+01,8.197773e-10,1.624835e-08,1.624835e-10,2.586075e-10,4.998172e-09,4.998172e-11
2.944437e+01,8.116402e-10,1.604755e-08,1.604755e-10,2.571745e-10,4.935275e-09,4.935275e-11
2.944651e+01,8.022323e-10,1.583993e-08,1.583993e-10,2.535968e-10,4.858663e-09,4.858663e-11
2.944865e+01,7.912091e-10,1.562376e-08,1.562376e-10,2.481156e-10,4.773293e-09,4.773293e-11
2.945079e+01,7.813161e-10,1.540216e-08,1.540216e-10,2.443736e-10,4.694976e-09,4.694976e-11
2.945292e+01,7.737799e-10,1.517841e-08,1.517841e-10,2.435751e-10,4.625424e-09,4.625424e-11
2.945506e+01,7.662321e-10,1.495782e-08,1.495782e-10,2.422675e-10,4.562404e-09,4.562404e-11
2.945720e+01,7.569188e-10,1.474060e-08,1.474060e-10,2.377262e-10,4.475721e-09,4.475721e-11
2.945933e+01,7.482696e-10,1.453694e-08,1.453694e-10,2.326284e-10,4.397932e-09,4.397932e-11
2.946147e+01,7.434538e-10,1.435124e-08,1.435124e-10,2.310482e-10,4.331933e-09,4.331933e-11
2.946361e+01,7.411655e-10,1.418863e-08,1.418863e-10,2.316345e-10,4.286926e-09,4.286926e-11
2.946574e+01,7.377229e-10,1.404521e-08,1.404521e-10,2.296850e-10,4.227743e-09,4.227743e-11
2.946788e+01,7.336746e-10,1.392655e-08,1.392655e-10,2.252262e-10,4.154820e-09,4.154820e-11
2.947002e+01,7.334046e-10,1.384255e-08,1.384255e-10,2.233023e-10,4.106576e-09,4.106576e-11
2.947215e+01,7.375263e-10,1.379473e-08,1.379473e-10,2.255381e-10,4.078388e-09,4.078388e-11
2.947429e+01,7.411839e-10,1.378161e-08,1.378161e-10,2.271200e-10,4.066423e-09,4.066423e-11
2.947643e+01,7.417532e-10,1.379434e-08,1.379434e-10,2.247958e-10,4.022256e-09,4.022256e-11
2.947856e+01,7.429799e-10,1.384210e-08,1.384210e-10,2.225241e-10,3.999374e-09,3.999374e-11
2.948070e+01,7.483071e-10,1.392220e-08,1.392220e-10,2.247127e-10,3.997628e-09,3.997628e-11
2.948284e+01,7.548165e-10,1.403477e-08,1.403477e-10,2.285917e-10,4.024536e-09,4.024536e-11
2.948497e+01,7.581196e-10,1.416377e-08,1.416377e-10,2.288074e-10,4.029087e-09,4.029087e-11
2.948711e+01,7.596874e-10,1.431115e-08,1.431115e-10,2.263313e-10,4.026148e-09,4.026148e-11
2.948925e+01,7.641186e-10,1.447443e-08,1.447443e-10,2.266589e-10,4.044896e-09,4.044896e-11
2.949138e+01,7.708993e-10,1.464635e-08,1.464635e-10,2.302271e-10,4.078350e-09,4.078350e-11
2.949352e+01,7.752070e-10,1.481131e-08,1.481131e-10,2.316691e-10,4.104821e-09,4.104821e-11
2.949566e+01,7.766230e-10,1.495962e-08,1.495962e-10,2.293855e-10,4.098437e-09,4.098437e-11
2.949779e+01,7.801475e-10,1.509698e-08,1.509698e-10,2.283520e-10,4.104702e-09,4.104702e-11
2.949993e+01,7.871956e-10,1.521672e-08,1.521672e-10,2.312565e-10,4.116229e-09,4.116229e-11
2.950207e+01,7.923621e-10,1.531307e-08,1.531307e-10,2.337459e-10,4.132477e-09,4.132477e-11
2.950420e+01,7.923522e-10,1.537279e-08,1.537279e-10,2.320988e-10,4.114209e-09,4.114209e-11
2.950634e+01,7.916905e-10,1.540817e-08,1.540817e-10,2.298573e-10,4.099421e-09,4.099421e-11
2.950848e+01,7.951795e-10,1.541965e-08,1.541965e-10,2.316270e-10,4.092056e-09,4.092056e-11
2.951061e+01,7.998270e-10,1.540966e-08,1.540966e-10,2.349873e-10,4.097578e-09,4.097578e-11
2.951275e+01,7.998567e-10,1.536621e-08,1.536621e-10,2.349480e-10,4.078204e-09,4.078204e-11
2.951489e+01,7.964073e-10,1.529699e-08,1.529699e-10,2.327872e-10,4.053177e-09,4.053177e-11
2.951702e+01,7.954461e-10,1.521115e-08,1.521115e-10,2.336528e-10,4.038574e-09,4.038574e-11
2.951916e+01,7.979854e-10,1.511549e-08,1.511549e-10,2.375120e-10,4.041941e-09,4.041941e-11
2.952130e+01,7.996642e-10,1.500662e-08,1.500662e-10,2.395583e-10,4.034406e-09,4.034406e-11
2.952343e+01,7.996661e-10,1.488454e-08,1.488454e-10,2.393538e-10,4.013214e-09,4.013214e-11
2.952557e+01,8.021499e-10,1.476131e-08,1.476131e-10,2.417445e-10,4.010156e-09,4.010156e-11
2.952771e+01,8.075942e-10,1.463688e-08,1.463688e-10,2.475582e-10,4.025034e-09,4.025034e-11
2.952984e+01,8.106217e-10,1.451086e-08,1.451086e-10,2.514628e-10,4.044054e-09,4.044054e-11
2.953198e+01,8.086894e-10,1.437465e-08,1.437465e-10,2.511055e-10,4.031997e-09,4.031997e-11
2.953412e+01,8.064309e-10,1.424182e-08,1.424182e-10,2.512460e-10,4.040813e-09,4.040813e-11
2.953626e+01,8.081696e-10,1.411232e-08,1.411232e-10,2.555069e-10,4.062734e-09,4.062734e-11
2.953839e+01,8.113548e-10,1.399074e-08,1.399074e-10,2.600358e-10,4.104700e-09,4.104700e-11
2.954053e+01,8.115437e-10,1.386771e-08,1.386771e-10,2.603456e-10,4.108162e-09,4.108162e-11
2.954267e+01,8.098731e-10,1.374994e-08,1.374994e-10,2.593061e-10,4.121721e-09,4.121721e-11
2.954480e+01,8.104454e-10,1.363779e-08,1.363779e-10,2.619889e-10,4.151723e-09,4.151723e-11
2.954694e+01,8.126070e-10,1.353057e-08,1.353057e-10,2.665607e-10,4.202707e-09,4.202707e-11
2.954908e+01,8.122625e-10,1.342048e-08,1.342048e-10,2.674865e-10,4.228414e-09,4.228414e-11
2.955121e+01,8.096603e-10,1.330778e-08,1.330778e-10,2.653930e-10,4.235602e-09,4.235602e-11
2.955335e+01,8.087405e-10,1.319824e-08,1.319824e-10,2.660087e-10,4.264012e-09,4.264012e-11
2.955549e+01,8.092143e-10,1.308660e-08,1.308660e-10,2.698901e-10,4.301171e-09,4.301171e-11
2.955762e+01,8.065506e-10,1.296911e-08,1.296911e-10,2.714132e-10,4.331727e-09,4.331727e-11
2.955976e+01,8.002329e-10,1.284369e-08,1.284369e-10,2.687490e-10,4.326173e-09,4.326173e-11
2.956190e+01,7.949739e-10,1.271983e-08,1.271983e-10,2.667480e-10,4.332978e-09,4.332978e-11
2.956403e+01,7.928150e-10,1.259365e-08,1.259365e-10,2.682757e-10,4.343978e-09,4.343978e-11
2.956617e+01,7.899731e-10,1.246047e-08,1.246047e-10,2.695558e-10,4.354366e-09,4.354366e-11
2.956831e+01,7.832455e-10,1.231331e-08,1.231331e-10,2.669681e-10,4.334100e-09,4.334100e-11
2.957044e+01,7.748297e-10,1.216155e-08,1.216155e-10,2.630603e-10,4.310043e-09,4.310043e-11
2.957258e+01,7.678026e-10,1.201029e-08,1.201029e-10,2.615226e-10,4.292098e-09,4.292098e-11
2.957472e+01,7.607745e-10,1.186156e-08,1.186156e-10,2.607378e-10,4.275012e-09,4.275012e-11
2.957685e+01,7.511335e-10,1.171213e-08,1.171213e-10,2.573664e-10,4.239282e-09,4.239282e-11
2.957899e+01,7.406574e-10,1.157118e-08,1.157118e-10,2.526552e-10,4.193713e-09,4.193713e-11
2.958113e+01,7.327805e-10,1.144751e-08,1.144751e-10,2.499387e-10,4.154046e-09,4.154046e-11
2.958326e+01,7.265498e-10,1.134470e-08,1.134470e-10,2.485167e-10,4.120634e-09,4.120634e-11
2.958540e+01,7.188668e-10,1.125568e-08,1.125568e-10,2.453963e-10,4.078648e-09,4.078648e-11
2.958754e+01,7.103742e-10,1.117843e-08,1.117843e-10,2.410889e-10,4.028745e-09,4.028745e-11
2.958967e+01,7.038482e-10,1.111608e-08,1.111608e-10,2.382371e-10,3.981307e-09,3.981307e-11
2.959181e+01,6.988091e-10,1.107407e-08,1.107407e-10,2.362700e-10,3.943837e-09,3.943837e-11
2.959395e+01,6.927377e-10,1.104832e-08,1.104832e-10,2.328109e-10,3.902099e-09,3.902099e-11
2.959608e+01,6.861899e-10,1.103596e-08,1.103596e-10,2.288382e-10,3.862132e-09,3.862132e-11
2.959822e+01,6.821240e-10,1.103587e-08,1.103587e-10,2.272910e-10,3.825392e-09,3.825392e-11
2.960036e+01,6.808507e-10,1.105348e-08,1.105348e-10,2.275443e-10,3.802842e-09,3.802842e-11
2.960249e+01,6.797178e-10,1.109048e-08,1.109048e-10,2.262842e-10,3.774227e-09,3.774227e-11
2.960463e+01,6.782638e-10,1.114607e-08,1.114607e-10,2.238255e-10,3.748549e-09,3.748549e-11
2.960677e+01,6.791904e-10,1.121686e-08,1.121686e-10,2.239568e-10,3.736166e-09,3.736166e-11
2.960890e+01,6.826615e-10,1.129671e-08,1.129671e-10,2.265684e-10,3.735852e-09,3.735852e-11
2.961104e+01,6.847792e-10,1.138415e-08,1.138415e-10,2.268545e-10,3.729139e-09,3.729139e-11
2.961318e+01,6.841434e-10,1.147705e-08,1.147705e-10,2.236757e-10,3.702189e-09,3.702189e-11
2.961531e+01,6.845495e-10,1.157980e-08,1.157980e-10,2.220342e-10,3.702307e-09,3.702307e-11
2.961745e+01,6.881616e-10,1.168264e-08,1.168264e-10,2.243538e-10,3.714870e-09,3.714870e-11
2.961959e+01,6.918093e-10,1.178221e-08,1.178221e-10,2.259901e-10,3.735771e-09,3.735771e-11
2.962172e+01,6.933275e-10,1.187437e-08,1.187437e-10,2.236104e-10,3.711600e-09,3.711600e-11
2.962386e+01,6.958172e-10,1.197441e-08,1.197441e-10,2.215487e-10,3.711677e-09,3.711677e-11
2.962600e+01,7.018633e-10,1.207781e-08,1.207781e-10,2.243504e-10,3.733880e-09,3.733880e-11
2.962814e+01,7.083954e-10,1.217927e-08,1.217927e-10,2.286222e-10,3.776725e-09,3.776725e-11
2.963027e+01,7.118846e-10,1.226861e-08,1.226861e-10,2.287945e-10,3.778499e-09,3.778499e-11
2.963241e+01,7.148854e-10,1.236258e-08,1.236258e-10,2.268377e-10,3.775169e-09,3.775169e-11
2.963455e+01,7.218994e-10,1.247207e-08,1.247207e-10,2.288005e-10,3.804893e-09,3.804893e-11
2.963668e+01,7.311186e-10,1.259582e-08,1.259582e-10,2.340383e-10,3.858135e-09,3.858135e-11
2.963882e+01,7.370340e-10,1.272129e-08,1.272129e-10,2.362226e-10,3.896008e-09,3.896008e-11
2.964096e+01,7.403649e-10,1.285410e-08,1.285410e-10,2.345370e-10,3.904887e-09,3.904887e-11
2.964309e+01,7.475792e-10,1.301449e-08,1.301449e-10,2.351047e-10,3.943649e-09,3.943649e-11
2.964523e+01,7.602121e-10,1.320535e-08,1.320535e-10,2.402138e-10,4.007417e-09,4.007417e-11
2.964737e+01,7.727051e-10,1.341540e-08,1.341540e-10,2.447048e-10,4.079498e-09,4.079498e-11
2.964950e+01,7.823026e-10,1.362967e-08,1.362967e-10,2.455393e-10,4.121042e-09,4.121042e-11
2.965164e+01,7.932975e-10,1.386071e-08,1.386071e-10,2.469973e-10,4.175523e-09,4.175523e-11
2.965378e+01,8.088484e-10,1.411157e-08,1.411157e-10,2.526211e-10,4.250580e-09,4.250580e-11
2.965591e+01,8.253547e-10,1.437744e-08,1.437744e-10,2.589560e-10,4.343012e-09,4.343012e-11
2.965805e+01,8.386078e-10,1.463598e-08,1.463598e-10,2.620486e-10,4.412971e-09,4.412971e-11
2.966019e+01,8.503097e-10,1.488415e-08,1.488415e-10,2.643500e-10,4.478890e-09,4.478890e-11
2.966232e+01,8.637065e-10,1.512195e-08,1.512195e-10,2.696097e-10,4.551187e-09,4.551187e-11
2.966446e+01,8.768677e-10,1.535557e-08,1.535557e-10,2.756298e-10,4.640047e-09,4.640047e-11
2.966660e+01,8.861667e-10,1.557218e-08,1.557218e-10,2.783554e-10,4.712258e-09,4.712258e-11
2.966873e+01,8.933390e-10,1.576556e-08,1.576556e-10,2.795153e-10,4.776970e-09,4.776970e-11
2.967087e+01,9.024565e-10,1.593458e-08,1.593458e-10,2.833197e-10,4.835872e-09,4.835872e-11
2.967301e+01,9.121089e-10,1.608717e-08,1.608717e-10,2.883705e-10,4.904641e-09,4.904641e-11
2.967514e+01,9.177925e-10,1.622248e-08,1.622248e-10,2.902397e-10,4.958611e-09,4.958611e-11
2.967728e+01,9.201747e-10,1.633925e-08,1.633925e-10,2.899583e-10,5.007925e-09,5.007925e-11
2.967942e+01,9.238571e-10,1.643202e-08,1.643202e-10,2.923027e-10,5.054782e-09,5.054782e-11
2.968155e+01,9.292971e-10,1.649829e-08,1.649829e-10,2.968522e-10,5.100563e-09,5.100563e-11
2.968369e+01,9.326579e-10,1.654426e-08,1.654426e-10,2.985897e-10,5.129957e-09,5.129957e-11
2.968583e+01,9.332219e-10,1.657485e-08,1.657485e-10,2.972749e-10,5.144423e-09,5.144423e-11
2.968796e+01,9.343387e-10,1.658928e-08,1.658928e-10,2.981260e-10,5.172895e-09,5.172895e-11
2.969010e+01,9.364405e-10,1.657590e-08,1.657590e-10,3.021409e-10,5.197154e-09,5.197154e-11
2.969224e+01,9.354593e-10,1.653354e-08,1.653354e-10,3.037662e-10,5.206872e-09,5.206872e-11
2.969437e+01,9.303117e-10,1.646704e-08,1.646704e-10,3.007739e-10,5.179568e-09,5.179568e-11
2.969651e+01,9.258635e-10,1.639228e-08,1.639228e-10,2.987300e-10,5.170634e-09,5.170634e-11
2.969865e+01,9.246886e-10,1.630475e-08,1.630475e-10,3.013172e-10,5.166910e-09,5.166910e-11
2.970078e+01,9.221799e-10,1.619758e-08,1.619758e-10,3.036445e-10,5.158883e-09,5.158883e-11
2.970292e+01,9.146588e-10,1.606573e-08,1.606573e-10,3.009393e-10,5.103145e-09,5.103145e-11
2.970506e+01,9.062167e-10,1.593061e-08,1.593061e-10,2.971119e-10,5.051311e-09,5.051311e-11
2.970719e+01,9.015262e-10,1.579791e-08,1.579791e-10,2.976527e-10,5.015162e-09,5.015162e-11
2.970933e+01,8.974369e-10,1.566368e-08,1.566368e-10,2.996353e-10,4.990555e-09,4.990555e-11
2.971147e+01,8.889276e-10,1.551096e-08,1.551096e-10,2.969421e-10,4.928137e-09,4.928137e-11
2.971361e+01,8.786523e-10,1.535246e-08,1.535246e-10,2.913388e-10,4.849949e-09,4.849949e-11
2.971574e+01,8.726271e-10,1.520295e-08,1.520295e-10,2.893702e-10,4.791433e-09,4.791433e-11
2.971788e+01,8.694098e-10,1.506557e-08,1.506557e-10,2.905842e-10,4.756838e-09,4.756838e-11
2.972002e+01,8.621728e-10,1.491975e-08,1.491975e-10,2.884711e-10,4.708006e-09,4.708006e-11
2.972215e+01,8.505450e-10,1.476008e-08,1.476008e-10,2.823985e-10,4.633669e-09,4.633669e-11
2.972429e+01,8.413591e-10,1.460601e-08,1.460601e-10,2.788409e-10,4.575564e-09,4.575564e-11
2.972643e+01,8.369773e-10,1.447091e-08,1.447091e-10,2.798611e-10,4.546524e-09,4.546524e-11
2.972856e+01,8.318583e-10,1.434934e-08,1.434934e-10,2.797453e-10,4.528214e-09,4.528214e-11
2.973070e+01,8.232357e-10,1.422199e-08,1.422199e-10,2.758013e-10,4.482941e-09,4.482941e-11
2.973284e+01,8.163505e-10,1.410047e-08,1.410047e-10,2.734210e-10,4.454285e-09,4.454285e-11
2.973497e+01,8.148481e-10,1.398868e-08,1.398868e-10,2.760079e-10,4.447211e-09,4.447211e-11
2.973711e+01,8.140154e-10,1.389372e-08,1.389372e-10,2.784542e-10,4.465714e-09,4.465714e-11
2.973925e+01,8.090885e-10,1.379240e-08,1.379240e-10,2.762720e-10,4.444619e-09,4.444619e-11
2.974138e+01,8.036478e-10,1.369390e-08,1.369390e-10,2.737430e-10,4.435800e-09,4.435800e-11
2.974352e+01,8.028245e-10,1.359471e-08,1.359471e-10,2.760558e-10,4.432840e-09,4.432840e-11
2.974566e+01,8.032803e-10,1.350149e-08,1.350149e-10,2.793114e-10,4.456730e-09,4.456730e-11
2.974779e+01,7.980803e-10,1.339290e-08,1.339290e-10,2.768437e-10,4.421595e-09,4.421595e-11
2.974993e+01,7.883252e-10,1.327718e-08,1.327718e-10,2.711136e-10,4.375128e-09,4.375128e-11
2.975207e+01,7.811404e-10,1.316695e-08,1.316695e-10,2.695043e-10,4.339319e-09,4.339319e-11
2.975420e+01,7.778153e-10,1.307213e-08,1.307213e-10,2.713020e-10,4.330648e-09,4.330648e-11
2.975634e+01,7.732771e-10,1.299049e-08,1.299049e-10,2.693587e-10,4.286598e-09,4.286598e-11
2.975848e+01,7.668195e-10,1.291951e-08,1.291951e-10,2.632947e-10,4.196727e-09,4.196727e-11
2.976061e+01,7.637805e-10,1.287665e-08,1.287665e-10,2.605023e-10,4.153201e-09,4.153201e-11
2.976275e+01,7.652049e-10,1.284683e-08,1.284683e-10,2.629745e-10,4.136170e-09,4.136170e-11
2.976489e+01,7.648536e-10,1.282717e-08,1.282717e-10,2.633910e-10,4.133294e-09,4.133294e-11
2.976702e+01,7.594877e-10,1.280390e-08,1.280390e-10,2.577985e-10,4.052992e-09,4.052992e-11
2.976916e+01,7.544056e-10,1.280169e-08,1.280169e-10,2.525955e-10,4.017007e-09,4.017007e-11
2.977130e+01,7.543690e-10,1.281027e-08,1.281027e-10,2.535641e-10,4.013277e-09,4.013277e-11
2.977343e+01,7.551624e-10,1.281721e-08,1.281721e-10,2.560116e-10,4.042973e-09,4.042973e-11
2.977557e+01,7.503255e-10,1.279572e-08,1.279572e-10,2.527993e-10,4.008559e-09,4.008559e-11
2.977771e+01,7.416735e-10,1.275636e-08,1.275636e-10,2.463688e-10,3.957914e-09,3.957914e-11
2.977984e+01,7.358234e-10,1.271499e-08,1.271499e-10,2.442575e-10,3.943061e-09,3.943061e-11
2.978198e+01,7.332556e-10,1.267214e-08,1.267214e-10,2.462674e-10,3.947584e-09,3.947584e-11
2.978412e+01,7.287382e-10,1.261794e-08,1.261794e-10,2.455820e-10,3.934838e-09,3.934838e-11
2.978625e+01,7.211800e-10,1.254730e-08,1.254730e-10,2.406871e-10,3.876575e-09,3.876575e-11
2.978839e+01,7.149724e-10,1.247251e-08,1.247251e-10,2.370100e-10,3.840369e-09,3.840369e-11
2.979053e+01,7.117123e-10,1.238641e-08,1.238641e-10,2.370894e-10,3.811603e-09,3.811603e-11
2.979266e+01,7.077601e-10,1.228844e-08,1.228844e-10,2.368280e-10,3.786252e-09,3.786252e-11
2.979480e+01,7.012826e-10,1.218092e-08,1.218092e-10,2.331472e-10,3.730909e-09,3.730909e-11
2.979694e+01,6.958963e-10,1.208359e-08,1.208359e-10,2.291001e-10,3.677731e-09,3.677731e-11
2.979907e+01,6.948398e-10,1.200480e-08,1.200480e-10,2.282322e-10,3.638759e-09,3.638759e-11
2.980121e+01,6.958947e-10,1.194467e-08,1.194467e-10,2.290398e-10,3.610619e-09,3.610619e-11
2.980335e+01,6.949042e-10,1.189169e-08,1.189169e-10,2.282946e-10,3.579236e-09,3.579236e-11
2.980549e+01,6.913756e-10,1.184138e-08,1.184138e-10,2.259816e-10,3.542321e-09,3.542321e-11
2.980762e+01,6.876884e-10,1.180663e-08,1.180663e-10,2.240694e-10,3.511678e-09,3.511678e-11
2.980976e+01,6.852363e-10,1.180975e-08,1.180975e-10,2.230000e-10,3.494916e-09,3.494916e-11
2.981190e+01,6.843515e-10,1.186648e-08,1.186648e-10,2.222849e-10,3.492692e-09,3.492692e-11
2.981403e+01,6.858286e-10,1.198200e-08,1.198200e-10,2.224730e-10,3.507576e-09,3.507576e-11
2.981617e+01,6.898429e-10,1.215208e-08,1.215208e-10,2.236537e-10,3.540805e-09,3.540805e-11
2.981831e+01,6.949750e-10,1.236360e-08,1.236360e-10,2.244871e-10,3.584781e-09,3.584781e-11
2.982044e+01,7.002559e-10,1.260537e-08,1.260537e-10,2.248388e-10,3.639311e-09,3.639311e-11
2.982258e+01,7.064909e-10,1.287735e-08,1.287735e-10,2.263753e-10,3.710047e-09,3.710047e-11
2.982472e+01,7.143094e-10,1.318228e-08,1.318228e-10,2.293605e-10,3.799073e-09,3.799073e-11
2.982685e+01,7.226870e-10,1.351594e-08,1.351594e-10,2.317043e-10,3.898697e-09,3.898697e-11
2.982899e+01,7.305120e-10,1.386744e-08,1.386744e-10,2.325479e-10,4.001218e-09,4.001218e-11
2.983113e+01,7.378701e-10,1.421933e-08,1.421933e-10,2.341471e-10,4.116583e-09,4.116583e-11
2.983326e+01,7.442126e-10,1.455125e-08,1.455125e-10,2.376199e-10,4.237543e-09,4.237543e-11
2.983540e+01,7.476463e-10,1.485234e-08,1.485234e-10,2.400820e-10,4.357082e-09,4.357082e-11
2.983754e+01,7.484822e-10,1.512289e-08,1.512289e-10,2.396363e-10,4.455787e-09,4.455787e-11
2.983967e+01,7.508012e-10,1.537121e-08,1.537121e-10,2.395420e-10,4.557673e-09,4.557673e-11
2.984181e+01,7.568246e-10,1.559548e-08,1.559548e-10,2.431383e-10,4.661628e-09,4.661628e-11
2.984395e+01,7.624340e-10,1.578633e-08,1.578633e-10,2.476440e-10,4.768428e-09,4.768428e-11
2.984608e+01,7.630237e-10,1.592307e-08,1.592307e-10,2.482760e-10,4.843648e-09,4.843648e-11
2.984822e+01,7.608232e-10,1.600099e-08,1.600099e-10,2.464289e-10,4.898285e-09,4.898285e-11
2.985036e+01,7.611074e-10,1.602191e-08,1.602191e-10,2.471994e-10,4.944584e-09,4.944584e-11
2.985249e+01,7.637057e-10,1.599694e-08,1.599694e-10,2.503178e-10,4.986547e-09,4.986547e-11
2.985463e+01,7.642098e-10,1.592635e-08,1.592635e-10,2.509312e-10,5.003242e-09,5.003242e-11
2.985677e+01,7.621289e-10,1.581335e-08,1.581335e-10,2.485169e-10,4.990736e-09,4.990736e-11
2.985890e+01,7.614149e-10,1.566165e-08,1.566165e-10,2.478474e-10,4.974401e-09,4.974401e-11
2.986104e+01,7.626317e-10,1.546820e-08,1.546820e-10,2.503246e-10,4.950840e-09,4.950840e-11
2.986318e+01,7.608818e-10,1.522999e-08,1.522999e-10,2.509768e-10,4.909731e-09,4.909731e-11
2.986531e+01,7.542584e-10,1.494930e-08,1.494930e-10,2.472321e-10,4.825238e-09,4.825238e-11
2.986745e+01,7.481966e-10,1.465715e-08,1.465715e-10,2.440182e-10,4.743435e-09,4.743435e-11
2.986959e+01,7.466115e-10,1.436397e-08,1.436397e-10,2.451917e-10,4.664753e-09,4.664753e-11
2.987172e+01,7.446734e-10,1.407522e-08,1.407522e-10,2.464281e-10,4.595271e-09,4.595271e-11
2.987386e+01,7.367038e-10,1.376781e-08,1.376781e-10,2.426325e-10,4.479444e-09,4.479444e-11
2.987600e+01,7.258991e-10,1.345426e-08,1.345426e-10,2.369862e-10,4.361568e-09,4.361568e-11
2.987813e+01,7.186217e-10,1.314484e-08,1.314484e-10,2.353740e-10,4.252641e-09,4.252641e-11
2.988027e+01,7.135547e-10,1.285629e-08,1.285629e-10,2.358122e-10,4.171914e-09,4.171914e-11
2.988241e+01,7.046956e-10,1.257965e-08,1.257965e-10,2.321041e-10,4.056885e-09,4.056885e-11
2.988454e+01,6.923009e-10,1.231806e-08,1.231806e-10,2.253263e-10,3.926233e-09,3.926233e-11
2.988668e+01,6.824890e-10,1.208446e-08,1.208446e-10,2.222393e-10,3.827506e-09,3.827506e-11
2.988882e+01,6.764524e-10,1.186850e-08,1.186850e-10,2.233367e-10,3.762622e-09,3.762622e-11
2.989096e+01,6.684091e-10,1.166072e-08,1.166072e-10,2.216859e-10,3.693847e-09,3.693847e-11
2.989309e+01,6.561740e-10,1.144810e-08,1.144810e-10,2.149599e-10,3.561787e-09,3.561787e-11
2.989523e+01,6.460430e-10,1.126906e-08,1.126906e-10,2.099849e-10,3.477060e-09,3.477060e-11
2.989737e+01,6.427159e-10,1.112448e-08,1.112448e-10,2.112307e-10,3.427872e-09,3.427872e-11
2.989950e+01,6.412399e-10,1.101175e-08,1.101175e-10,2.129131e-10,3.424197e-09,3.424197e-11
2.990164e+01,6.350970e-10,1.089222e-08,1.089222e-10,2.087126e-10,3.335795e-09,3.335795e-11
2.990378e+01,6.265568e-10,1.077717e-08,1.077717e-10,2.023478e-10,3.253679e-09,3.253679e-11
2.990591e+01,6.219853e-10,1.068139e-08,1.068139e-10,2.010584e-10,3.208474e-09,3.208474e-11
2.990805e+01,6.209265e-10,1.061499e-08,1.061499e-10,2.034394e-10,3.214675e-09,3.214675e-11
2.991019e+01,6.176564e-10,1.056827e-08,1.056827e-10,2.022840e-10,3.189459e-09,3.189459e-11
2.991232e+01,6.114095e-10,1.053492e-08,1.053492e-10,1.970993e-10,3.117375e-09,3.117375e-11
2.991446e+01,6.074497e-10,1.052975e-08,1.052975e-10,1.946856e-10,3.099800e-09,3.099800e-11
2.991660e+01,6.077260e-10,1.054227e-08,1.054227e-10,1.973126e-10,3.112771e-09,3.112771e-11
2.991873e+01,6.074607e-10,1.057205e-08,1.057205e-10,1.990352e-10,3.149554e-09,3.149554e-11
2.992087e+01,6.036457e-10,1.060833e-08,1.060833e-10,1.958881e-10,3.124784e-09,3.124784e-11
2.992301e+01,6.004490e-10,1.067075e-08,1.067075e-10,1.922621e-10,3.127505e-09,3.127505e-11
2.992514e+01,6.023486e-10,1.075539e-08,1.075539e-10,1.932801e-10,3.157341e-09,3.157341e-11
2.992728e+01,6.070289e-10,1.085370e-08,1.085370e-10,1.965758e-10,3.212590e-09,3.212590e-11
2.992942e+01,6.097727e-10,1.094438e-08,1.094438e-10,1.968799e-10,3.240576e-09,3.240576e-11
2.993155e+01,6.110352e-10,1.102493e-08,1.102493e-10,1.946438e-10,3.247953e-09,3.247953e-11
2.993369e+01,6.146618e-10,1.110258e-08,1.110258e-10,1.944766e-10,3.272087e-09,3.272087e-11
2.993583e+01,6.213157e-10,1.117780e-08,1.117780e-10,1.975221e-10,3.303183e-09,3.303183e-11
2.993796e+01,6.279031e-10,1.124813e-08,1.124813e-10,2.003754e-10,3.334604e-09,3.334604e-11
2.994010e+01,6.326704e-10,1.130692e-08,1.130692e-10,2.009362e-10,3.342947e-09,3.342947e-11
2.994224e+01,6.371263e-10,1.135615e-08,1.135615e-10,2.010615e-10,3.352004e-09,3.352004e-11
2.994437e+01,6.423583e-10,1.139470e-08,1.139470e-10,2.026606e-10,3.362645e-09,3.362645e-11
2.994651e+01,6.468044e-10,1.142964e-08,1.142964e-10,2.047297e-10,3.377023e-09,3.377023e-11
2.994865e+01,6.491179e-10,1.146635e-08,1.146635e-10,2.055842e-10,3.389540e-09,3.389540e-11
2.995078e+01,6.508384e-10,1.151108e-08,1.151108e-10,2.055411e-10,3.402601e-09,3.402601e-11
2.995292e+01,6.539887e-10,1.156599e-08,1.156599e-10,2.059304e-10,3.423713e-09,3.423713e-11
2.995506e+01,6.581154e-10,1.163126e-08,1.163126e-10,2.070959e-10,3.452594e-09,3.452594e-11
2.995719e+01,6.615781e-10,1.170711e-08,1.170711e-10,2.084864e-10,3.489192e-09,3.489192e-11
2.995933e+01,6.639292e-10,1.179479e-08,1.179479e-10,2.095843e-10,3.531532e-09,3.531532e-11
2.996147e+01,6.659801e-10,1.189687e-08,1.189687e-10,2.101962e-10,3.578408e-09,3.578408e-11
2.996360e+01,6.686243e-10,1.201316e-08,1.201316e-10,2.106638e-10,3.629974e-09,3.629974e-11
2.996574e+01,6.722079e-10,1.214434e-08,1.214434e-10,2.118640e-10,3.688226e-09,3.688226e-11
2.996788e+01,6.763762e-10,1.229240e-08,1.229240e-10,2.141118e-10,3.755948e-09,3.755948e-11
2.997001e+01,6.806702e-10,1.245762e-08,1.245762e-10,2.164773e-10,3.830650e-09,3.830650e-11
2.997215e+01,6.854669e-10,1.263811e-08,1.263811e-10,2.181512e-10,3.906586e-09,3.906586e-11
2.997429e+01,6.918052e-10,1.283264e-08,1.283264e-10,2.198763e-10,3.985118e-09,3.985118e-11
2.997642e+01,7.002910e-10,1.304330e-08,1.304330e-10,2.229473e-10,4.069747e-09,4.069747e-11
2.997856e+01,7.103647e-10,1.327150e-08,1.327150e-10,2.271211e-10,4.163295e-09,4.163295e-11
2.998070e+01,7.208789e-10,1.351478e-08,1.351478e-10,2.309098e-10,4.259678e-09,4.259678e-11
2.998284e+01,7.312515e-10,1.376781e-08,1.376781e-10,2.339210e-10,4.356246e-09,4.356246e-11
2.998497e+01,7.415319e-10,1.402611e-08,1.402611e-10,2.372270e-10,4.453589e-09,4.453589e-11
2.998711e+01,7.513178e-10,1.429192e-08,1.429192e-10,2.411898e-10,4.554682e-09,4.554682e-11
2.998925e+01,7.599518e-10,1.456865e-08,1.456865e-10,2.448655e-10,4.660006e-09,4.660006e-11
2.999138e+01,7.680319e-10,1.485669e-08,1.485669e-10,2.479989e-10,4.767073e-09,4.767073e-11
2.999352e+01,7.768668e-10,1.515168e-08,1.515168e-10,2.516183e-10,4.875187e-09,4.875187e-11
2.999566e+01,7.864270e-10,1.545166e-08,1.545166e-10,2.560842e-10,4.982149e-09,4.982149e-11
2.999779e+01,7.956055e-10,1.575846e-08,1.575846e-10,2.603954e-10,5.089819e-09,5.089819e-11
2.999993e+01,8.045021e-10,1.607263e-08,1.607263e-10,2.641499e-10,5.199292e-09,5.199292e-11
3.000207e+01,8.142754e-10,1.638859e-08,1.638859e-10,2.682796e-10,5.311703e-09,5.311703e-11
3.000420e+01,8.246473e-10,1.669306e-08,1.669306e-10,2.730030e-10,5.419530e-09,5.419530e-11
3.000634e+01,8.336665e-10,1.697859e-08,1.697859e-10,2.769753e-10,5.518530e-09,5.518530e-11
3.000848e+01,8.405247e-10,1.724349e-08,1.724349e-10,2.796252e-10,5.610689e-09,5.610689e-11
3.001061e+01,8.470771e-10,1.748633e-08,1.748633e-10,2.825570e-10,5.703955e-09,5.703955e-11
3.001275e+01,8.547370e-10,1.769493e-08,1.769493e-10,2.868221e-10,5.792799e-09,5.792799e-11
3.001489e+01,8.616212e-10,1.785572e-08,1.785572e-10,2.906595e-10,5.866082e-09,5.866082e-11
3.001702e+01,8.653372e-10,1.796360e-08,1.796360e-10,2.923348e-10,5.917757e-09,5.917757e-11
3.001916e+01,8.671260e-10,1.802820e-08,1.802820e-10,2.934627e-10,5.963418e-09,5.963418e-11
3.002130e+01,8.700744e-10,1.805821e-08,1.805821e-10,2.964998e-10,6.011053e-09,6.011053e-11
3.002343e+01,8.739142e-10,1.804936e-08,1.804936e-10,3.002415e-10,6.053085e-09,6.053085e-11
3.002557e+01,8.756371e-10,1.799518e-08,1.799518e-10,3.014764e-10,6.071606e-09,6.071606e-11
3.002771e+01,8.748014e-10,1.790324e-08,1.790324e-10,3.004448e-10,6.072591e-09,6.072591e-11
3.002984e+01,8.747290e-10,1.779340e-08,1.779340e-10,3.009142e-10,6.080725e-09,6.080725e-11
3.003198e+01,8.777388e-10,1.767382e-08,1.767382e-10,3.043165e-10,6.100777e-09,6.100777e-11
3.003412e+01,8.818555e-10,1.753737e-08,1.753737e-10,3.074515e-10,6.117679e-09,6.117679e-11
3.003625e+01,8.842000e-10,1.737200e-08,1.737200e-10,3.077906e-10,6.107878e-09,6.107878e-11
3.003839e+01,8.850172e-10,1.718500e-08,1.718500e-10,3.075172e-10,6.090362e-09,6.090362e-11
3.004053e+01,8.859375e-10,1.699147e-08,1.699147e-10,3.095938e-10,6.082994e-09,6.082994e-11
3.004266e+01,8.859050e-10,1.679429e-08,1.679429e-10,3.125188e-10,6.088492e-09,6.088492e-11
3.004480e+01,8.823674e-10,1.657732e-08,1.657732e-10,3.126796e-10,6.075857e-09,6.075857e-11
3.004694e+01,8.757759e-10,1.633151e-08,1.633151e-10,3.102588e-10,6.032186e-09,6.032186e-11
3.004907e+01,8.690127e-10,1.607623e-08,1.607623e-10,3.087131e-10,5.978517e-09,5.978517e-11
3.005121e+01,8.630033e-10,1.583826e-08,1.583826e-10,3.091831e-10,5.937948e-09,5.937948e-11
3.005335e+01,8.557784e-10,1.562169e-08,1.562169e-10,3.090124e-10,5.910176e-09,5.910176e-11
3.005548e+01,8.462849e-10,1.540855e-08,1.540855e-10,3.062284e-10,5.866529e-09,5.866529e-11
3.005762e+01,8.369187e-10,1.519435e-08,1.519435e-10,3.026742e-10,5.803044e-09,5.803044e-11
3.005976e+01,8.310321e-10,1.500334e-08,1.500334e-10,3.012353e-10,5.739910e-09,5.739910e-11
3.006189e+01,8.291653e-10,1.486417e-08,1.486417e-10,3.018305e-10,5.704810e-09,5.704810e-11
3.006403e+01,8.289004e-10,1.477122e-08,1.477122e-10,3.020961e-10,5.689972e-09,5.689972e-11
3.006617e+01,8.281250e-10,1.468653e-08,1.468653e-10,3.010164e-10,5.666662e-09,5.666662e-11
3.006831e+01,8.266739e-10,1.458396e-08,1.458396e-10,2.996785e-10,5.620220e-09,5.620220e-11
3.007044e+01,8.251974e-10,1.448084e-08,1.448084e-10,2.990565e-10,5.569864e-09,5.569864e-11
3.007258e+01,8.244038e-10,1.440730e-08,1.440730e-10,2.989916e-10,5.540872e-09,5.540872e-11
3.007472e+01,8.248346e-10,1.436417e-08,1.436417e-10,2.989972e-10,5.526814e-09,5.526814e-11
3.007685e+01,8.260089e-10,1.432620e-08,1.432620e-10,2.987697e-10,5.500937e-09,5.500937e-11
3.007899e+01,8.264622e-10,1.427984e-08,1.427984e-10,2.982204e-10,5.451692e-09,5.451692e-11
3.008113e+01,8.255658e-10,1.424114e-08,1.424114e-10,2.977017e-10,5.402976e-09,5.402976e-11
3.008326e+01,8.242517e-10,1.423089e-08,1.423089e-10,2.975875e-10,5.379125e-09,5.379125e-11
3.008540e+01,8.237561e-10,1.424829e-08,1.424829e-10,2.976150e-10,5.373380e-09,5.373380e-11
3.008754e+01,8.247921e-10,1.427795e-08,1.427795e-10,2.974772e-10,5.360962e-09,5.360962e-11
3.008967e+01,8.277009e-10,1.432313e-08,1.432313e-10,2.977118e-10,5.340330e-09,5.340330e-11
3.009181e+01,8.324263e-10,1.440779e-08,1.440779e-10,2.991710e-10,5.339108e-09,5.339108e-11
3.009395e+01,8.381166e-10,1.453602e-08,1.453602e-10,3.016266e-10,5.371344e-09,5.371344e-11
3.009608e+01,8.430246e-10,1.467689e-08,1.467689e-10,3.034600e-10,5.414095e-09,5.414095e-11
3.009822e+01,8.455927e-10,1.480155e-08,1.480155e-10,3.034146e-10,5.436456e-09,5.436456e-11
3.010036e+01,8.464186e-10,1.492265e-08,1.492265e-10,3.024671e-10,5.445514e-09,5.445514e-11
3.010249e+01,8.480392e-10,1.507874e-08,1.507874e-10,3.026392e-10,5.474674e-09,5.474674e-11
3.010463e+01,8.518153e-10,1.528384e-08,1.528384e-10,3.040091e-10,5.536588e-09,5.536588e-11
3.010677e+01,8.563115e-10,1.550870e-08,1.550870e-10,3.046223e-10,5.603665e-09,5.603665e-11
3.010890e+01,8.598491e-10,1.571612e-08,1.571612e-10,3.036807e-10,5.648498e-09,5.648498e-11
3.011104e+01,8.632965e-10,1.590804e-08,1.590804e-10,3.029342e-10,5.683684e-09,5.683684e-11
3.011318e+01,8.688878e-10,1.611557e-08,1.611557e-10,3.040529e-10,5.739861e-09,5.739861e-11
3.011531e+01,8.772270e-10,1.635147e-08,1.635147e-10,3.063013e-10,5.823177e-09,5.823177e-11
3.011745e+01,8.864612e-10,1.659265e-08,1.659265e-10,3.078102e-10,5.904256e-09,5.904256e-11
3.011959e+01,8.944939e-10,1.681024e-08,1.681024e-10,3.082222e-10,5.961991e-09,5.961991e-11
3.012172e+01,9.010718e-10,1.699982e-08,1.699982e-10,3.089564e-10,6.007053e-09,6.007053e-11
3.012386e+01,9.068337e-10,1.717181e-08,1.717181e-10,3.107660e-10,6.061726e-09,6.061726e-11
3.012600e+01,9.114990e-10,1.732649e-08,1.732649e-10,3.123521e-10,6.123862e-09,6.123862e-11
3.012813e+01,9.143248e-10,1.744885e-08,1.744885e-10,3.123600e-10,6.166920e-09,6.166920e-11
3.013027e+01,9.159054e-10,1.753183e-08,1.753183e-10,3.116685e-10,6.181365e-09,6.181365e-11
3.013241e+01,9.176822e-10,1.758911e-08,1.758911e-10,3.121168e-10,6.184239e-09,6.184239e-11
3.013454e+01,9.196154e-10,1.763199e-08,1.763199e-10,3.135589e-10,6.194975e-09,6.194975e-11
3.013668e+01,9.198496e-10,1.764747e-08,1.764747e-10,3.138083e-10,6.202486e-09,6.202486e-11
3.013882e+01,9.171367e-10,1.761444e-08,1.761444e-10,3.116216e-10,6.182261e-09,6.182261e-11
3.014095e+01,9.131030e-10,1.753550e-08,1.753550e-10,3.085622e-10,6.131077e-09,6.131077e-11
3.014309e+01,9.107252e-10,1.743957e-08,1.743957e-10,3.068946e-10,6.069875e-09,6.069875e-11
3.014523e+01,9.108461e-10,1.735100e-08,1.735100e-10,3.064780e-10,6.020370e-09,6.020370e-11
3.014736e+01,9.118400e-10,1.726231e-08,1.726231e-10,3.053450e-10,5.970061e-09,5.970061e-11
3.014950e+01,9.124082e-10,1.714745e-08,1.714745e-10,3.030129e-10,5.898617e-09,5.898617e-11
3.015164e+01,9.129462e-10,1.699821e-08,1.699821e-10,3.012408e-10,5.801625e-09,5.801625e-11
3.015377e+01,9.138936e-10,1.683952e-08,1.683952e-10,3.009918e-10,5.700401e-09,5.700401e-11
3.015591e+01,9.147868e-10,1.669875e-08,1.669875e-10,3.008462e-10,5.611733e-09,5.611733e-11
3.015805e+01,9.152075e-10,1.657823e-08,1.657823e-10,2.994539e-10,5.525531e-09,5.525531e-11
3.016019e+01,9.151847e-10,1.646382e-08,1.646382e-10,2.976134e-10,5.433355e-09,5.433355e-11
3.016232e+01,9.144311e-10,1.634686e-08,1.634686e-10,2.965621e-10,5.330044e-09,5.330044e-11
3.016446e+01,9.120300e-10,1.623807e-08,1.623807e-10,2.955562e-10,5.232220e-09,5.232220e-11
3.016660e+01,9.080212e-10,1.615430e-08,1.615430e-10,2.930771e-10,5.143655e-09,5.143655e-11
3.016873e+01,9.048272e-10,1.610714e-08,1.610714e-10,2.898308e-10,5.065444e-09,5.065444e-11
3.017087e+01,9.053975e-10,1.609582e-08,1.609582e-10,2.882788e-10,4.993453e-09,4.993453e-11
3.017301e+01,9.096286e-10,1.612001e-08,1.612001e-10,2.889340e-10,4.929185e-09,4.929185e-11
3.017514e+01,9.143661e-10,1.617624e-08,1.617624e-10,2.894645e-10,4.880539e-09,4.880539e-11
3.017728e+01,9.175039e-10,1.624842e-08,1.624842e-10,2.883673e-10,4.839634e-09,4.839634e-11
3.017942e+01,9.197128e-10,1.631824e-08,1.631824e-10,2.870066e-10,4.806324e-09,4.806324e-11
3.018155e+01,9.217266e-10,1.637843e-08,1.637843e-10,2.867197e-10,4.771243e-09,4.771243e-11
3.018369e+01,9.227255e-10,1.643825e-08,1.643825e-10,2.863778e-10,4.741447e-09,4.741447e-11
3.018583e+01,9.224083e-10,1.650379e-08,1.650379e-10,2.846611e-10,4.717282e-09,4.717282e-11
3.018796e+01,9.222523e-10,1.657151e-08,1.657151e-10,2.827290e-10,4.705965e-09,4.705965e-11
3.019010e+01,9.229088e-10,1.661884e-08,1.661884e-10,2.821783e-10,4.699048e-09,4.699048e-11
3.019224e+01,9.221328e-10,1.662536e-08,1.662536e-10,2.818924e-10,4.682892e-09,4.682892e-11
3.019437e+01,9.176808e-10,1.658963e-08,1.658963e-10,2.797405e-10,4.653514e-09,4.653514e-11
3.019651e+01,9.112537e-10,1.652845e-08,1.652845e-10,2.764408e-10,4.621266e-09,4.621266e-11
3.019865e+01,9.066730e-10,1.645233e-08,1.645233e-10,2.747447e-10,4.598331e-09,4.598331e-11
3.020078e+01,9.042573e-10,1.635424e-08,1.635424e-10,2.748947e-10,4.575376e-09,4.575376e-11
3.020292e+01,9.001823e-10,1.622349e-08,1.622349e-10,2.739452e-10,4.540839e-09,4.540839e-11
3.020506e+01,8.921078e-10,1.604919e-08,1.604919e-10,2.704216e-10,4.486287e-09,4.486287e-11
3.020719e+01,8.822139e-10,1.583288e-08,1.583288e-10,2.665759e-10,4.426687e-09,4.426687e-11
3.020933e+01,8.732856e-10,1.557934e-08,1.557934e-10,2.644128e-10,4.364455e-09,4.364455e-11
3.021147e+01,8.646584e-10,1.529850e-08,1.529850e-10,2.623712e-10,4.297241e-09,4.297241e-11
3.021360e+01,8.544890e-10,1.499397e-08,1.499397e-10,2.583830e-10,4.210246e-09,4.210246e-11
3.021574e+01,8.440529e-10,1.467443e-08,1.467443e-10,2.540059e-10,4.118373e-09,4.118373e-11
3.021788e+01,8.360343e-10,1.434584e-08,1.434584e-10,2.521641e-10,4.034386e-09,4.034386e-11
3.022001e+01,8.291598e-10,1.400124e-08,1.400124e-10,2.518905e-10,3.955769e-09,3.955769e-11
3.022215e+01,8.185869e-10,1.363336e-08,1.363336e-10,2.492350e-10,3.862468e-09,3.862468e-11
3.022429e+01,8.026473e-10,1.324652e-08,1.324652e-10,2.434410e-10,3.748821e-09,3.748821e-11
3.022642e+01,7.856606e-10,1.286615e-08,1.286615e-10,2.382903e-10,3.646001e-09,3.646001e-11
3.022856e+01,7.721066e-10,1.250641e-08,1.250641e-10,2.363351e-10,3.559814e-09,3.559814e-11
3.023070e+01,7.610451e-10,1.217381e-08,1.217381e-10,2.351839e-10,3.490547e-09,3.490547e-11
3.023283e+01,7.486445e-10,1.186071e-08,1.186071e-10,2.315057e-10,3.405273e-09,3.405273e-11
3.023497e+01,7.342589e-10,1.156378e-08,1.156378e-10,2.263463e-10,3.320934e-09,3.320934e-11
3.023711e+01,7.209067e-10,1.128813e-08,1.128813e-10,2.232885e-10,3.252485e-09,3.252485e-11
3.023924e+01,7.100854e-10,1.104042e-08,1.104042e-10,2.225588e-10,3.206373e-09,3.206373e-11
3.024138e+01,6.996091e-10,1.082473e-08,1.082473e-10,2.207117e-10,3.166080e-09,3.166080e-11
3.024352e+01,6.877340e-10,1.063169e-08,1.063169e-10,2.163039e-10,3.109317e-09,3.109317e-11
3.024566e+01,6.764029e-10,1.046470e-08,1.046470e-10,2.123950e-10,3.071132e-09,3.071132e-11
3.024779e+01,6.678265e-10,1.032064e-08,1.032064e-10,2.116013e-10,3.048983e-09,3.048983e-11
3.024993e+01,6.601547e-10,1.019531e-08,1.019531e-10,2.115852e-10,3.046723e-09,3.046723e-11
3.025207e+01,6.499703e-10,1.007746e-08,1.007746e-10,2.085653e-10,3.019459e-09,3.019459e-11
3.025420e+01,6.378485e-10,9.967790e-09,9.967790e-11,2.033451e-10,2.981026e-09,2.981026e-11
3.025634e+01,6.280987e-10,9.876627e-09,9.876627e-11,2.003109e-10,2.960246e-09,2.960246e-11
3.025848e+01,6.227586e-10,9.805206e-09,9.805206e-11,2.008338e-10,2.957673e-09,2.957673e-11
3.026061e+01,6.188363e-10,9.755280e-09,9.755280e-11,2.011439e-10,2.967048e-09,2.967048e-11
3.026275e+01,6.130732e-10,9.717434e-09,9.717434e-11,1.982282e-10,2.942289e-09,2.942289e-11
3.026489e+01,6.068956e-10,9.700700e-09,9.700700e-11,1.946792e-10,2.935401e-09,2.935401e-11
3.026702e+01,6.038616e-10,9.708420e-09,9.708420e-11,1.945548e-10,2.949505e-09,2.949505e-11
3.026916e+01,6.039731e-10,9.747388e-09,9.747388e-11,1.968150e-10,2.997208e-09,2.997208e-11
3.027130e+01,6.044187e-10,9.813075e-09,9.813075e-11,1.971058e-10,3.030760e-09,3.030760e-11
3.027343e+01,6.053094e-10,9.904470e-09,9.904470e-11,1.951696e-10,3.045113e-09,3.045113e-11
3.027557e+01,6.102469e-10,1.003081e-08,1.003081e-10,1.957103e-10,3.092822e-09,3.092822e-11
3.027771e+01,6.203383e-10,1.018932e-08,1.018932e-10,2.007832e-10,3.163779e-09,3.163779e-11
3.027984e+01,6.315846e-10,1.037835e-08,1.037835e-10,2.060562e-10,3.257974e-09,3.257974e-11
3.028198e+01,6.403861e-10,1.058323e-08,1.058323e-10,2.074467e-10,3.305910e-09,3.305910e-11
3.028412e+01,6.486696e-10,1.081482e-08,1.081482e-10,2.075499e-10,3.366467e-09,3.366467e-11
3.028625e+01,6.601897e-10,1.107309e-08,1.107309e-10,2.113254e-10,3.449822e-09,3.449822e-11
3.028839e+01,6.737833e-10,1.135814e-08,1.135814e-10,2.177965e-10,3.562353e-09,3.562353e-11
3.029053e+01,6.849754e-10,1.165675e-08,1.165675e-10,2.214882e-10,3.658234e-09,3.658234e-11
3.029266e+01,6.934099e-10,1.196547e-08,1.196547e-10,2.215182e-10,3.723333e-09,3.723333e-11
3.029480e+01,7.033054e-10,1.229035e-08,1.229035e-10,2.230529e-10,3.816203e-09,3.816203e-11
3.029694e+01,7.159689e-10,1.262460e-08,1.262460e-10,2.285837e-10,3.922854e-09,3.922854e-11
3.029907e+01,7.272718e-10,1.296305e-08,1.296305e-10,2.337308e-10,4.043225e-09,4.043225e-11
3.030121e+01,7.344924e-10,1.329153e-08,1.329153e-10,2.345458e-10,4.120283e-09,4.120283e-11
3.030335e+01,7.408464e-10,1.361984e-08,1.361984e-10,2.340617e-10,4.201703e-09,4.201703e-11
3.030548e+01,7.500824e-10,1.394526e-08,1.394526e-10,2.371491e-10,4.293985e-09,4.293985e-11
3.030762e+01,7.600421e-10,1.426732e-08,1.426732e-10,2.423114e-10,4.399247e-09,4.399247e-11
3.030976e+01,7.659527e-10,1.457315e-08,1.457315e-10,2.442449e-10,4.482408e-09,4.482408e-11
3.031189e+01,7.681844e-10,1.486367e-08,1.486367e-10,2.426833e-10,4.540583e-09,4.540583e-11
3.031403e+01,7.714687e-10,1.514439e-08,1.514439e-10,2.425778e-10,4.609174e-09,4.609174e-11
3.031617e+01,7.769952e-10,1.541385e-08,1.541385e-10,2.456754e-10,4.680143e-09,4.680143e-11
3.031830e+01,7.809249e-10,1.566983e-08,1.566983e-10,2.479077e-10,4.748738e-09,4.748738e-11
3.032044e+01,7.817542e-10,1.590588e-08,1.590588e-10,2.467091e-10,4.786252e-09,4.786252e-11
3.032258e+01,7.835434e-10,1.613158e-08,1.613158e-10,2.453924e-10,4.824030e-09,4.824030e-11
3.032471e+01,7.894707e-10,1.634505e-08,1.634505e-10,2.473457e-10,4.862530e-09,4.862530e-11
3.032685e+01,7.969451e-10,1.654703e-08,1.654703e-10,2.504778e-10,4.902625e-09,4.902625e-11
3.032899e+01,8.021659e-10,1.673034e-08,1.673034e-10,2.510878e-10,4.922354e-09,4.922354e-11
3.033112e+01,8.062060e-10,1.690066e-08,1.690066e-10,2.500720e-10,4.932052e-09,4.932052e-11
3.033326e+01,8.126924e-10,1.706118e-08,1.706118e-10,2.510412e-10,4.944681e-09,4.944681e-11
3.033540e+01,8.212456e-10,1.721016e-08,1.721016e-10,2.539855e-10,4.959484e-09,4.959484e-11
3.033754e+01,8.277153e-10,1.734137e-08,1.734137e-10,2.554933e-10,4.966294e-09,4.966294e-11
3.033967e+01,8.306221e-10,1.744810e-08,1.744810e-10,2.547322e-10,4.959527e-09,4.959527e-11
3.034181e+01,8.328905e-10,1.753263e-08,1.753263e-10,2.545406e-10,4.954540e-09,4.954540e-11
3.034395e+01,8.364053e-10,1.759327e-08,1.759327e-10,2.562499e-10,4.950773e-09,4.950773e-11
3.034608e+01,8.392866e-10,1.763228e-08,1.763228e-10,2.577164e-10,4.946458e-09,4.946458e-11
3.034822e+01,8.400596e-10,1.764833e-08,1.764833e-10,2.575701e-10,4.931758e-09,4.931758e-11
3.035036e+01,8.407395e-10,1.764598e-08,1.764598e-10,2.577215e-10,4.919489e-09,4.919489e-11
3.035249e+01,8.438283e-10,1.762538e-08,1.762538e-10,2.599719e-10,4.911643e-09,4.911643e-11
3.035463e+01,8.485424e-10,1.758513e-08,1.758513e-10,2.629893e-10,4.908663e-09,4.908663e-11
3.035677e+01,8.520111e-10,1.752262e-08,1.752262e-10,2.645798e-10,4.900665e-09,4.900665e-11
3.035890e+01,8.532935e-10,1.743670e-08,1.743670e-10,2.651443e-10,4.891928e-09,4.891928e-11
3.036104e+01,8.543331e-10,1.732977e-08,1.732977e-10,2.667792e-10,4.888892e-09,4.888892e-11
3.036318e+01,8.566765e-10,1.720000e-08,1.720000e-10,2.697039e-10,4.889246e-09,4.889246e-11
3.036531e+01,8.591228e-10,1.704407e-08,1.704407e-10,2.719474e-10,4.887374e-09,4.887374e-11
3.036745e+01,8.596026e-10,1.685505e-08,1.685505e-10,2.725494e-10,4.875170e-09,4.875170e-11
3.036959e+01,8.577063e-10,1.662972e-08,1.662972e-10,2.726988e-10,4.858802e-09,4.858802e-11
3.037172e+01,8.542927e-10,1.636850e-08,1.636850e-10,2.733446e-10,4.836859e-09,4.836859e-11
3.037386e+01,8.499134e-10,1.607705e-08,1.607705e-10,2.736533e-10,4.809312e-09,4.809312e-11
3.037600e+01,8.445339e-10,1.576575e-08,1.576575e-10,2.724743e-10,4.773507e-09,4.773507e-11
3.037813e+01,8.380662e-10,1.544317e-08,1.544317e-10,2.700663e-10,4.732264e-09,4.732264e-11
3.038027e+01,8.309762e-10,1.511695e-08,1.511695e-10,2.677824e-10,4.694600e-09,4.694600e-11
3.038241e+01,8.241276e-10,1.479018e-08,1.479018e-10,2.663991e-10,4.659824e-09,4.659824e-11
3.038454e+01,8.175675e-10,1.446951e-08,1.446951e-10,2.650924e-10,4.630464e-09,4.630464e-11
3.038668e+01,8.106369e-10,1.416477e-08,1.416477e-10,2.626447e-10,4.601209e-09,4.601209e-11
3.038882e+01,8.038573e-10,1.388490e-08,1.388490e-10,2.597076e-10,4.576922e-09,4.576922e-11
3.039095e+01,7.989154e-10,1.363510e-08,1.363510e-10,2.584385e-10,4.564469e-09,4.564469e-11
3.039309e+01,7.955320e-10,1.340955e-08,1.340955e-10,2.591093e-10,4.557723e-09,4.557723e-11
3.039523e+01,7.904048e-10,1.320115e-08,1.320115e-10,2.589730e-10,4.552577e-09,4.552577e-11
3.039736e+01,7.810495e-10,1.300293e-08,1.300293e-10,2.559817e-10,4.530839e-09,4.530839e-11
3.039950e+01,7.692871e-10,1.282229e-08,1.282229e-10,2.520808e-10,4.510779e-09,4.510779e-11
3.040164e+01,7.590936e-10,1.266615e-08,1.266615e-10,2.506322e-10,4.495857e-09,4.495857e-11
3.040377e+01,7.511157e-10,1.253976e-08,1.253976e-10,2.510469e-10,4.489708e-09,4.489708e-11
3.040591e+01,7.421492e-10,1.244425e-08,1.244425e-10,2.493318e-10,4.475242e-09,4.475242e-11
3.040805e+01,7.310938e-10,1.237597e-08,1.237597e-10,2.447762e-10,4.446361e-09,4.446361e-11
3.041018e+01,7.216191e-10,1.233629e-08,1.233629e-10,2.418128e-10,4.437511e-09,4.437511e-11
3.041232e+01,7.165927e-10,1.231941e-08,1.231941e-10,2.429692e-10,4.441244e-09,4.441244e-11
3.041446e+01,7.138599e-10,1.232818e-08,1.232818e-10,2.444442e-10,4.459969e-09,4.459969e-11
3.041659e+01,7.111928e-10,1.235779e-08,1.235779e-10,2.426481e-10,4.445908e-09,4.445908e-11
3.041873e+01,7.111143e-10,1.242072e-08,1.242072e-10,2.408998e-10,4.447205e-09,4.447205e-11
3.042087e+01,7.162997e-10,1.250827e-08,1.250827e-10,2.441230e-10,4.473130e-09,4.473130e-11
3.042301e+01,7.235394e-10,1.259987e-08,1.259987e-10,2.500581e-10,4.519641e-09,4.519641e-11
3.042514e+01,7.274008e-10,1.267348e-08,1.267348e-10,2.522448e-10,4.538768e-09,4.538768e-11
3.042728e+01,7.287702e-10,1.274165e-08,1.274165e-10,2.505527e-10,4.527029e-09,4.527029e-11
3.042942e+01,7.341138e-10,1.283412e-08,1.283412e-10,2.517402e-10,4.548873e-09,4.548873e-11
3.043155e+01,7.455155e-10,1.295383e-08,1.295383e-10,2.584035e-10,4.592330e-09,4.592330e-11
3.043369e+01,7.572531e-10,1.308967e-08,1.308967e-10,2.644671e-10,4.644484e-09,4.644484e-11
3.043583e+01,7.649590e-10,1.321867e-08,1.321867e-10,2.651885e-10,4.644769e-09,4.644769e-11
3.043796e+01,7.722465e-10,1.335149e-08,1.335149e-10,2.649383e-10,4.657326e-09,4.657326e-11
3.044010e+01,7.836441e-10,1.349444e-08,1.349444e-10,2.694875e-10,4.694124e-09,4.694124e-11
3.044224e+01,7.969098e-10,1.365875e-08,1.365875e-10,2.763640e-10,4.762418e-09,4.762418e-11
3.044437e+01,8.081985e-10,1.383210e-08,1.383210e-10,2.798587e-10,4.811185e-09,4.811185e-11
3.044651e+01,8.198922e-10,1.402632e-08,1.402632e-10,2.813505e-10,4.860599e-09,4.860599e-11
3.044865e+01,8.364501e-10,1.425281e-08,1.425281e-10,2.867316e-10,4.953045e-09,4.953045e-11
3.045078e+01,8.554585e-10,1.450216e-08,1.450216e-10,2.957989e-10,5.086888e-09,5.086888e-11
3.045292e+01,8.698343e-10,1.474419e-08,1.474419e-10,3.022534e-10,5.231530e-09,5.231530e-11
3.045506e+01,8.782254e-10,1.496578e-08,1.496578e-10,3.040290e-10,5.355572e-09,5.355572e-11
3.045719e+01,8.867621e-10,1.518579e-08,1.518579e-10,3.061957e-10,5.487110e-09,5.487110e-11
3.045933e+01,8.991082e-10,1.541393e-08,1.541393e-10,3.119953e-10,5.625346e-09,5.625346e-11
3.046147e+01,9.110106e-10,1.564460e-08,1.564460e-10,3.176496e-10,5.761071e-09,5.761071e-11
3.046360e+01,9.177025e-10,1.584676e-08,1.584676e-10,3.193072e-10,5.855300e-09,5.855300e-11
3.046574e+01,9.207909e-10,1.600347e-08,1.600347e-10,3.192168e-10,5.911529e-09,5.911529e-11
3.046788e+01,9.236745e-10,1.611535e-08,1.611535e-10,3.206688e-10,5.937621e-09,5.937621e-11
3.047001e+01,9.255936e-10,1.621029e-08,1.621029e-10,3.220932e-10,5.958918e-09,5.958918e-11
3.047215e+01,9.249271e-10,1.629944e-08,1.629944e-10,3.209767e-10,5.970454e-09,5.970454e-11
3.047429e+01,9.237649e-10,1.638357e-08,1.638357e-10,3.192374e-10,5.978939e-09,5.978939e-11
3.047642e+01,9.245820e-10,1.645754e-08,1.645754e-10,3.197153e-10,5.980706e-09,5.980706e-11
3.047856e+01,9.253166e-10,1.652917e-08,1.652917e-10,3.206203e-10,5.991657e-09,5.991657e-11
3.048070e+01,9.222682e-10,1.660142e-08,1.660142e-10,3.186944e-10,6.010670e-09,6.010670e-11
3.048283e+01,9.161778e-10,1.667148e-08,1.667148e-10,3.152885e-10,6.043861e-09,6.043861e-11
3.048497e+01,9.111188e-10,1.673095e-08,1.673095e-10,3.139783e-10,6.076559e-09,6.076559e-11
3.048711e+01,9.084193e-10,1.677879e-08,1.677879e-10,3.141782e-10,6.099935e-09,6.099935e-11
3.048924e+01,9.059716e-10,1.682978e-08,1.682978e-10,3.125616e-10,6.113272e-09,6.113272e-11
3.049138e+01,9.034066e-10,1.689479e-08,1.689479e-10,3.096546e-10,6.130377e-09,6.130377e-11
3.049352e+01,9.026586e-10,1.695998e-08,1.695998e-10,3.090052e-10,6.150639e-09,6.150639e-11
3.049565e+01,9.031059e-10,1.699268e-08,1.699268e-10,3.100729e-10,6.140557e-09,6.140557e-11
3.049779e+01,9.019003e-10,1.699021e-08,1.699021e-10,3.084304e-10,6.085931e-09,6.085931e-11
3.049993e+01,8.995864e-10,1.698452e-08,1.698452e-10,3.037040e-10,6.002866e-09,6.002866e-11
3.050206e+01,8.999781e-10,1.700614e-08,1.700614e-10,3.007772e-10,5.937166e-09,5.937166e-11
3.050420e+01,9.033391e-10,1.704434e-08,1.704434e-10,3.013604e-10,5.875227e-09,5.875227e-11
3.050634e+01,9.051335e-10,1.707453e-08,1.707453e-10,3.008058e-10,5.790776e-09,5.790776e-11
3.050847e+01,9.030017e-10,1.709772e-08,1.709772e-10,2.960789e-10,5.671944e-09,5.671944e-11
3.051061e+01,9.002511e-10,1.714955e-08,1.714955e-10,2.910438e-10,5.583250e-09,5.583250e-11
3.051275e+01,9.002013e-10,1.724819e-08,1.724819e-10,2.898100e-10,5.551643e-09,5.551643e-11
3.051489e+01,9.007888e-10,1.737324e-08,1.737324e-10,2.898181e-10,5.551290e-09,5.551290e-11
3.051702e+01,8.988347e-10,1.749047e-08,1.749047e-10,2.868147e-10,5.525201e-09,5.525201e-11
3.051916e+01,8.962965e-10,1.760828e-08,1.760828e-10,2.825473e-10,5.493554e-09,5.493554e-11
3.052130e+01,8.971227e-10,1.775749e-08,1.775749e-10,2.815512e-10,5.508329e-09,5.508329e-11
3.052343e+01,9.003166e-10,1.793703e-08,1.793703e-10,2.831433e-10,5.574029e-09,5.574029e-11
3.052557e+01,9.017625e-10,1.809884e-08,1.809884e-10,2.828828e-10,5.628920e-09,5.628920e-11
3.052771e+01,9.013026e-10,1.820869e-08,1.820869e-10,2.803577e-10,5.631218e-09,5.631218e-11
3.052984e+01,9.019651e-10,1.828300e-08,1.828300e-10,2.791627e-10,5.612371e-09,5.612371e-11
3.053198e+01,9.037339e-10,1.835782e-08,1.835782e-10,2.800609e-10,5.624574e-09,5.624574e-11
3.053412e+01,9.035407e-10,1.842897e-08,1.842897e-10,2.800572e-10,5.660802e-09,5.660802e-11
3.053625e+01,9.007860e-10,1.845132e-08,1.845132e-10,2.781898e-10,5.669025e-09,5.669025e-11
3.053839e+01,8.980780e-10,1.839489e-08,1.839489e-10,2.768963e-10,5.620297e-09,5.620297e-11
3.054053e+01,8.960399e-10,1.828719e-08,1.828719e-10,2.768571e-10,5.554792e-09,5.554792e-11
3.054266e+01,8.919738e-10,1.817281e-08,1.817281e-10,2.756717e-10,5.519589e-09,5.519589e-11
3.054480e+01,8.849945e-10,1.805050e-08,1.805050e-10,2.730250e-10,5.511625e-09,5.511625e-11
3.054694e+01,8.784045e-10,1.788210e-08,1.788210e-10,2.719785e-10,5.484583e-09,5.484583e-11
3.054907e+01,8.744757e-10,1.764716e-08,1.764716e-10,2.731781e-10,5.406440e-09,5.406440e-11
3.055121e+01,8.710069e-10,1.738524e-08,1.738524e-10,2.731802e-10,5.315002e-09,5.315002e-11
3.055335e+01,8.660400e-10,1.714165e-08,1.714165e-10,2.709345e-10,5.251777e-09,5.251777e-11
3.055548e+01,8.612906e-10,1.691648e-08,1.691648e-10,2.702306e-10,5.236887e-09,5.236887e-11
3.055762e+01,8.578229e-10,1.666120e-08,1.666120e-10,2.726724e-10,5.200290e-09,5.200290e-11
3.055976e+01,8.531266e-10,1.636491e-08,1.636491e-10,2.739799e-10,5.120410e-09,5.120410e-11
3.056189e+01,8.460184e-10,1.607354e-08,1.607354e-10,2.713402e-10,5.016529e-09,5.016529e-11
3.056403e+01,8.396936e-10,1.584123e-08,1.584123e-10,2.688862e-10,4.980809e-09,4.980809e-11
3.056617e+01,8.361568e-10,1.565233e-08,1.565233e-10,2.707721e-10,4.995450e-09,4.995450e-11
3.056830e+01,8.316929e-10,1.545227e-08,1.545227e-10,2.735902e-10,4.994305e-09,4.994305e-11
3.057044e+01,8.222486e-10,1.522873e-08,1.522873e-10,2.718254e-10,4.930520e-09,4.930520e-11
3.057258e+01,8.106650e-10,1.503967e-08,1.503967e-10,2.675210e-10,4.877474e-09,4.877474e-11
3.057471e+01,8.030483e-10,1.492751e-08,1.492751e-10,2.672267e-10,4.905859e-09,4.905859e-11
3.057685e+01,7.994151e-10,1.485934e-08,1.485934e-10,2.709516e-10,4.971471e-09,4.971471e-11
3.057899e+01,7.942834e-10,1.477507e-08,1.477507e-10,2.722912e-10,4.993514e-09,4.993514e-11
3.058112e+01,7.863628e-10,1.467298e-08,1.467298e-10,2.695650e-10,4.958733e-09,4.958733e-11
3.058326e+01,7.803923e-10,1.460942e-08,1.460942e-10,2.683007e-10,4.962130e-09,4.962130e-11
3.058540e+01,7.783132e-10,1.460402e-08,1.460402e-10,2.711578e-10,5.023450e-09,5.023450e-11
3.058753e+01,7.762948e-10,1.460941e-08,1.460941e-10,2.735967e-10,5.089594e-09,5.089594e-11
3.058967e+01,7.722054e-10,1.457205e-08,1.457205e-10,2.722468e-10,5.087830e-09,5.087830e-11
3.059181e+01,7.692800e-10,1.451098e-08,1.451098e-10,2.704383e-10,5.056662e-09,5.056662e-11
3.059394e+01,7.699618e-10,1.447806e-08,1.447806e-10,2.717475e-10,5.056363e-09,5.056363e-11
3.059608e+01,7.716706e-10,1.448386e-08,1.448386e-10,2.739774e-10,5.095450e-09,5.095450e-11
3.059822e+01,7.717441e-10,1.447887e-08,1.447887e-10,2.738829e-10,5.109491e-09,5.109491e-11
3.060036e+01,7.721570e-10,1.443201e-08,1.443201e-10,2.730418e-10,5.070336e-09,5.070336e-11
3.060249e+01,7.756949e-10,1.437159e-08,1.437159e-10,2.743359e-10,5.012127e-09,5.012127e-11
3.060463e+01,7.805796e-10,1.434963e-08,1.434963e-10,2.764108e-10,4.987808e-09,4.987808e-11
3.060677e+01,7.835433e-10,1.436418e-08,1.436418e-10,2.766738e-10,4.984101e-09,4.984101e-11
3.060890e+01,7.855527e-10,1.437718e-08,1.437718e-10,2.765637e-10,4.965881e-09,4.965881e-11
3.061104e+01,7.890186e-10,1.436456e-08,1.436456e-10,2.783040e-10,4.906815e-09,4.906815e-11
3.061318e+01,7.922346e-10,1.436176e-08,1.436176e-10,2.796137e-10,4.847567e-09,4.847567e-11
3.061531e+01,7.927507e-10,1.440258e-08,1.440258e-10,2.778466e-10,4.804922e-09,4.804922e-11
3.061745e+01,7.933845e-10,1.448873e-08,1.448873e-10,2.760709e-10,4.801178e-09,4.801178e-11
3.061959e+01,7.979777e-10,1.458067e-08,1.458067e-10,2.781233e-10,4.791604e-09,4.791604e-11
3.062172e+01,8.040254e-10,1.466390e-08,1.466390e-10,2.808634e-10,4.770282e-09,4.770282e-11
3.062386e+01,8.065819e-10,1.475307e-08,1.475307e-10,2.789927e-10,4.716786e-09,4.716786e-11
3.062600e+01,8.071157e-10,1.487657e-08,1.487657e-10,2.750281e-10,4.692269e-09,4.692269e-11
3.062813e+01,8.113099e-10,1.502809e-08,1.502809e-10,2.758734e-10,4.714706e-09,4.714706e-11
3.063027e+01,8.190421e-10,1.517440e-08,1.517440e-10,2.805647e-10,4.752434e-09,4.752434e-11
3.063241e+01,8.241976e-10,1.529743e-08,1.529743e-10,2.810770e-10,4.744333e-09,4.744333e-11
3.063454e+01,8.253818e-10,1.541213e-08,1.541213e-10,2.762497e-10,4.685611e-09,4.685611e-11
3.063668e+01,8.286712e-10,1.555175e-08,1.555175e-10,2.745622e-10,4.695468e-09,4.695468e-11
3.063882e+01,8.362050e-10,1.569474e-08,1.569474e-10,2.795021e-10,4.745746e-09,4.745746e-11
3.064095e+01,8.406336e-10,1.581067e-08,1.581067e-10,2.825592e-10,4.801028e-09,4.801028e-11
3.064309e+01,8.372367e-10,1.587488e-08,1.587488e-10,2.773868e-10,4.736287e-09,4.736287e-11
3.064523e+01,8.332868e-10,1.593803e-08,1.593803e-10,2.713499e-10,4.701262e-09,4.701262e-11
3.064736e+01,8.368430e-10,1.601887e-08,1.601887e-10,2.735442e-10,4.720435e-09,4.720435e-11
3.064950e+01,8.433022e-10,1.611335e-08,1.611335e-10,2.793207e-10,4.800407e-09,4.800407e-11
3.065164e+01,8.431766e-10,1.617300e-08,1.617300e-10,2.782655e-10,4.792687e-09,4.792687e-11
3.065377e+01,8.378109e-10,1.620159e-08,1.620159e-10,2.718972e-10,4.738322e-09,4.738322e-11
3.065591e+01,8.363809e-10,1.622319e-08,1.622319e-10,2.706550e-10,4.735504e-09,4.735504e-11
3.065805e+01,8.402808e-10,1.625231e-08,1.625231e-10,2.758734e-10,4.783911e-09,4.783911e-11
3.066018e+01,8.420015e-10,1.627948e-08,1.627948e-10,2.780864e-10,4.823475e-09,4.823475e-11
3.066232e+01,8.395515e-10,1.629632e-08,1.629632e-10,2.739904e-10,4.783237e-09,4.783237e-11
3.066446e+01,8.402243e-10,1.633667e-08,1.633667e-10,2.719038e-10,4.790209e-09,4.790209e-11
3.066659e+01,8.468300e-10,1.638810e-08,1.638810e-10,2.765890e-10,4.828851e-09,4.828851e-11
3.066873e+01,8.510528e-10,1.642113e-08,1.642113e-10,2.806326e-10,4.888962e-09,4.888962e-11
3.067087e+01,8.466724e-10,1.639431e-08,1.639431e-10,2.773379e-10,4.861340e-09,4.861340e-11
3.067300e+01,8.402901e-10,1.635747e-08,1.635747e-10,2.722365e-10,4.840185e-09,4.840185e-11
3.067514e+01,8.409910e-10,1.634886e-08,1.634886e-10,2.734053e-10,4.846251e-09,4.846251e-11
3.067728e+01,8.466938e-10,1.639297e-08,1.639297e-10,2.780950e-10,4.898010e-09,4.898010e-11
3.067941e+01,8.493861e-10,1.645790e-08,1.645790e-10,2.785307e-10,4.916677e-09,4.916677e-11
3.068155e+01,8.485138e-10,1.651355e-08,1.651355e-10,2.754317e-10,4.917643e-09,4.917643e-11
3.068369e+01,8.496361e-10,1.652780e-08,1.652780e-10,2.754577e-10,4.920668e-09,4.920668e-11
3.068582e+01,8.528961e-10,1.650061e-08,1.650061e-10,2.785285e-10,4.929679e-09,4.929679e-11
3.068796e+01,8.529947e-10,1.646519e-08,1.646519e-10,2.783812e-10,4.921642e-09,4.921642e-11
3.069010e+01,8.501441e-10,1.645568e-08,1.645568e-10,2.747451e-10,4.895094e-09,4.895094e-11
3.069224e+01,8.511911e-10,1.650369e-08,1.650369e-10,2.743928e-10,4.908220e-09,4.908220e-11
3.069437e+01,8.576847e-10,1.658041e-08,1.658041e-10,2.789565e-10,4.946195e-09,4.946195e-11
3.069651e+01,8.618461e-10,1.661928e-08,1.661928e-10,2.816737e-10,4.978617e-09,4.978617e-11
3.069865e+01,8.580675e-10,1.654993e-08,1.654993e-10,2.788971e-10,4.943683e-09,4.943683e-11
3.070078e+01,8.506884e-10,1.640306e-08,1.640306e-10,2.758441e-10,4.905163e-09,4.905163e-11
3.070292e+01,8.462579e-10,1.625003e-08,1.625003e-10,2.771727e-10,4.878535e-09,4.878535e-11
3.070506e+01,8.447446e-10,1.615716e-08,1.615716e-10,2.797003e-10,4.890200e-09,4.890200e-11
3.070719e+01,8.431490e-10,1.613504e-08,1.613504e-10,2.792759e-10,4.896859e-09,4.896859e-11
3.070933e+01,8.420835e-10,1.614595e-08,1.614595e-10,2.782813e-10,4.918912e-09,4.918912e-11
3.071147e+01,8.431899e-10,1.610239e-08,1.610239e-10,2.804652e-10,4.930525e-09,4.930525e-11
3.071360e+01,8.438740e-10,1.594717e-08,1.594717e-10,2.832620e-10,4.912184e-09,4.912184e-11
3.071574e+01,8.405383e-10,1.571833e-08,1.571833e-10,2.818552e-10,4.847116e-09,4.847116e-11
3.071788e+01,8.352270e-10,1.551077e-08,1.551077e-10,2.777900e-10,4.769733e-09,4.769733e-11
3.072001e+01,8.333854e-10,1.539875e-08,1.539875e-10,2.766295e-10,4.731487e-09,4.731487e-11
3.072215e+01,8.355515e-10,1.538161e-08,1.538161e-10,2.786557e-10,4.727271e-09,4.727271e-11
3.072429e+01,8.364484e-10,1.538486e-08,1.538486e-10,2.787731e-10,4.726703e-09,4.726703e-11
3.072642e+01,8.324627e-10,1.530304e-08,1.530304e-10,2.750539e-10,4.684792e-09,4.684792e-11
3.072856e+01,8.251667e-10,1.510200e-08,1.510200e-10,2.709042e-10,4.616432e-09,4.616432e-11
3.073070e+01,8.172788e-10,1.485122e-08,1.485122e-10,2.686660e-10,4.541459e-09,4.541459e-11
3.073283e+01,8.099286e-10,1.466214e-08,1.466214e-10,2.668616e-10,4.490598e-09,4.490598e-11
3.073497e+01,8.043222e-10,1.460251e-08,1.460251e-10,2.644855e-10,4.476781e-09,4.476781e-11
3.073711e+01,8.015652e-10,1.465670e-08,1.465670e-10,2.629228e-10,4.501619e-09,4.501619e-11
3.073924e+01,7.997504e-10,1.472668e-08,1.472668e-10,2.624569e-10,4.534302e-09,4.534302e-11
3.074138e+01,7.949730e-10,1.470265e-08,1.470265e-10,2.610782e-10,4.535300e-09,4.535300e-11
3.074352e+01,7.862394e-10,1.456277e-08,1.456277e-10,2.578250e-10,4.494212e-09,4.494212e-11
3.074565e+01,7.765028e-10,1.439018e-08,1.439018e-10,2.541075e-10,4.438156e-09,4.438156e-11
3.074779e+01,7.683934e-10,1.429101e-08,1.429101e-10,2.509540e-10,4.404214e-09,4.404214e-11
3.074993e+01,7.619064e-10,1.430794e-08,1.430794e-10,2.478630e-10,4.404556e-09,4.404556e-11
3.075206e+01,7.566961e-10,1.439641e-08,1.439641e-10,2.452124e-10,4.428582e-09,4.428582e-11
3.075420e+01,7.529011e-10,1.445256e-08,1.445256e-10,2.443214e-10,4.445518e-09,4.445518e-11
3.075634e+01,7.489097e-10,1.439715e-08,1.439715e-10,2.440175e-10,4.438906e-09,4.438906e-11
3.075847e+01,7.423090e-10,1.424179e-08,1.424179e-10,2.413914e-10,4.393580e-09,4.393580e-11
3.076061e+01,7.345627e-10,1.408207e-08,1.408207e-10,2.373547e-10,4.345512e-09,4.345512e-11
3.076275e+01,7.307539e-10,1.401666e-08,1.401666e-10,2.365527e-10,4.340734e-09,4.340734e-11
3.076488e+01,7.325205e-10,1.407466e-08,1.407466e-10,2.397929e-10,4.393148e-09,4.393148e-11
3.076702e+01,7.354880e-10,1.420425e-08,1.420425e-10,2.419518e-10,4.467532e-09,4.467532e-11
3.076916e+01,7.362942e-10,1.430776e-08,1.430776e-10,2.404411e-10,4.504128e-09,4.504128e-11
3.077129e+01,7.377677e-10,1.433635e-08,1.433635e-10,2.400089e-10,4.539348e-09,4.539348e-11
3.077343e+01,7.435041e-10,1.431195e-08,1.431195e-10,2.446038e-10,4.571566e-09,4.571566e-11
3.077557e+01,7.517016e-10,1.431813e-08,1.431813e-10,2.503127e-10,4.634938e-09,4.634938e-11
3.077771e+01,7.595557e-10,1.440868e-08,1.440868e-10,2.523707e-10,4.677801e-09,4.677801e-11
3.077984e+01,7.696082e-10,1.459855e-08,1.459855e-10,2.540454e-10,4.757315e-09,4.757315e-11
3.078198e+01,7.850994e-10,1.483118e-08,1.483118e-10,2.612264e-10,4.870442e-09,4.870442e-11
3.078412e+01,8.018755e-10,1.503062e-08,1.503062e-10,2.713173e-10,5.001598e-09,5.001598e-11
3.078625e+01,8.126241e-10,1.514893e-08,1.514893e-10,2.762184e-10,5.081824e-09,5.081824e-11
3.078839e+01,8.182471e-10,1.521964e-08,1.521964e-10,2.757106e-10,5.108522e-09,5.108522e-11
3.079053e+01,8.270889e-10,1.532482e-08,1.532482e-10,2.781849e-10,5.174102e-09,5.174102e-11
3.079266e+01,8.423155e-10,1.550451e-08,1.550451e-10,2.867305e-10,5.277610e-09,5.277610e-11
3.079480e+01,8.579685e-10,1.574240e-08,1.574240e-10,2.942759e-10,5.403321e-09,5.403321e-11
3.079694e+01,8.698117e-10,1.597370e-08,1.597370e-10,2.959781e-10,5.467077e-09,5.467077e-11
3.079907e+01,8.820205e-10,1.617057e-08,1.617057e-10,2.974026e-10,5.536102e-09,5.536102e-11
3.080121e+01,8.982551e-10,1.631718e-08,1.631718e-10,3.042698e-10,5.603236e-09,5.603236e-11
3.080335e+01,9.135311e-10,1.643843e-08,1.643843e-10,3.119787e-10,5.679708e-09,5.679708e-11
3.080548e+01,9.220269e-10,1.654778e-08,1.654778e-10,3.136438e-10,5.710244e-09,5.710244e-11
3.080762e+01,9.271122e-10,1.667465e-08,1.667465e-10,3.120756e-10,5.736169e-09,5.736169e-11
3.080976e+01,9.353774e-10,1.681285e-08,1.681285e-10,3.146036e-10,5.779881e-09,5.779881e-11
3.081189e+01,9.448246e-10,1.693375e-08,1.693375e-10,3.203238e-10,5.829923e-09,5.829923e-11
3.081403e+01,9.480261e-10,1.700147e-08,1.700147e-10,3.218527e-10,5.847702e-09,5.847702e-11
3.081617e+01,9.449501e-10,1.701714e-08,1.701714e-10,3.182585e-10,5.819162e-09,5.819162e-11
3.081830e+01,9.434104e-10,1.702103e-08,1.702103e-10,3.166770e-10,5.797440e-09,5.797440e-11
3.082044e+01,9.464699e-10,1.703405e-08,1.703405e-10,3.198789e-10,5.783263e-09,5.783263e-11
3.082258e+01,9.480494e-10,1.705568e-08,1.705568e-10,3.217664e-10,5.771399e-09,5.771399e-11
3.082471e+01,9.435950e-10,1.705404e-08,1.705404e-10,3.182859e-10,5.719229e-09,5.719229e-11
3.082685e+01,9.371097e-10,1.702677e-08,1.702677e-10,3.140462e-10,5.667678e-09,5.667678e-11
3.082899e+01,9.328375e-10,1.696642e-08,1.696642e-10,3.134780e-10,5.612123e-09,5.612123e-11
3.083112e+01,9.271979e-10,1.688757e-08,1.688757e-10,3.127468e-10,5.561685e-09,5.561685e-11
3.083326e+01,9.157353e-10,1.679321e-08,1.679321e-10,3.069764e-10,5.475891e-09,5.475891e-11
3.083540e+01,9.024898e-10,1.670539e-08,1.670539e-10,2.996918e-10,5.393198e-09,5.393198e-11
3.083753e+01,8.945148e-10,1.662665e-08,1.662665e-10,2.970672e-10,5.324161e-09,5.324161e-11
3.083967e+01,8.907993e-10,1.654856e-08,1.654856e-10,2.974471e-10,5.270925e-09,5.270925e-11
3.084181e+01,8.846993e-10,1.646084e-08,1.646084e-10,2.946680e-10,5.198272e-09,5.198272e-11
3.084394e+01,8.751219e-10,1.636916e-08,1.636916e-10,2.887010e-10,5.111669e-09,5.111669e-11
3.084608e+01,8.676038e-10,1.629445e-08,1.629445e-10,2.854054e-10,5.047399e-09,5.047399e-11
3.084822e+01,8.643096e-10,1.623459e-08,1.623459e-10,2.860952e-10,5.004085e-09,5.004085e-11
3.085035e+01,8.602349e-10,1.618021e-08,1.618021e-10,2.850060e-10,4.966462e-09,4.966462e-11
3.085249e+01,8.517939e-10,1.610874e-08,1.610874e-10,2.792939e-10,4.895805e-09,4.895805e-11
3.085463e+01,8.427639e-10,1.602537e-08,1.602537e-10,2.739142e-10,4.841295e-09,4.841295e-11
3.085676e+01,8.378604e-10,1.593290e-08,1.593290e-10,2.731367e-10,4.798472e-09,4.798472e-11
3.085890e+01,8.355258e-10,1.584219e-08,1.584219e-10,2.737780e-10,4.776611e-09,4.776611e-11
3.086104e+01,8.319128e-10,1.575134e-08,1.575134e-10,2.712432e-10,4.729801e-09,4.729801e-11
3.086317e+01,8.278259e-10,1.566258e-08,1.566258e-10,2.674316e-10,4.685433e-09,4.685433e-11
3.086531e+01,8.261722e-10,1.556992e-08,1.556992e-10,2.669911e-10,4.656334e-09,4.656334e-11
3.086745e+01,8.256574e-10,1.546114e-08,1.546114e-10,2.690051e-10,4.636432e-09,4.636432e-11
3.086959e+01,8.222759e-10,1.533483e-08,1.533483e-10,2.686580e-10,4.605181e-09,4.605181e-11
3.087172e+01,8.159462e-10,1.520227e-08,1.520227e-10,2.652394e-10,4.553750e-09,4.553750e-11
3.087386e+01,8.113501e-10,1.508312e-08,1.508312e-10,2.630295e-10,4.518379e-09,4.518379e-11
3.087600e+01,8.116974e-10,1.498048e-08,1.498048e-10,2.646078e-10,4.494433e-09,4.494433e-11
3.087813e+01,8.148941e-10,1.488946e-08,1.488946e-10,2.673116e-10,4.482848e-09,4.482848e-11
3.088027e+01,8.170767e-10,1.479281e-08,1.479281e-10,2.677887e-10,4.455368e-09,4.455368e-11
3.088241e+01,8.173043e-10,1.467667e-08,1.467667e-10,2.667813e-10,4.421867e-09,4.421867e-11
3.088454e+01,8.165814e-10,1.453620e-08,1.453620e-10,2.666265e-10,4.386272e-09,4.386272e-11
3.088668e+01,8.150380e-10,1.437942e-08,1.437942e-10,2.672105e-10,4.349039e-09,4.349039e-11
3.088882e+01,8.128622e-10,1.421551e-08,1.421551e-10,2.671111e-10,4.311340e-09,4.311340e-11
3.089095e+01,8.112172e-10,1.404814e-08,1.404814e-10,2.662097e-10,4.269455e-09,4.269455e-11
3.089309e+01,8.099614e-10,1.387548e-08,1.387548e-10,2.652637e-10,4.227919e-09,4.227919e-11
3.089523e+01,8.068292e-10,1.368826e-08,1.368826e-10,2.642458e-10,4.178854e-09,4.178854e-11
3.089736e+01,8.005027e-10,1.348729e-08,1.348729e-10,2.626616e-10,4.123001e-09,4.123001e-11
3.089950e+01,7.924993e-10,1.329193e-08,1.329193e-10,2.606157e-10,4.071624e-09,4.071624e-11
3.090164e+01,7.852702e-10,1.312145e-08,1.312145e-10,2.583745e-10,4.031230e-09,4.031230e-11
3.090377e+01,7.800090e-10,1.297759e-08,1.297759e-10,2.561132e-10,3.996668e-09,3.996668e-11
3.090591e+01,7.762744e-10,1.285618e-08,1.285618e-10,2.543880e-10,3.960496e-09,3.960496e-11
3.090805e+01,7.728506e-10,1.276072e-08,1.276072e-10,2.535372e-10,3.931207e-09,3.931207e-11
3.091018e+01,7.686498e-10,1.269327e-08,1.269327e-10,2.528670e-10,3.920991e-09,3.920991e-11
3.091232e+01,7.630311e-10,1.264698e-08,1.264698e-10,2.512306e-10,3.922384e-09,3.922384e-11
3.091446e+01,7.562999e-10,1.260550e-08,1.260550e-10,2.486100e-10,3.920907e-09,3.920907e-11
3.091659e+01,7.503153e-10,1.255869e-08,1.255869e-10,2.466822e-10,3.908015e-09,3.908015e-11
3.091873e+01,7.470301e-10,1.251585e-08,1.251585e-10,2.465730e-10,3.899584e-09,3.899584e-11
3.092087e+01,7.458151e-10,1.248895e-08,1.248895e-10,2.468809e-10,3.909166e-09,3.909166e-11
3.092300e+01,7.443726e-10,1.247004e-08,1.247004e-10,2.459218e-10,3.924952e-09,3.924952e-11
3.092514e+01,7.422237e-10,1.244095e-08,1.244095e-10,2.444819e-10,3.936310e-09,3.936310e-11
3.092728e+01,7.408893e-10,1.239590e-08,1.239590e-10,2.442503e-10,3.929939e-09,3.929939e-11
3.092941e+01,7.411943e-10,1.235686e-08,1.235686e-10,2.447740e-10,3.929034e-09,3.929034e-11
3.093155e+01,7.428171e-10,1.235010e-08,1.235010e-10,2.443145e-10,3.941439e-09,3.941439e-11
3.093369e+01,7.459896e-10,1.237849e-08,1.237849e-10,2.433063e-10,3.967430e-09,3.967430e-11
3.093582e+01,7.514457e-10,1.242370e-08,1.242370e-10,2.440277e-10,3.992134e-09,3.992134e-11
3.093796e+01,7.588822e-10,1.248405e-08,1.248405e-10,2.467663e-10,4.008370e-09,4.008370e-11
3.094010e+01,7.667695e-10,1.258199e-08,1.258199e-10,2.492277e-10,4.037563e-09,4.037563e-11
3.094223e+01,7.740950e-10,1.272824e-08,1.272824e-10,2.500993e-10,4.084106e-09,4.084106e-11
3.094437e+01,7.814046e-10,1.290742e-08,1.290742e-10,2.508957e-10,4.149301e-09,4.149301e-11
3.094651e+01,7.893540e-10,1.309594e-08,1.309594e-10,2.532328e-10,4.204680e-09,4.204680e-11
3.094864e+01,7.976663e-10,1.329911e-08,1.329911e-10,2.561417e-10,4.255527e-09,4.255527e-11
3.095078e+01,8.067046e-10,1.353950e-08,1.353950e-10,2.581504e-10,4.318240e-09,4.318240e-11
3.095292e+01,8.182243e-10,1.382593e-08,1.382593e-10,2.602577e-10,4.409332e-09,4.409332e-11
3.095506e+01,8.323696e-10,1.413107e-08,1.413107e-10,2.640567e-10,4.510899e-09,4.510899e-11
3.095719e+01,8.458726e-10,1.442108e-08,1.442108e-10,2.685522e-10,4.589976e-09,4.589976e-11
3.095933e+01,8.555882e-10,1.469332e-08,1.469332e-10,2.714408e-10,4.652037e-09,4.652037e-11
3.096147e+01,8.623337e-10,1.497076e-08,1.497076e-10,2.726682e-10,4.723264e-09,4.723264e-11
3.096360e+01,8.694099e-10,1.525853e-08,1.525853e-10,2.745371e-10,4.818335e-09,4.818335e-11
3.096574e+01,8.779047e-10,1.552752e-08,1.552752e-10,2.779602e-10,4.904284e-09,4.904284e-11
3.096788e+01,8.857123e-10,1.575433e-08,1.575433e-10,2.810841e-10,4.953967e-09,4.953967e-11
3.097001e+01,8.914725e-10,1.594747e-08,1.594747e-10,2.826841e-10,4.982147e-09,4.982147e-11
3.097215e+01,8.968251e-10,1.612499e-08,1.612499e-10,2.841647e-10,5.025162e-09,5.025162e-11
3.097429e+01,9.030814e-10,1.627493e-08,1.627493e-10,2.867030e-10,5.080574e-09,5.080574e-11
3.097642e+01,9.082941e-10,1.636760e-08,1.636760e-10,2.887928e-10,5.108662e-09,5.108662e-11
3.097856e+01,9.107201e-10,1.639233e-08,1.639233e-10,2.888051e-10,5.086919e-09,5.086919e-11
3.098070e+01,9.123290e-10,1.637824e-08,1.637824e-10,2.880866e-10,5.048894e-09,5.048894e-11
3.098283e+01,9.154581e-10,1.635658e-08,1.635658e-10,2.887247e-10,5.035226e-09,5.035226e-11
3.098497e+01,9.182104e-10,1.631778e-08,1.631778e-10,2.897393e-10,5.036068e-09,5.036068e-11
3.098711e+01,9.164150e-10,1.621843e-08,1.621843e-10,2.884658e-10,5.000665e-09,5.000665e-11
3.098924e+01,9.091773e-10,1.604025e-08,1.604025e-10,2.847416e-10,4.911141e-09,4.911141e-11
3.099138e+01,8.998529e-10,1.582127e-08,1.582127e-10,2.811594e-10,4.811675e-09,4.811675e-11
3.099352e+01,8.917479e-10,1.560867e-08,1.560867e-10,2.793117e-10,4.748094e-09,4.748094e-11
3.099565e+01,8.846924e-10,1.540958e-08,1.540958e-10,2.778328e-10,4.709420e-09,4.709420e-11
3.099779e+01,8.768956e-10,1.519803e-08,1.519803e-10,2.752484e-10,4.651344e-09,4.651344e-11
3.099993e+01,8.683420e-10,1.496486e-08,1.496486e-10,2.726167e-10,4.568223e-09,4.568223e-11
3.100206e+01,8.598694e-10,1.473062e-08,1.473062e-10,2.712018e-10,4.500596e-09,4.500596e-11
3.100420e+01,8.507131e-10,1.451818e-08,1.451818e-10,2.698053e-10,4.478451e-09,4.478451e-11
3.100634e+01,8.400541e-10,1.432708e-08,1.432708e-10,2.668867e-10,4.479009e-09,4.479009e-11
3.100847e+01,8.297849e-10,1.414718e-08,1.414718e-10,2.635614e-10,4.470712e-09,4.470712e-11
3.101061e+01,8.227199e-10,1.398831e-08,1.398831e-10,2.619555e-10,4.448420e-09,4.448420e-11
3.101275e+01,8.190219e-10,1.387969e-08,1.387969e-10,2.617370e-10,4.445794e-09,4.445794e-11
3.101488e+01,8.164420e-10,1.382112e-08,1.382112e-10,2.608372e-10,4.464303e-09,4.464303e-11
3.101702e+01,8.130978e-10,1.376989e-08,1.376989e-10,2.587702e-10,4.475043e-09,4.475043e-11
3.101916e+01,8.087125e-10,1.368856e-08,1.368856e-10,2.568048e-10,4.445130e-09,4.445130e-11
3.102129e+01,8.037390e-10,1.359537e-08,1.359537e-10,2.553412e-10,4.384685e-09,4.384685e-11
3.102343e+01,7.986744e-10,1.354326e-08,1.354326e-10,2.533441e-10,4.338005e-09,4.338005e-11
3.102557e+01,7.942449e-10,1.355989e-08,1.355989e-10,2.505948e-10,4.324548e-09,4.324548e-11
3.102770e+01,7.910180e-10,1.362537e-08,1.362537e-10,2.485199e-10,4.335602e-09,4.335602e-11
3.102984e+01,7.881986e-10,1.370216e-08,1.370216e-10,2.476863e-10,4.341650e-09,4.341650e-11
3.103198e+01,7.844880e-10,1.378185e-08,1.378185e-10,2.466299e-10,4.348529e-09,4.348529e-11
3.103411e+01,7.811308e-10,1.388698e-08,1.388698e-10,2.448369e-10,4.377757e-09,4.377757e-11
3.103625e+01,7.815398e-10,1.403837e-08,1.403837e-10,2.443471e-10,4.446294e-09,4.446294e-11
3.103839e+01,7.867526e-10,1.422938e-08,1.422938e-10,2.465146e-10,4.532815e-09,4.532815e-11
3.104052e+01,7.938603e-10,1.444354e-08,1.444354e-10,2.496079e-10,4.613072e-09,4.613072e-11
3.104266e+01,8.003177e-10,1.467098e-08,1.467098e-10,2.516960e-10,4.686812e-09,4.686812e-11
3.104480e+01,8.068480e-10,1.490212e-08,1.490212e-10,2.536634e-10,4.768659e-09,4.768659e-11
3.104694e+01,8.142521e-10,1.511044e-08,1.511044e-10,2.568569e-10,4.848281e-09,4.848281e-11
3.104907e+01,8.203581e-10,1.527253e-08,1.527253e-10,2.597987e-10,4.897900e-09,4.897900e-11
3.105121e+01,8.229045e-10,1.538803e-08,1.538803e-10,2.603463e-10,4.906785e-09,4.906785e-11
3.105335e+01,8.238886e-10,1.548287e-08,1.548287e-10,2.597526e-10,4.902461e-09,4.902461e-11
3.105548e+01,8.270506e-10,1.557224e-08,1.557224e-10,2.609677e-10,4.910241e-09,4.910241e-11
3.105762e+01,8.316453e-10,1.564326e-08,1.564326e-10,2.634672e-10,4.925250e-09,4.925250e-11
3.105976e+01,8.334338e-10,1.566834e-08,1.566834e-10,2.638238e-10,4.916768e-09,4.916768e-11
3.106189e+01,8.319128e-10,1.564281e-08,1.564281e-10,2.617611e-10,4.880323e-09,4.880323e-11
3.106403e+01,8.314016e-10,1.559254e-08,1.559254e-10,2.610697e-10,4.845874e-09,4.845874e-11
3.106617e+01,8.335032e-10,1.553687e-08,1.553687e-10,2.630320e-10,4.831582e-09,4.831582e-11
3.106830e+01,8.340579e-10,1.546916e-08,1.546916e-10,2.638718e-10,4.818165e-09,4.818165e-11
3.107044e+01,8.300614e-10,1.536515e-08,1.536515e-10,2.612325e-10,4.771363e-09,4.771363e-11
3.107258e+01,8.248672e-10,1.522796e-08,1.522796e-10,2.585515e-10,4.711963e-09,4.711963e-11
3.107471e+01,8.230194e-10,1.507602e-08,1.507602e-10,2.593928e-10,4.660107e-09,4.660107e-11
3.107685e+01,8.230630e-10,1.493094e-08,1.493094e-10,2.612292e-10,4.631042e-09,4.631042e-11
3.107899e+01,8.202554e-10,1.478657e-08,1.478657e-10,2.596718e-10,4.581064e-09,4.581064e-11
3.108112e+01,8.143809e-10,1.463364e-08,1.463364e-10,2.560414e-10,4.520051e-09,4.520051e-11
3.108326e+01,8.093582e-10,1.446436e-08,1.446436e-10,2.550169e-10,4.453471e-09,4.453471e-11
3.108540e+01,8.057825e-10,1.428472e-08,1.428472e-10,2.562853e-10,4.407024e-09,4.407024e-11
3.108753e+01,8.001635e-10,1.410557e-08,1.410557e-10,2.549555e-10,4.355426e-09,4.355426e-11
3.108967e+01,7.923913e-10,1.394631e-08,1.394631e-10,2.504311e-10,4.289598e-09,4.289598e-11
3.109181e+01,7.873276e-10,1.383754e-08,1.383754e-10,2.481009e-10,4.248601e-09,4.248601e-11
3.109394e+01,7.871477e-10,1.378745e-08,1.378745e-10,2.503880e-10,4.235989e-09,4.235989e-11
3.109608e+01,7.878130e-10,1.377915e-08,1.377915e-10,2.525620e-10,4.254152e-09,4.254152e-11
3.109822e+01,7.858042e-10,1.376051e-08,1.376051e-10,2.507565e-10,4.233142e-09,4.233142e-11
3.110035e+01,7.836339e-10,1.371422e-08,1.371422e-10,2.484485e-10,4.217929e-09,4.217929e-11
3.110249e+01,7.852440e-10,1.366097e-08,1.366097e-10,2.503606e-10,4.208205e-09,4.208205e-11
3.110463e+01,7.895277e-10,1.366107e-08,1.366107e-10,2.544563e-10,4.236509e-09,4.236509e-11
3.110676e+01,7.928263e-10,1.374836e-08,1.374836e-10,2.557674e-10,4.269560e-09,4.269560e-11
3.110890e+01,7.956585e-10,1.391609e-08,1.391609e-10,2.551252e-10,4.320170e-09,4.320170e-11
3.111104e+01,8.013992e-10,1.410611e-08,1.410611e-10,2.574615e-10,4.394618e-09,4.394618e-11
3.111317e+01,8.093575e-10,1.425187e-08,1.425187e-10,2.629336e-10,4.457710e-09,4.457710e-11
3.111531e+01,8.153748e-10,1.435090e-08,1.435090e-10,2.665536e-10,4.505138e-09,4.505138e-11
3.111745e+01,8.196026e-10,1.446552e-08,1.446552e-10,2.669572e-10,4.531788e-09,4.531788e-11
3.111958e+01,8.274014e-10,1.467334e-08,1.467334e-10,2.690157e-10,4.603242e-09,4.603242e-11
3.112172e+01,8.410594e-10,1.499067e-08,1.499067e-10,2.757356e-10,4.711850e-09,4.711850e-11
3.112386e+01,8.561897e-10,1.537960e-08,1.537960e-10,2.833980e-10,4.846851e-09,4.846851e-11
3.112599e+01,8.681040e-10,1.575597e-08,1.575597e-10,2.877589e-10,4.961270e-09,4.961270e-11
3.112813e+01,8.774767e-10,1.605899e-08,1.605899e-10,2.903398e-10,5.055696e-09,5.055696e-11
3.113027e+01,8.872798e-10,1.629428e-08,1.629428e-10,2.947816e-10,5.140057e-09,5.140057e-11
3.113241e+01,8.978814e-10,1.652859e-08,1.652859e-10,3.006742e-10,5.225487e-09,5.225487e-11
3.113454e+01,9.086203e-10,1.682457e-08,1.682457e-10,3.054416e-10,5.323258e-09,5.323258e-11
3.113668e+01,9.211375e-10,1.720051e-08,1.720051e-10,3.096069e-10,5.442662e-09,5.442662e-11
3.113882e+01,9.367947e-10,1.761163e-08,1.761163e-10,3.154608e-10,5.582615e-09,5.582615e-11
3.114095e+01,9.521641e-10,1.796311e-08,1.796311e-10,3.220684e-10,5.706319e-09,5.706319e-11
3.114309e+01,9.620101e-10,1.819105e-08,1.819105e-10,3.261718e-10,5.788727e-09,5.788727e-11
3.114523e+01,9.664414e-10,1.832464e-08,1.832464e-10,3.274062e-10,5.840116e-09,5.840116e-11
3.114736e+01,9.710200e-10,1.844979e-08,1.844979e-10,3.288800e-10,5.896618e-09,5.896618e-11
3.114950e+01,9.798095e-10,1.862027e-08,1.862027e-10,3.326059e-10,5.977130e-09,5.977130e-11
3.115164e+01,9.911949e-10,1.882752e-08,1.882752e-10,3.372649e-10,6.074013e-09,6.074013e-11
3.115377e+01,1.000889e-09,1.900775e-08,1.900775e-10,3.409820e-10,6.162730e-09,6.162730e-11
3.115591e+01,1.006272e-09,1.907807e-08,1.907807e-10,3.435636e-10,6.221283e-09,6.221283e-11
3.115805e+01,1.007066e-09,1.900424e-08,1.900424e-10,3.451839e-10,6.244812e-09,6.244812e-11
3.116018e+01,1.004111e-09,1.883375e-08,1.883375e-10,3.454048e-10,6.245705e-09,6.245705e-11
3.116232e+01,9.990203e-10,1.864440e-08,1.864440e-10,3.445839e-10,6.241638e-09,6.241638e-11
3.116446e+01,9.938341e-10,1.848386e-08,1.848386e-10,3.441539e-10,6.243979e-09,6.243979e-11
3.116659e+01,9.891666e-10,1.835419e-08,1.835419e-10,3.442870e-10,6.254494e-09,6.254494e-11
3.116873e+01,9.835244e-10,1.820570e-08,1.820570e-10,3.434215e-10,6.256230e-09,6.256230e-11
3.117087e+01,9.753664e-10,1.796396e-08,1.796396e-10,3.409879e-10,6.226642e-09,6.226642e-11
3.117300e+01,9.646810e-10,1.760775e-08,1.760775e-10,3.380527e-10,6.160047e-09,6.160047e-11
3.117514e+01,9.526443e-10,1.720015e-08,1.720015e-10,3.349777e-10,6.072355e-09,6.072355e-11
3.117728e+01,9.415002e-10,1.682745e-08,1.682745e-10,3.313164e-10,5.985542e-09,5.985542e-11
3.117941e+01,9.340101e-10,1.653579e-08,1.653579e-10,3.279856e-10,5.914319e-09,5.914319e-11
3.118155e+01,9.301811e-10,1.630988e-08,1.630988e-10,3.263923e-10,5.859446e-09,5.859446e-11
3.118369e+01,9.252419e-10,1.607929e-08,1.607929e-10,3.252095e-10,5.798628e-09,5.798628e-11
3.118582e+01,9.140633e-10,1.577080e-08,1.577080e-10,3.212548e-10,5.707157e-09,5.707157e-11
3.118796e+01,8.974564e-10,1.539268e-08,1.539268e-10,3.143261e-10,5.587537e-09,5.587537e-11
3.119010e+01,8.813590e-10,1.502796e-08,1.502796e-10,3.080751e-10,5.471623e-09,5.471623e-11
3.119223e+01,8.696705e-10,1.475279e-08,1.475279e-10,3.047694e-10,5.381439e-09,5.381439e-11
3.119437e+01,8.606121e-10,1.458690e-08,1.458690e-10,3.021938e-10,5.317022e-09,5.317022e-11
3.119651e+01,8.511710e-10,1.449423e-08,1.449423e-10,2.979734e-10,5.260408e-09,5.260408e-11
3.119864e+01,8.415654e-10,1.440646e-08,1.440646e-10,2.937875e-10,5.206472e-09,5.206472e-11
3.120078e+01,8.322798e-10,1.426228e-08,1.426228e-10,2.915629e-10,5.143470e-09,5.143470e-11
3.120292e+01,8.206855e-10,1.407406e-08,1.407406e-10,2.887770e-10,5.074719e-09,5.074719e-11
3.120505e+01,8.055332e-10,1.389583e-08,1.389583e-10,2.827431e-10,4.993615e-09,4.993615e-11
3.120719e+01,7.917252e-10,1.378643e-08,1.378643e-10,2.766236e-10,4.935446e-09,4.935446e-11
3.120933e+01,7.845110e-10,1.375493e-08,1.375493e-10,2.750103e-10,4.908410e-09,4.908410e-11
3.121146e+01,7.810980e-10,1.376613e-08,1.376613e-10,2.758294e-10,4.909640e-09,4.909640e-11
3.121360e+01,7.743387e-10,1.374384e-08,1.374384e-10,2.732921e-10,4.882792e-09,4.882792e-11
3.121574e+01,7.632739e-10,1.365240e-08,1.365240e-10,2.675579e-10,4.829167e-09,4.829167e-11
3.121787e+01,7.539831e-10,1.352992e-08,1.352992e-10,2.644932e-10,4.780875e-09,4.780875e-11
3.122001e+01,7.498106e-10,1.343626e-08,1.343626e-10,2.656317e-10,4.759960e-09,4.759960e-11
3.122215e+01,7.471650e-10,1.340243e-08,1.340243e-10,2.657182e-10,4.752587e-09,4.752587e-11
3.122429e+01,7.430529e-10,1.341115e-08,1.341115e-10,2.622425e-10,4.720827e-09,4.720827e-11
3.122642e+01,7.402535e-10,1.344345e-08,1.344345e-10,2.601846e-10,4.719025e-09,4.719025e-11
3.122856e+01,7.410361e-10,1.344958e-08,1.344958e-10,2.631035e-10,4.726563e-09,4.726563e-11
3.123070e+01,7.413345e-10,1.341214e-08,1.341214e-10,2.659802e-10,4.747570e-09,4.747570e-11
3.123283e+01,7.374406e-10,1.333599e-08,1.333599e-10,2.634922e-10,4.705715e-09,4.705715e-11
3.123497e+01,7.337153e-10,1.327584e-08,1.327584e-10,2.598208e-10,4.676510e-09,4.676510e-11
3.123711e+01,7.362631e-10,1.325812e-08,1.325812e-10,2.619865e-10,4.683085e-09,4.683085e-11
3.123924e+01,7.425642e-10,1.327735e-08,1.327735e-10,2.676662e-10,4.732436e-09,4.732436e-11
3.124138e+01,7.447879e-10,1.329094e-08,1.329094e-10,2.686799e-10,4.748424e-09,4.748424e-11
3.124352e+01,7.415535e-10,1.326654e-08,1.326654e-10,2.644588e-10,4.716897e-09,4.716897e-11
3.124565e+01,7.385959e-10,1.321216e-08,1.321216e-10,2.624347e-10,4.706035e-09,4.706035e-11
3.124779e+01,7.382196e-10,1.314737e-08,1.314737e-10,2.650051e-10,4.708535e-09,4.708535e-11
3.124993e+01,7.360715e-10,1.309952e-08,1.309952e-10,2.657839e-10,4.720701e-09,4.720701e-11
3.125206e+01,7.300741e-10,1.307020e-08,1.307020e-10,2.611267e-10,4.677908e-09,4.677908e-11
3.125420e+01,7.252389e-10,1.307574e-08,1.307574e-10,2.566546e-10,4.662428e-09,4.662428e-11
3.125634e+01,7.252730e-10,1.309600e-08,1.309600e-10,2.575940e-10,4.665097e-09,4.665097e-11
3.125847e+01,7.258240e-10,1.311052e-08,1.311052e-10,2.597874e-10,4.687442e-09,4.687442e-11
3.126061e+01,7.215718e-10,1.309519e-08,1.309519e-10,2.568280e-10,4.666100e-09,4.666100e-11
3.126275e+01,7.149441e-10,1.307023e-08,1.307023e-10,2.507828e-10,4.633190e-09,4.633190e-11
3.126488e+01,7.117558e-10,1.305690e-08,1.305690e-10,2.482786e-10,4.623510e-09,4.623510e-11
3.126702e+01,7.117941e-10,1.306215e-08,1.306215e-10,2.494708e-10,4.633869e-09,4.633869e-11
3.126916e+01,7.103167e-10,1.307276e-08,1.307276e-10,2.487715e-10,4.641417e-09,4.641417e-11
3.127129e+01,7.067387e-10,1.307378e-08,1.307378e-10,2.448497e-10,4.625675e-09,4.625675e-11
3.127343e+01,7.053331e-10,1.306349e-08,1.306349e-10,2.423656e-10,4.619622e-09,4.619622e-11
3.127557e+01,7.076511e-10,1.303862e-08,1.303862e-10,2.435425e-10,4.614450e-09,4.614450e-11
3.127770e+01,7.104051e-10,1.300894e-08,1.300894e-10,2.449328e-10,4.609105e-09,4.609105e-11
3.127984e+01,7.121632e-10,1.298421e-08,1.298421e-10,2.441592e-10,4.586766e-09,4.586766e-11
3.128198e+01,7.164776e-10,1.298524e-08,1.298524e-10,2.437696e-10,4.568314e-09,4.568314e-11
3.128411e+01,7.259546e-10,1.301849e-08,1.301849e-10,2.461371e-10,4.556315e-09,4.556315e-11
3.128625e+01,7.379837e-10,1.308752e-08,1.308752e-10,2.494809e-10,4.551041e-09,4.551041e-11
3.128839e+01,7.491858e-10,1.318844e-08,1.318844e-10,2.515157e-10,4.543652e-09,4.543652e-11
3.129052e+01,7.601340e-10,1.332471e-08,1.332471e-10,2.532259e-10,4.541343e-09,4.541343e-11
3.129266e+01,7.729874e-10,1.350053e-08,1.350053e-10,2.562591e-10,4.548580e-09,4.548580e-11
3.129480e+01,7.875529e-10,1.372053e-08,1.372053e-10,2.597243e-10,4.566132e-09,4.566132e-11
3.129693e+01,8.023468e-10,1.398549e-08,1.398549e-10,2.624100e-10,4.590848e-09,4.590848e-11
3.129907e+01,8.174022e-10,1.429257e-08,1.429257e-10,2.654072e-10,4.628769e-09,4.628769e-11
3.130121e+01,8.334918e-10,1.463457e-08,1.463457e-10,2.698496e-10,4.681630e-09,4.681630e-11
3.130334e+01,8.499833e-10,1.500151e-08,1.500151e-10,2.743691e-10,4.743928e-09,4.743928e-11
3.130548e+01,8.657405e-10,1.538646e-08,1.538646e-10,2.774763e-10,4.807651e-09,4.807651e-11
3.130762e+01,8.813491e-10,1.578464e-08,1.578464e-10,2.805832e-10,4.879534e-09,4.879534e-11
3.130976e+01,8.978339e-10,1.618844e-08,1.618844e-10,2.854754e-10,4.961816e-09,4.961816e-11
3.131189e+01,9.138788e-10,1.658498e-08,1.658498e-10,2.906215e-10,5.048198e-09,5.048198e-11
3.131403e+01,9.271988e-10,1.696128e-08,1.696128e-10,2.935902e-10,5.125372e-09,5.125372e-11
3.131617e+01,9.378485e-10,1.731157e-08,1.731157e-10,2.952853e-10,5.198463e-09,5.198463e-11
3.131830e+01,9.474001e-10,1.763539e-08,1.763539e-10,2.981780e-10,5.274032e-09,5.274032e-11
3.132044e+01,9.556890e-10,1.793086e-08,1.793086e-10,3.018253e-10,5.350944e-09,5.350944e-11
3.132258e+01,9.613681e-10,1.819071e-08,1.819071e-10,3.038010e-10,5.418101e-09,5.418101e-11
3.132471e+01,9.645513e-10,1.840431e-08,1.840431e-10,3.040025e-10,5.470984e-09,5.470984e-11
3.132685e+01,9.661228e-10,1.855995e-08,1.855995e-10,3.044056e-10,5.510287e-09,5.510287e-11
3.132899e+01,9.656041e-10,1.865048e-08,1.865048e-10,3.051901e-10,5.535130e-09,5.535130e-11
3.133112e+01,9.621841e-10,1.867597e-08,1.867597e-10,3.046406e-10,5.541723e-09,5.541723e-11
3.133326e+01,9.573717e-10,1.864635e-08,1.864635e-10,3.028048e-10,5.532181e-09,5.532181e-11
3.133540e+01,9.538470e-10,1.857336e-08,1.857336e-10,3.017928e-10,5.513856e-09,5.513856e-11
3.133753e+01,9.516651e-10,1.846574e-08,1.846574e-10,3.020376e-10,5.491836e-09,5.491836e-11
3.133967e+01,9.482974e-10,1.831880e-08,1.831880e-10,3.015305e-10,5.461205e-09,5.461205e-11
3.134181e+01,9.426504e-10,1.811708e-08,1.811708e-10,2.996058e-10,5.415080e-09,5.415080e-11
3.134394e+01,9.360821e-10,1.784771e-08,1.784771e-10,2.979845e-10,5.352638e-09,5.352638e-11
3.134608e+01,9.288186e-10,1.751777e-08,1.751777e-10,2.968788e-10,5.275950e-09,5.275950e-11
3.134822e+01,9.194150e-10,1.715592e-08,1.715592e-10,2.942379e-10,5.188604e-09,5.188604e-11
3.135035e+01,9.087293e-10,1.679419e-08,1.679419e-10,2.901940e-10,5.098462e-09,5.098462e-11
3.135249e+01,9.000811e-10,1.645435e-08,1.645435e-10,2.878205e-10,5.021844e-09,5.021844e-11
3.135463e+01,8.937390e-10,1.612714e-08,1.612714e-10,2.876793e-10,4.952603e-09,4.952603e-11
3.135676e+01,8.850979e-10,1.577998e-08,1.577998e-10,2.858806e-10,4.872853e-09,4.872853e-11
3.135890e+01,8.709846e-10,1.538274e-08,1.538274e-10,2.801925e-10,4.758750e-09,4.758750e-11
3.136104e+01,8.544695e-10,1.495576e-08,1.495576e-10,2.740052e-10,4.638148e-09,4.638148e-11
3.136317e+01,8.405313e-10,1.454965e-08,1.454965e-10,2.708984e-10,4.526528e-09,4.526528e-11
3.136531e+01,8.294521e-10,1.421330e-08,1.421330e-10,2.688827e-10,4.443232e-09,4.443232e-11
3.136745e+01,8.181085e-10,1.395767e-08,1.395767e-10,2.642476e-10,4.363478e-09,4.363478e-11
3.136958e+01,8.058479e-10,1.375355e-08,1.375355e-10,2.583156e-10,4.296027e-09,4.296027e-11
3.137172e+01,7.940725e-10,1.353051e-08,1.353051e-10,2.549256e-10,4.226680e-09,4.226680e-11
3.137386e+01,7.814012e-10,1.323548e-08,1.323548e-10,2.529326e-10,4.142402e-09,4.142402e-11
3.137599e+01,7.651465e-10,1.289196e-08,1.289196e-10,2.476532e-10,4.026257e-09,4.026257e-11
3.137813e+01,7.475225e-10,1.258419e-08,1.258419e-10,2.394712e-10,3.898454e-09,3.898454e-11
3.138027e+01,7.343352e-10,1.239142e-08,1.239142e-10,2.340948e-10,3.819784e-09,3.819784e-11
3.138240e+01,7.266173e-10,1.232526e-08,1.232526e-10,2.332593e-10,3.792294e-09,3.792294e-11
3.138454e+01,7.188451e-10,1.231776e-08,1.231776e-10,2.318185e-10,3.788651e-09,3.788651e-11
3.138668e+01,7.066515e-10,1.224977e-08,1.224977e-10,2.260695e-10,3.735419e-09,3.735419e-11
3.138881e+01,6.922433e-10,1.206987e-08,1.206987e-10,2.191938e-10,3.653169e-09,3.653169e-11
3.139095e+01,6.803906e-10,1.184220e-08,1.184220e-10,2.154631e-10,3.562347e-09,3.562347e-11
3.139309e+01,6.726485e-10,1.169075e-08,1.169075e-10,2.139017e-10,3.508990e-09,3.508990e-11
3.139522e+01,6.681196e-10,1.168873e-08,1.168873e-10,2.115179e-10,3.492352e-09,3.492352e-11
3.139736e+01,6.667305e-10,1.182505e-08,1.182505e-10,2.090174e-10,3.522707e-09,3.522707e-11
3.139950e+01,6.679075e-10,1.199130e-08,1.199130e-10,2.087947e-10,3.573980e-09,3.573980e-11
3.140164e+01,6.679927e-10,1.204884e-08,1.204884e-10,2.096057e-10,3.594980e-09,3.594980e-11
3.140377e+01,6.637536e-10,1.195525e-08,1.195525e-10,2.080819e-10,3.561286e-09,3.561286e-11
3.140591e+01,6.574692e-10,1.181156e-08,1.181156e-10,2.044862e-10,3.502256e-09,3.502256e-11
3.140805e+01,6.544291e-10,1.175450e-08,1.175450e-10,2.023984e-10,3.478430e-09,3.478430e-11
3.141018e+01,6.561312e-10,1.184460e-08,1.184460e-10,2.030588e-10,3.510834e-09,3.510834e-11
3.141232e+01,6.594013e-10,1.203619e-08,1.203619e-10,2.042272e-10,3.578283e-09,3.578283e-11
3.141446e+01,6.613212e-10,1.219614e-08,1.219614e-10,2.044726e-10,3.630805e-09,3.630805e-11
